Geo_Name,Geo_QName,Geo_GISJOIN,Geo_GISJOIN2,Geo_SUMLEV,Geo_FIPS,Geo_STATE,Geo_COUNTY,SE_T102_001,SE_T102_002,SE_T102_003,SE_T103_001,SE_T103_002,SE_T103_003,SE_T104_001,SE_T104_002,SE_T104_003,SE_T107_001,SE_T107_002,SE_T107_003
"Autauga County","Autauga County, Alabama","G0100010","0100010","11","01001","01","001",24714,2171,22543,7204,3156,4048,97,10,87,389,9,380
"Baldwin County","Baldwin County, Alabama","G0100030","0100030","11","01003","01","003",65279,7561,57718,11859,4957,6902,428,92,336,655,196,459
"Barbour County","Barbour County, Alabama","G0100050","0100050","11","01005","01","005",13522,2046,11476,10924,5493,5431,0,0,0,402,120,282
"Bibb County","Bibb County, Alabama","G0100070","0100070","11","01007","01","007",11912,1573,10339,3600,1717,1883,0,0,0,220,154,66
"Blount County","Blount County, Alabama","G0100090","0100090","11","01009","01","009",35468,6270,29198,646,255,391,98,0,98,245,74,171
"Bullock County","Bullock County, Alabama","G0100110","0100110","11","01011","01","011",0,0,0,7129,3301,3828,0,0,0,145,77,68
"Butler County","Butler County, Alabama","G0100130","0100130","11","01013","01","013",13091,1822,11269,8304,3980,4324,0,0,0,266,148,118
"Calhoun County","Calhoun County, Alabama","G0100150","0100150","11","01015","01","015",91742,11145,80597,18950,6953,11997,213,62,151,1073,259,814
"Chambers County","Chambers County, Alabama","G0100170","0100170","11","01017","01","017",25054,2529,22525,13804,4402,9402,0,0,0,211,65,146
"Cherokee County","Cherokee County, Alabama","G0100190","0100190","11","01019","01","019",17081,3229,13852,1545,240,1305,0,0,0,110,11,99
"Chilton County","Chilton County, Alabama","G0100210","0100210","11","01021","01","021",26784,4464,22320,3562,1528,2034,0,0,0,182,95,87
"Choctaw County","Choctaw County, Alabama","G0100230","0100230","11","01023","01","023",9480,1862,7618,7298,3417,3881,0,0,0,193,86,107
"Clarke County","Clarke County, Alabama","G0100250","0100250","11","01025","01","025",15557,1872,13685,11670,5308,6362,87,23,64,304,148,156
"Clay County","Clay County, Alabama","G0100270","0100270","11","01027","01","027",11408,2020,9388,0,0,0,0,0,0,121,7,114
"Cleburne County","Cleburne County, Alabama","G0100290","0100290","11","01029","01","029",11873,1874,9999,647,219,428,0,0,0,0,0,0
"Coffee County","Coffee County, Alabama","G0100310","0100310","11","01031","01","031",31445,3781,27664,6473,2435,4038,120,5,115,391,78,313
"Colbert County","Colbert County, Alabama","G0100330","0100330","11","01033","01","033",44971,5400,39571,9075,2462,6613,63,0,63,183,60,123
"Conecuh County","Conecuh County, Alabama","G0100350","0100350","11","01035","01","035",9268,1590,7678,0,0,0,0,0,0,188,25,163
"Coosa County","Coosa County, Alabama","G0100370","0100370","11","01037","01","037",7396,1537,5859,0,0,0,0,0,0,43,15,28
"Covington County","Covington County, Alabama","G0100390","0100390","11","01039","01","039",31608,5510,26098,4756,1751,3005,0,0,0,301,121,180
"Crenshaw County","Crenshaw County, Alabama","G0100410","0100410","11","01041","01","041",10284,2306,7978,3650,1842,1808,0,0,0,34,15,19
"Cullman County","Cullman County, Alabama","G0100430","0100430","11","01043","01","043",60386,10569,49817,548,86,462,103,29,74,308,40,268
"Dale County","Dale County, Alabama","G0100450","0100450","11","01045","01","045",36109,4311,31798,6972,2851,4121,333,18,315,821,92,729
"Dallas County","Dallas County, Alabama","G0100470","0100470","11","01047","01","047",24104,2183,21921,28957,14960,13997,0,0,0,587,233,354
"De Kalb County","De Kalb County, Alabama","G0100490","0100490","11","01049","01","049",52155,9991,42164,962,380,582,120,0,120,363,105,258
"Elmore County","Elmore County, Alabama","G0100510","0100510","11","01051","01","051",32679,3389,29290,8846,4166,4680,0,0,0,416,184,232
"Escambia County","Escambia County, Alabama","G0100530","0100530","11","01053","01","053",25409,3372,22037,10421,4224,6197,955,145,810,236,106,130
"Etowah County","Etowah County, Alabama","G0100550","0100550","11","01055","01","055",87594,11908,75686,13588,4242,9346,486,227,259,422,147,275
"Fayette County","Fayette County, Alabama","G0100570","0100570","11","01057","01","057",16279,2585,13694,2347,756,1591,0,0,0,99,30,69
"Franklin County","Franklin County, Alabama","G0100590","0100590","11","01059","01","059",26733,4401,22332,1274,394,880,30,7,23,112,51,61
"Geneva County","Geneva County, Alabama","G0100610","0100610","11","01061","01","061",20897,3477,17420,3072,1506,1566,123,46,77,284,100,184
"Greene County","Greene County, Alabama","G0100630","0100630","11","01063","01","063",2368,216,2152,8553,4772,3781,0,0,0,201,50,151
"Hale County","Hale County, Alabama","G0100650","0100650","11","01065","01","065",5590,587,5003,9729,5467,4262,0,0,0,346,148,198
"Henry County","Henry County, Alabama","G0100670","0100670","11","01067","01","067",9480,1148,8332,5761,2319,3442,0,0,0,231,121,110
"Houston County","Houston County, Alabama","G0100690","0100690","11","01069","01","069",57184,5683,51501,16384,6671,9713,242,60,182,576,222,354
"Jackson County","Jackson County, Alabama","G0100710","0100710","11","01071","01","071",48735,7482,41253,2065,562,1503,270,0,270,263,94,169
"Jefferson County","Jefferson County, Alabama","G0100730","0100730","11","01073","01","073",438015,32912,405103,221497,68091,153406,730,123,607,4782,1310,3472
"Lamar County","Lamar County, Alabama","G0100750","0100750","11","01075","01","075",14274,2197,12077,1954,756,1198,0,0,0,86,12,74
"Lauderdale County","Lauderdale County, Alabama","G0100770","0100770","11","01077","01","077",70815,8597,62218,7498,2914,4584,244,103,141,470,157,313
"Lawrence County","Lawrence County, Alabama","G0100790","0100790","11","01079","01","079",24866,4927,19939,5058,2116,2942,0,0,0,165,21,144
"Lee County","Lee County, Alabama","G0100810","0100810","11","01081","01","081",52406,9885,42521,18395,6787,11608,118,15,103,444,169,275
"Limestone County","Limestone County, Alabama","G0100830","0100830","11","01083","01","083",38796,5627,33169,6525,2073,4452,0,0,0,217,121,96
"Lowndes County","Lowndes County, Alabama","G0100850","0100850","11","01085","01","085",0,0,0,9907,5613,4294,0,0,0,216,87,129
"Macon County","Macon County, Alabama","G0100870","0100870","11","01087","01","087",3715,499,3216,20247,7336,12911,0,0,0,257,194,63
"Madison County","Madison County, Alabama","G0100890","0100890","11","01089","01","089",153278,14431,138847,35595,11537,24058,662,105,557,1967,462,1505
"Marengo County","Marengo County, Alabama","G0100910","0100910","11","01091","01","091",0,0,0,13226,7121,6105,0,0,0,471,208,263
"Marion County","Marion County, Alabama","G0100930","0100930","11","01093","01","093",28957,4552,24405,717,182,535,0,0,0,210,18,192
"Marshall County","Marshall County, Alabama","G0100950","0100950","11","01095","01","095",63815,10472,53343,969,231,738,68,21,47,450,178,272
"Mobile County","Mobile County, Alabama","G0100970","0100970","11","01097","01","097",242163,23628,218535,113474,43286,70188,1299,302,997,3802,789,3013
"Monroe County","Monroe County, Alabama","G0100990","0100990","11","01099","01","099",12703,1423,11280,9683,4399,5284,130,7,123,178,137,41
"Montgomery County","Montgomery County, Alabama","G0101010","0101010","11","01101","01","101",115204,8158,107046,75075,28863,46212,156,8,148,1784,394,1390
"Morgan County","Morgan County, Alabama","G0101030","0101030","11","01103","01","103",80168,8994,71174,8608,3330,5278,80,9,71,586,134,452
"Perry County","Perry County, Alabama","G0101050","0101050","11","01105","01","105",5678,1431,4247,8963,4972,3991,0,0,0,256,176,80
"Pickens County","Pickens County, Alabama","G0101070","0101070","11","01107","01","107",12297,1469,10828,8881,4276,4605,0,0,0,149,31,118
"Pike County","Pike County, Alabama","G0101090","0101090","11","01109","01","109",16654,2565,14089,9496,4587,4909,36,7,29,210,111,99
"Randolph County","Randolph County, Alabama","G0101110","0101110","11","01111","01","111",15058,2435,12623,4785,2167,2618,0,0,0,172,56,116
"Russell County","Russell County, Alabama","G0101130","0101130","11","01113","01","113",28319,4081,24238,18509,7513,10996,65,6,59,407,146,261
"St. Clair County","St. Clair County, Alabama","G0101150","0101150","11","01115","01","115",36609,4788,31821,4094,1552,2542,86,28,58,248,55,193
"Shelby County","Shelby County, Alabama","G0101170","0101170","11","01117","01","117",57530,5581,51949,6732,2385,4347,0,0,0,510,121,389
"Sumter County","Sumter County, Alabama","G0101190","0101190","11","01119","01","119",4775,385,4390,11526,5117,6409,0,0,0,190,102,88
"Talladega County","Talladega County, Alabama","G0101210","0101210","11","01121","01","121",50121,7000,43121,21764,7943,13821,40,20,20,740,319,421
"Tallapoosa County","Tallapoosa County, Alabama","G0101230","0101230","11","01123","01","123",27516,3072,24444,10334,3414,6920,0,0,0,309,66,243
"Tuscaloosa County","Tuscaloosa County, Alabama","G0101250","0101250","11","01125","01","125",92542,12695,79847,35024,13898,21126,83,5,78,1020,291,729
"Walker County","Walker County, Alabama","G0101270","0101270","11","01127","01","127",63027,9200,53827,4754,1901,2853,135,25,110,418,163,255
"Washington County","Washington County, Alabama","G0101290","0101290","11","01129","01","129",11259,1786,9473,4714,1757,2957,0,0,0,208,97,111
"Wilcox County","Wilcox County, Alabama","G0101310","0101310","11","01131","01","131",4532,567,3965,10083,6061,4022,0,0,0,345,301,44
"Winston County","Winston County, Alabama","G0101330","0101330","11","01133","01","133",21514,3894,17620,145,57,88,35,0,35,139,47,92
"Aleutian Islands Census Area","Aleutian Islands Census Area, Alaska","G0200100","0200100","11","02010","02","010",3400,324,3076,95,0,95,1894,320,1574,156,9,147
"Anchorage Borough","Anchorage Borough, Alaska","G0200200","0200200","11","02020","02","020",146163,9214,136949,8598,911,7687,8580,1807,6773,4806,566,4240
"Bethel Census Area","Bethel Census Area, Alaska","G0200500","0200500","11","02050","02","050",1557,157,1400,36,5,31,9189,3235,5954,56,0,56
"Bristol Bay Borough","Bristol Bay Borough, Alaska","G0200600","0200600","11","02060","02","060",390,10,380,0,0,0,354,21,333,13,0,13
"Dillingham Census Area","Dillingham Census Area, Alaska","G0200700","0200700","11","02070","02","070",1057,99,958,0,0,0,3509,945,2564,0,0,0
"Fairbanks North Star Borough","Fairbanks North Star Borough, Alaska","G0200900","0200900","11","02090","02","090",43692,3646,40046,2604,350,2254,2816,640,2176,1344,192,1152
"Haines Borough","Haines Borough, Alaska","G0201000","0201000","11","02100","02","100",1431,170,1261,0,0,0,214,56,158,0,0,0
"Juneau Borough","Juneau Borough, Alaska","G0201100","0201100","11","02110","02","110",16486,613,15873,68,0,68,2078,180,1898,301,41,260
"Kenai Peninsula Borough","Kenai Peninsula Borough, Alaska","G0201220","0201220","11","02122","02","122",23017,2573,20444,93,17,76,1664,299,1365,341,18,323
"Ketchikan Gateway Borough","Ketchikan Gateway Borough, Alaska","G0201300","0201300","11","02130","02","130",9347,571,8776,0,0,0,1370,201,1169,212,48,164
"Kobuk Census Area","Kobuk Census Area, Alaska","G0201400","0201400","11","02140","02","140",657,43,614,0,0,0,4109,1245,2864,31,4,27
"Kodiak Island Borough","Kodiak Island Borough, Alaska","G0201500","0201500","11","02150","02","150",6754,445,6309,75,5,70,1820,492,1328,333,23,310
"Matanuska-Susitna Borough","Matanuska-Susitna Borough, Alaska","G0201700","0201700","11","02170","02","170",16650,2192,14458,50,6,44,686,184,502,168,46,122
"Nome Census Area","Nome Census Area, Alaska","G0201800","0201800","11","02180","02","180",1267,97,1170,0,0,0,5157,1734,3423,35,2,33
"North Slope Borough","North Slope Borough, Alaska","G0201850","0201850","11","02185","02","185",727,48,679,0,0,0,3199,398,2801,30,2,28
"Prince Of Wales-Outer Ketchikan Census Area","Prince Of Wales-Outer Ketchikan Census Area, Alaska","G0202010","0202010","11","02201","02","201",2057,259,1798,37,0,37,1644,160,1484,0,0,0
"Sitka Borough","Sitka Borough, Alaska","G0202200","0202200","11","02220","02","220",5537,168,5369,6,0,6,1602,188,1414,125,15,110
"Skagway-Yakutat-Angoon Census Area","Skagway-Yakutat-Angoon Census Area, Alaska","G0202310","0202310","11","02231","02","231",1919,216,1703,0,0,0,1449,231,1218,0,0,0
"Southeast Fairbanks Census Area","Southeast Fairbanks Census Area, Alaska","G0202400","0202400","11","02240","02","240",4222,695,3527,175,5,170,708,159,549,175,46,129
"Valdez-Cordova Census Area","Valdez-Cordova Census Area, Alaska","G0202610","0202610","11","02261","02","261",6906,756,6150,25,0,25,971,193,778,124,20,104
"Wade Hampton Census Area","Wade Hampton Census Area, Alaska","G0202700","0202700","11","02270","02","270",216,16,200,0,0,0,4402,1744,2658,0,0,0
"Wrangell-Petersburg Census Area","Wrangell-Petersburg Census Area, Alaska","G0202800","0202800","11","02280","02","280",4785,307,4478,0,0,0,1165,56,1109,67,0,67
"Yukon-Koyukuk Census Area","Yukon-Koyukuk Census Area, Alaska","G0202900","0202900","11","02290","02","290",2862,431,2431,24,2,22,4325,1680,2645,48,18,30
"Apache County","Apache County, Arizona","G0400010","0400010","11","04001","04","001",11964,1470,10494,279,25,254,38638,19139,19499,1842,224,1618
"Cochise County","Cochise County, Arizona","G0400030","0400030","11","04003","04","003",72592,10233,62359,2647,492,2155,413,67,346,22477,5587,16890
"Coconino County","Coconino County, Arizona","G0400050","0400050","11","04005","04","005",44737,4866,39871,1231,378,853,20519,8453,12066,6928,942,5986
"Gila County","Gila County, Arizona","G0400070","0400070","11","04007","04","007",30053,3612,26441,81,0,81,5022,2172,2850,7719,1199,6520
"Graham County","Graham County, Arizona","G0400090","0400090","11","04009","04","009",16496,2387,14109,252,189,63,2536,1231,1305,5103,886,4217
"Greenlee County","Greenlee County, Arizona","G0400110","0400110","11","04011","04","011",9304,736,8568,0,0,0,330,40,290,5423,573,4850
"Maricopa County","Maricopa County, Arizona","G0400130","0400130","11","04013","04","013",1303495,110490,1193005,46493,12744,33749,22298,7210,15088,196938,43015,153923
"Mohave County","Mohave County, Arizona","G0400150","0400150","11","04015","04","015",52725,5734,46991,89,9,80,1648,370,1278,2125,171,1954
"Navajo County","Navajo County, Arizona","G0400170","0400170","11","04017","04","017",32698,3211,29487,600,211,389,32025,16231,15794,4712,855,3857
"Pima County","Pima County, Arizona","G0400190","0400190","11","04019","04","019",438088,46986,391102,13589,3083,10506,14721,5897,8824,109870,21615,88255
"Pinal County","Pinal County, Arizona","G0400210","0400210","11","04021","04","021",61570,7306,54264,2541,1065,1476,8296,3933,4363,25943,5511,20432
"Santa Cruz County","Santa Cruz County, Arizona","G0400230","0400230","11","04023","04","023",16200,2273,13927,105,0,105,79,44,35,15199,3400,11799
"Yavapai County","Yavapai County, Arizona","G0400250","0400250","11","04025","04","025",64127,7947,56180,185,20,165,982,289,693,4148,839,3309
"Yuma County","Yuma County, Arizona","G0400270","0400270","11","04027","04","027",65461,7627,57834,2033,734,1299,3104,1213,1891,29085,6975,22110
"Arkansas County","Arkansas County, Arkansas","G0500010","0500010","11","05001","05","001",18979,2538,16441,4758,2125,2633,88,7,81,78,8,70
"Ashley County","Ashley County, Arkansas","G0500030","0500030","11","05003","05","003",19035,2468,16567,7093,2995,4098,65,19,46,117,43,74
"Baxter County","Baxter County, Arkansas","G0500050","0500050","11","05005","05","005",26959,3274,23685,0,0,0,126,8,118,127,21,106
"Benton County","Benton County, Arkansas","G0500070","0500070","11","05007","05","007",75012,8221,66791,26,8,18,1276,224,1052,709,120,589
"Boone County","Boone County, Arkansas","G0500090","0500090","11","05009","05","009",25637,4426,21211,0,0,0,66,17,49,233,75,158
"Bradley County","Bradley County, Arkansas","G0500110","0500110","11","05011","05","011",9516,1863,7653,3989,1672,2317,0,0,0,107,22,85
"Calhoun County","Calhoun County, Arkansas","G0500130","0500130","11","05013","05","013",4156,622,3534,0,0,0,0,0,0,0,0,0
"Carroll County","Carroll County, Arkansas","G0500150","0500150","11","05015","05","015",16070,2980,13090,0,0,0,39,2,37,108,30,78
"Chicot County","Chicot County, Arkansas","G0500170","0500170","11","05017","05","017",8180,1535,6645,9365,5530,3835,75,0,75,93,60,33
"Clark County","Clark County, Arkansas","G0500190","0500190","11","05019","05","019",16329,2209,14120,4561,1567,2994,23,7,16,141,31,110
"Clay County","Clay County, Arkansas","G0500210","0500210","11","05021","05","021",20365,4583,15782,0,0,0,0,0,0,67,2,65
"Cleburne County","Cleburne County, Arkansas","G0500230","0500230","11","05023","05","023",16686,3369,13317,0,0,0,41,0,41,59,11,48
"Cleveland County","Cleveland County, Arkansas","G0500250","0500250","11","05025","05","025",6612,737,5875,1168,625,543,0,0,0,0,0,0
"Columbia County","Columbia County, Arkansas","G0500270","0500270","11","05027","05","027",16532,1793,14739,8924,4044,4880,130,13,117,168,78,90
"Conway County","Conway County, Arkansas","G0500290","0500290","11","05029","05","029",16137,2377,13760,2943,918,2025,87,56,31,60,19,41
"Craighead County","Craighead County, Arkansas","G0500310","0500310","11","05031","05","031",57586,8148,49438,2325,779,1546,231,35,196,333,142,191
"Crawford County","Crawford County, Arkansas","G0500330","0500330","11","05033","05","033",34967,5584,29383,425,147,278,1004,131,873,276,69,207
"Crittenden County","Crittenden County, Arkansas","G0500350","0500350","11","05035","05","035",27586,2961,24625,21055,12332,8723,106,35,71,422,190,232
"Cross County","Cross County, Arkansas","G0500370","0500370","11","05037","05","037",15141,2289,12852,4934,2208,2726,36,19,17,84,38,46
"Dallas County","Dallas County, Arkansas","G0500390","0500390","11","05039","05","039",6410,519,5891,3846,1263,2583,0,0,0,60,7,53
"Desha County","Desha County, Arkansas","G0500410","0500410","11","05041","05","041",11106,1356,9750,8361,3905,4456,58,8,50,226,33,193
"Drew County","Drew County, Arkansas","G0500430","0500430","11","05043","05","043",12444,1497,10947,4699,1544,3155,58,14,44,46,0,46
"Faulkner County","Faulkner County, Arkansas","G0500450","0500450","11","05045","05","045",39448,5126,34322,3015,647,2368,121,5,116,113,0,113
"Franklin County","Franklin County, Arkansas","G0500470","0500470","11","05047","05","047",13875,2396,11479,123,88,35,243,73,170,194,50,144
"Fulton County","Fulton County, Arkansas","G0500490","0500490","11","05049","05","049",9780,2117,7663,0,0,0,0,0,0,33,4,29
"Garland County","Garland County, Arkansas","G0500510","0500510","11","05051","05","051",63145,8521,54624,5680,2046,3634,370,47,323,552,219,333
"Grant County","Grant County, Arkansas","G0500530","0500530","11","05053","05","053",12372,1800,10572,418,129,289,62,29,33,95,0,95
"Greene County","Greene County, Arkansas","G0500550","0500550","11","05055","05","055",30145,5424,24721,0,0,0,132,12,120,147,41,106
"Hempstead County","Hempstead County, Arkansas","G0500570","0500570","11","05057","05","057",16300,1800,14500,7020,2681,4339,71,0,71,102,10,92
"Hot Spring County","Hot Spring County, Arkansas","G0500590","0500590","11","05059","05","059",23362,3455,19907,2949,970,1979,164,30,134,216,54,162
"Howard County","Howard County, Arkansas","G0500610","0500610","11","05061","05","061",10697,1363,9334,2375,728,1647,44,18,26,87,28,59
"Independence County","Independence County, Arkansas","G0500630","0500630","11","05063","05","063",28790,4401,24389,494,174,320,254,18,236,338,150,188
"Izard County","Izard County, Arkansas","G0500650","0500650","11","05065","05","065",10531,2225,8306,0,0,0,30,4,26,85,26,59
"Jackson County","Jackson County, Arkansas","G0500670","0500670","11","05067","05","067",18582,3710,14872,2766,1251,1515,0,0,0,30,8,22
"Jefferson County","Jefferson County, Arkansas","G0500690","0500690","11","05069","05","069",52138,5179,46959,35096,14619,20477,263,33,230,926,353,573
"Johnson County","Johnson County, Arkansas","G0500710","0500710","11","05071","05","071",16663,2945,13718,203,44,159,68,48,20,104,35,69
"Lafayette County","Lafayette County, Arkansas","G0500730","0500730","11","05073","05","073",5893,898,4995,4140,2312,1828,0,0,0,89,26,63
"Lawrence County","Lawrence County, Arkansas","G0500750","0500750","11","05075","05","075",18072,4058,14014,26,13,13,90,35,55,31,8,23
"Lee County","Lee County, Arkansas","G0500770","0500770","11","05077","05","077",6814,1349,5465,8409,5387,3022,0,0,0,202,175,27
"Lincoln County","Lincoln County, Arkansas","G0500790","0500790","11","05079","05","079",7682,1057,6625,3934,2047,1887,0,0,0,45,5,40
"Little River County","Little River County, Arkansas","G0500810","0500810","11","05081","05","081",10268,1332,8936,3456,1342,2114,46,3,43,79,75,4
"Logan County","Logan County, Arkansas","G0500830","0500830","11","05083","05","083",19006,4187,14819,234,74,160,112,56,56,56,21,35
"Lonoke County","Lonoke County, Arkansas","G0500850","0500850","11","05085","05","085",29655,4198,25457,4127,1841,2286,118,8,110,214,41,173
"Madison County","Madison County, Arkansas","G0500870","0500870","11","05087","05","087",11135,2342,8793,0,0,0,111,12,99,38,38,0
"Marion County","Marion County, Arkansas","G0500890","0500890","11","05089","05","089",11135,2546,8589,0,0,0,114,91,23,93,10,83
"Miller County","Miller County, Arkansas","G0500910","0500910","11","05091","05","091",28733,3803,24930,8266,3288,4978,249,56,193,174,55,119
"Mississippi County","Mississippi County, Arkansas","G0500930","0500930","11","05093","05","093",41951,7080,34871,15900,8142,7758,57,17,40,672,349,323
"Monroe County","Monroe County, Arkansas","G0500950","0500950","11","05095","05","095",8152,1644,6508,5694,3164,2530,0,0,0,224,91,133
"Montgomery County","Montgomery County, Arkansas","G0500970","0500970","11","05097","05","097",7590,1719,5871,0,0,0,49,6,43,98,31,67
"Nevada County","Nevada County, Arkansas","G0500990","0500990","11","05099","05","099",7566,927,6639,3323,1499,1824,0,0,0,116,49,67
"Newton County","Newton County, Arkansas","G0501010","0501010","11","05101","05","101",7670,2449,5221,0,0,0,0,0,0,70,16,54
"Ouachita County","Ouachita County, Arkansas","G0501030","0501030","11","05103","05","103",19060,1842,17218,10905,4452,6453,138,19,119,171,0,171
"Perry County","Perry County, Arkansas","G0501050","0501050","11","05105","05","105",7066,1136,5930,132,62,70,41,12,29,0,0,0
"Phillips County","Phillips County, Arkansas","G0501070","0501070","11","05107","05","107",15826,2303,13523,18218,11258,6960,180,80,100,500,215,285
"Pike County","Pike County, Arkansas","G0501090","0501090","11","05109","05","109",9769,1730,8039,391,145,246,73,16,57,0,0,0
"Poinsett County","Poinsett County, Arkansas","G0501110","0501110","11","05111","05","111",25043,5170,19873,1755,859,896,53,15,38,115,43,72
"Polk County","Polk County, Arkansas","G0501130","0501130","11","05113","05","113",16653,3812,12841,0,0,0,106,28,78,142,24,118
"Pope County","Pope County, Arkansas","G0501150","0501150","11","05115","05","115",36273,5677,30596,778,327,451,401,135,266,186,41,145
"Prairie County","Prairie County, Arkansas","G0501170","0501170","11","05117","05","117",8666,1673,6993,1412,720,692,0,0,0,88,29,59
"Pulaski County","Pulaski County, Arkansas","G0501190","0501190","11","05119","05","119",249902,18778,231124,79710,23237,56473,1344,139,1205,3286,630,2656
"Randolph County","Randolph County, Arkansas","G0501210","0501210","11","05121","05","121",16418,3141,13277,265,71,194,0,0,0,73,17,56
"St. Francis County","St. Francis County, Arkansas","G0501230","0501230","11","05123","05","123",16293,2799,13494,14028,7455,6573,37,7,30,327,160,167
"Saline County","Saline County, Arkansas","G0501250","0501250","11","05125","05","125",50119,4547,45572,1090,388,702,274,8,266,319,32,287
"Scott County","Scott County, Arkansas","G0501270","0501270","11","05127","05","127",9467,2259,7208,0,0,0,120,33,87,113,12,101
"Searcy County","Searcy County, Arkansas","G0501290","0501290","11","05129","05","129",8714,2671,6043,0,0,0,0,0,0,0,0,0
"Sebastian County","Sebastian County, Arkansas","G0501310","0501310","11","05131","05","131",86087,10190,75897,4785,1708,3077,1316,162,1154,722,186,536
"Sevier County","Sevier County, Arkansas","G0501330","0501330","11","05133","05","133",12929,2000,10929,772,330,442,132,22,110,115,29,86
"Sharp County","Sharp County, Arkansas","G0501350","0501350","11","05135","05","135",14303,3363,10940,82,20,62,124,26,98,92,50,42
"Stone County","Stone County, Arkansas","G0501370","0501370","11","05137","05","137",8853,2679,6174,0,0,0,0,0,0,0,0,0
"Union County","Union County, Arkansas","G0501390","0501390","11","05139","05","139",33900,3959,29941,13818,5682,8136,93,14,79,147,57,90
"Van Buren County","Van Buren County, Arkansas","G0501410","0501410","11","05141","05","141",13124,2543,10581,40,0,40,36,7,29,138,57,81
"Washington County","Washington County, Arkansas","G0501430","0501430","11","05143","05","143",91972,13380,78592,1049,327,722,1006,148,858,739,267,472
"White County","White County, Arkansas","G0501450","0501450","11","05145","05","145",46394,8241,38153,1579,602,977,159,48,111,188,34,154
"Woodruff County","Woodruff County, Arkansas","G0501470","0501470","11","05147","05","147",7642,1696,5946,3478,1970,1508,0,0,0,69,28,41
"Yell County","Yell County, Arkansas","G0501490","0501490","11","05149","05","149",16260,3133,13127,346,148,198,88,18,70,58,23,35
"Alameda County","Alameda County, California","G0600010","0600010","11","06001","06","001",730543,54738,675805,199831,45935,153896,7971,1130,6841,127450,16068,111382
"Alpine County","Alpine County, California","G0600030","0600030","11","06003","06","003",908,117,791,0,0,0,167,88,79,41,0,41
"Amador County","Amador County, California","G0600050","0600050","11","06005","06","005",18076,1633,16443,56,0,56,263,22,241,756,93,663
"Butte County","Butte County, California","G0600070","0600070","11","06007","06","007",131004,18673,112331,1457,376,1081,2204,428,1776,7253,1717,5536
"Calaveras County","Calaveras County, California","G0600090","0600090","11","06009","06","009",19764,1931,17833,108,35,73,366,50,316,934,130,804
"Colusa County","Colusa County, California","G0600110","0600110","11","06011","06","011",10072,934,9138,108,9,99,257,55,202,2473,351,2122
"Contra Costa County","Contra Costa County, California","G0600130","0600130","11","06013","06","013",532414,29857,502557,59210,12964,46246,4929,557,4372,55592,6869,48723
"Del Norte County","Del Norte County, California","G0600150","0600150","11","06015","06","015",16025,1914,14111,34,12,22,1273,293,980,1101,171,930
"El Dorado County","El Dorado County, California","G0600170","0600170","11","06017","06","017",81437,6899,74538,410,50,360,1021,141,880,3883,568,3315
"Fresno County","Fresno County, California","G0600190","0600190","11","06019","06","019",378167,40918,337249,25137,7516,17621,5926,1461,4465,148335,37382,110953
"Glenn County","Glenn County, California","G0600210","0600210","11","06021","06","021",18724,2245,16479,0,0,0,347,135,212,2495,434,2061
"Humboldt County","Humboldt County, California","G0600230","0600230","11","06023","06","023",97283,13055,84228,710,166,544,5634,1299,4335,3746,759,2987
"Imperial County","Imperial County, California","G0600250","0600250","11","06025","06","025",51667,5484,46183,2407,387,2020,1291,260,1031,50808,10397,40411
"Inyo County","Inyo County, California","G0600270","0600270","11","06027","06","027",15790,1361,14429,0,0,0,1577,429,1148,1096,152,944
"Kern County","Kern County, California","G0600290","0600290","11","06029","06","029",307001,28360,278641,19862,5689,14173,6749,945,5804,85725,19802,65923
"Kings County","Kings County, California","G0600310","0600310","11","06031","06","031",53740,5908,47832,3344,1179,2165,898,332,566,19534,4409,15125
"Lake County","Lake County, California","G0600330","0600330","11","06033","06","033",33702,4072,29630,326,107,219,880,220,660,1872,467,1405
"Lassen County","Lassen County, California","G0600350","0600350","11","06035","06","035",18475,1648,16827,235,65,170,588,141,447,1052,202,850
"Los Angeles County","Los Angeles County, California","G0600370","0600370","11","06037","06","037",5035275,496943,4538332,923970,212992,710978,53581,9101,44480,2043004,419277,1623727
"Madera County","Madera County, California","G0600390","0600390","11","06039","06","039",47237,5617,41620,2026,516,1510,1101,229,872,16851,4725,12126
"Marin County","Marin County, California","G0600410","0600410","11","06041","06","041",202400,13267,189133,4397,740,3657,819,90,729,8362,650,7712
"Mariposa County","Mariposa County, California","G0600430","0600430","11","06043","06","043",10300,1144,9156,78,23,55,341,71,270,450,74,376
"Mendocino County","Mendocino County, California","G0600450","0600450","11","06045","06","045",60692,7070,53622,278,26,252,2272,595,1677,3520,689,2831
"Merced County","Merced County, California","G0600470","0600470","11","06047","06","047",103239,12365,90874,6398,1600,4798,1267,295,972,33654,8343,25311
"Modoc County","Modoc County, California","G0600490","0600490","11","06049","06","049",7958,1063,6895,0,0,0,250,139,111,370,18,352
"Mono County","Mono County, California","G0600510","0600510","11","06051","06","051",7955,769,7186,0,0,0,321,129,192,381,69,312
"Monterey County","Monterey County, California","G0600530","0600530","11","06053","06","053",191166,16680,174486,13843,2414,11429,3178,549,2629,72006,13387,58619
"Napa County","Napa County, California","G0600550","0600550","11","06055","06","055",86372,6451,79921,584,78,506,899,93,806,8251,1375,6876
"Nevada County","Nevada County, California","G0600570","0600570","11","06057","06","057",49521,4243,45278,74,12,62,766,162,604,1544,149,1395
"Orange County","Orange County, California","G0600590","0600590","11","06059","06","059",1659977,99799,1560178,23015,2956,20059,16235,1929,14306,281494,41332,240162
"Placer County","Placer County, California","G0600610","0600610","11","06061","06","061",108863,9198,99665,407,29,378,1330,165,1165,8113,894,7219
"Plumas County","Plumas County, California","G0600630","0600630","11","06063","06","063",16228,1447,14781,176,54,122,519,97,422,597,43,554
"Riverside County","Riverside County, California","G0600650","0600650","11","06065","06","065",540576,49041,491535,29821,7149,22672,7987,1520,6467,122042,22913,99129
"Sacramento County","Sacramento County, California","G0600670","0600670","11","06067","06","067",625056,57445,567611,56994,13699,43295,9767,2303,7464,72560,13248,59312
"San Benito County","San Benito County, California","G0600690","0600690","11","06069","06","069",18280,1988,16292,38,0,38,354,57,297,11294,2076,9218
"San Bernardino County","San Bernardino County, California","G0600710","0600710","11","06071","06","071",726228,68545,657683,43703,9052,34651,11542,2277,9265,162031,27911,134120
"San Diego County","San Diego County, California","G0600730","0600730","11","06073","06","073",1448614,134707,1313907,91898,18638,73260,14999,2684,12315,263944,55028,208916
"San Francisco County","San Francisco County, California","G0600750","0600750","11","06075","06","075",392981,43468,349513,83869,21045,62824,3427,848,2579,82833,14146,68687
"San Joaquin County","San Joaquin County, California","G0600770","0600770","11","06077","06","077",260120,26381,233739,18037,5342,12695,4324,765,3559,64954,14821,50133
"San Luis Obispo County","San Luis Obispo County, California","G0600790","0600790","11","06079","06","079",133641,17334,116307,1358,195,1163,2143,416,1727,13404,2976,10428
"San Mateo County","San Mateo County, California","G0600810","0600810","11","06081","06","081",459954,23433,436521,34744,4538,30206,2304,304,2000,72080,7584,64496
"Santa Barbara County","Santa Barbara County, California","G0600830","0600830","11","06083","06","083",243136,22877,220259,7406,1276,6130,3065,359,2706,54014,8107,45907
"Santa Clara County","Santa Clara County, California","G0600850","0600850","11","06085","06","085",1008071,57393,950678,40939,5605,35334,9728,1080,8648,222756,29093,193663
"Santa Cruz County","Santa Cruz County, California","G0600870","0600870","11","06087","06","087",161056,18265,142791,1427,281,1146,1820,399,1421,26889,5091,21798
"Shasta County","Shasta County, California","G0600890","0600890","11","06089","06","089",109266,11423,97843,732,171,561,2767,730,2037,3440,479,2961
"Sierra County","Sierra County, California","G0600910","0600910","11","06091","06","091",2980,379,2601,0,0,0,55,15,40,196,31,165
"Siskiyou County","Siskiyou County, California","G0600930","0600930","11","06093","06","093",36061,4184,31877,598,65,533,1456,334,1122,1783,246,1537
"Solano County","Solano County, California","G0600950","0600950","11","06095","06","095",169677,12828,156849,25864,5119,20745,2300,350,1950,23825,2998,20827
"Sonoma County","Sonoma County, California","G0600970","0600970","11","06097","06","097",272866,24522,248344,3094,738,2356,3569,773,2796,20295,3108,17187
"Stanislaus County","Stanislaus County, California","G0600990","0600990","11","06099","06","099",230710,24515,206195,3104,858,2246,4487,864,3623,39507,8252,31255
"Sutter County","Sutter County, California","G0601010","0601010","11","06101","06","101",43238,4137,39101,323,8,315,666,92,574,6050,1422,4628
"Tehama County","Tehama County, California","G0601030","0601030","11","06103","06","103",36598,4556,32042,52,9,43,688,229,459,2083,416,1667
"Trinity County","Trinity County, California","G0601050","0601050","11","06105","06","105",11024,1185,9839,0,0,0,588,122,466,309,48,261
"Tulare County","Tulare County, California","G0601070","0601070","11","06107","06","107",178820,21478,157342,3392,1214,2178,3133,810,2323,72143,20783,51360
"Tuolumne County","Tuolumne County, California","G0601090","0601090","11","06109","06","109",31473,3694,27779,74,6,68,510,74,436,1496,308,1188
"Ventura County","Ventura County, California","G0601110","0601110","11","06111","06","111",428713,27622,401091,10553,1358,9195,5500,671,4829,111480,17687,93793
"Yolo County","Yolo County, California","G0601130","0601130","11","06113","06","113",88890,12531,76359,1930,556,1374,1310,329,981,18999,3538,15461
"Yuba County","Yuba County, California","G0601150","0601150","11","06115","06","115",41152,6023,35129,2056,626,1430,1124,313,811,4146,1052,3094
"Adams County","Adams County, Colorado","G0800010","0800010","11","08001","08","001",217182,14948,202234,5992,1051,4941,2037,213,1824,38119,4093,34026
"Alamosa County","Alamosa County, Colorado","G0800030","0800030","11","08003","08","003",8825,1711,7114,16,0,16,43,0,43,3576,1102,2474
"Arapahoe County","Arapahoe County, Colorado","G0800050","0800050","11","08005","08","005",271853,11393,260460,8111,937,7174,1408,135,1273,12915,1322,11593
"Archuleta County","Archuleta County, Colorado","G0800070","0800070","11","08007","08","007",3061,429,2632,0,0,0,0,0,0,1145,356,789
"Baca County","Baca County, Colorado","G0800090","0800090","11","08009","08","009",5187,1030,4157,0,0,0,0,0,0,336,136,200
"Bent County","Bent County, Colorado","G0800110","0800110","11","08011","08","011",4728,492,4236,0,0,0,74,46,28,1442,345,1097
"Boulder County","Boulder County, Colorado","G0800130","0800130","11","08013","08","013",172659,16637,156022,1467,238,1229,881,249,632,9779,1498,8281
"Chaffee County","Chaffee County, Colorado","G0800150","0800150","11","08015","08","015",12292,966,11326,0,0,0,38,0,38,1151,153,998
"Cheyenne County","Cheyenne County, Colorado","G0800170","0800170","11","08017","08","017",2136,383,1753,0,0,0,0,0,0,49,16,33
"Clear Creek County","Clear Creek County, Colorado","G0800190","0800190","11","08019","08","019",7117,412,6705,0,0,0,52,3,49,278,12,266
"Conejos County","Conejos County, Colorado","G0800210","0800210","11","08021","08","021",4898,1230,3668,0,0,0,51,17,34,4787,1773,3014
"Costilla County","Costilla County, Colorado","G0800230","0800230","11","08023","08","023",2469,803,1666,0,0,0,0,0,0,2380,908,1472
"Crowley County","Crowley County, Colorado","G0800250","0800250","11","08025","08","025",2741,473,2268,0,0,0,0,0,0,583,135,448
"Custer County","Custer County, Colorado","G0800270","0800270","11","08027","08","027",1487,262,1225,0,0,0,0,0,0,0,0,0
"Delta County","Delta County, Colorado","G0800290","0800290","11","08029","08","029",20310,2854,17456,0,0,0,150,28,122,1753,522,1231
"Denver County","Denver County, Colorado","G0800310","0800310","11","08031","08","031",366166,37430,328736,57851,13462,44389,4122,1259,2863,90938,21753,69185
"Dolores County","Dolores County, Colorado","G0800330","0800330","11","08033","08","033",1566,329,1237,0,0,0,59,48,11,69,22,47
"Douglas County","Douglas County, Colorado","G0800350","0800350","11","08035","08","035",24588,1001,23587,88,0,88,58,20,38,710,35,675
"Eagle County","Eagle County, Colorado","G0800370","0800370","11","08037","08","037",12550,1134,11416,0,0,0,0,0,0,1237,194,1043
"Elbert County","Elbert County, Colorado","G0800390","0800390","11","08039","08","039",6636,486,6150,0,0,0,115,6,109,138,9,129
"El Paso County","El Paso County, Colorado","G0800410","0800410","11","08041","08","041",260075,23860,236215,16525,3520,13005,1912,473,1439,24021,4241,19780
"Fremont County","Fremont County, Colorado","G0800430","0800430","11","08043","08","043",25519,3414,22105,16,5,11,183,30,153,1876,321,1555
"Garfield County","Garfield County, Colorado","G0800450","0800450","11","08045","08","045",21472,1905,19567,0,0,0,150,2,148,1111,122,989
"Gilpin County","Gilpin County, Colorado","G0800470","0800470","11","08047","08","047",2336,224,2112,0,0,0,0,0,0,74,16,58
"Grand County","Grand County, Colorado","G0800490","0800490","11","08049","08","049",7330,635,6695,0,0,0,49,0,49,165,3,162
"Gunnison County","Gunnison County, Colorado","G0800510","0800510","11","08051","08","051",9140,1619,7521,0,0,0,89,55,34,289,27,262
"Hinsdale County","Hinsdale County, Colorado","G0800530","0800530","11","08053","08","053",405,45,360,0,0,0,0,0,0,0,0,0
"Huerfano County","Huerfano County, Colorado","G0800550","0800550","11","08055","08","055",5528,1097,4431,18,0,18,28,13,15,2776,765,2011
"Jackson County","Jackson County, Colorado","G0800570","0800570","11","08057","08","057",1829,155,1674,0,0,0,0,0,0,36,10,26
"Jefferson County","Jefferson County, Colorado","G0800590","0800590","11","08059","08","059",352352,15605,336747,1688,145,1543,1762,209,1553,18814,1245,17569
"Kiowa County","Kiowa County, Colorado","G0800610","0800610","11","08061","08","061",1883,277,1606,0,0,0,0,0,0,37,17,20
"Kit Carson County","Kit Carson County, Colorado","G0800630","0800630","11","08063","08","063",7376,1358,6018,0,0,0,33,0,33,343,97,246
"Lake County","Lake County, Colorado","G0800650","0800650","11","08065","08","065",7339,312,7027,0,0,0,83,4,79,2083,145,1938
"La Plata County","La Plata County, Colorado","G0800670","0800670","11","08067","08","067",23434,2793,20641,0,0,0,1065,446,619,3076,732,2344
"Larimer County","Larimer County, Colorado","G0800690","0800690","11","08069","08","069",135184,13993,121191,477,158,319,992,243,749,8521,1694,6827
"Las Animas County","Las Animas County, Colorado","G0800710","0800710","11","08071","08","071",13017,2442,10575,57,12,45,67,0,67,6423,1872,4551
"Lincoln County","Lincoln County, Colorado","G0800730","0800730","11","08073","08","073",4557,582,3975,0,0,0,0,0,0,35,3,32
"Logan County","Logan County, Colorado","G0800750","0800750","11","08075","08","075",18404,1835,16569,32,0,32,34,6,28,1260,214,1046
"Mesa County","Mesa County, Colorado","G0800770","0800770","11","08077","08","077",76350,6971,69379,222,132,90,594,100,494,5610,1123,4487
"Mineral County","Mineral County, Colorado","G0800790","0800790","11","08079","08","079",804,68,736,0,0,0,0,0,0,0,0,0
"Moffat County","Moffat County, Colorado","G0800810","0800810","11","08081","08","081",12676,683,11993,0,0,0,53,0,53,666,106,560
"Montezuma County","Montezuma County, Colorado","G0800830","0800830","11","08083","08","083",14313,1707,12606,0,0,0,1550,557,993,1381,267,1114
"Montrose County","Montrose County, Colorado","G0800850","0800850","11","08085","08","085",23133,2304,20829,0,0,0,96,13,83,2326,400,1926
"Morgan County","Morgan County, Colorado","G0800870","0800870","11","08087","08","087",21218,2462,18756,31,0,31,123,12,111,2628,378,2250
"Otero County","Otero County, Colorado","G0800890","0800890","11","08089","08","089",18488,3127,15361,100,6,94,110,33,77,7408,2525,4883
"Ouray County","Ouray County, Colorado","G0800910","0800910","11","08091","08","091",1888,238,1650,0,0,0,0,0,0,97,0,97
"Park County","Park County, Colorado","G0800930","0800930","11","08093","08","093",5176,624,4552,0,0,0,34,0,34,139,0,139
"Phillips County","Phillips County, Colorado","G0800950","0800950","11","08095","08","095",4419,589,3830,0,0,0,0,0,0,95,36,59
"Pitkin County","Pitkin County, Colorado","G0800970","0800970","11","08097","08","097",10180,1002,9178,40,0,40,72,0,72,138,3,135
"Prowers County","Prowers County, Colorado","G0800990","0800990","11","08099","08","099",12060,2087,9973,41,11,30,64,2,62,2542,857,1685
"Pueblo County","Pueblo County, Colorado","G0801010","0801010","11","08101","08","101",106179,12892,93287,2195,592,1603,753,218,535,40991,8269,32722
"Rio Blanco County","Rio Blanco County, Colorado","G0801030","0801030","11","08103","08","103",5877,346,5531,0,0,0,50,4,46,159,7,152
"Rio Grande County","Rio Grande County, Colorado","G0801050","0801050","11","08105","08","105",8208,1193,7015,0,0,0,32,30,2,3860,1267,2593
"Routt County","Routt County, Colorado","G0801070","0801070","11","08107","08","107",13054,902,12152,0,0,0,90,29,61,415,13,402
"Saguache County","Saguache County, Colorado","G0801090","0801090","11","08109","08","109",2873,621,2252,0,0,0,38,7,31,1617,605,1012
"San Juan County","San Juan County, Colorado","G0801110","0801110","11","08111","08","111",796,82,714,0,0,0,0,0,0,126,11,115
"San Miguel County","San Miguel County, Colorado","G0801130","0801130","11","08113","08","113",3065,518,2547,0,0,0,72,6,66,122,27,95
"Sedgwick County","Sedgwick County, Colorado","G0801150","0801150","11","08115","08","115",3053,292,2761,0,0,0,0,0,0,313,56,257
"Summit County","Summit County, Colorado","G0801170","0801170","11","08117","08","117",8705,714,7991,0,0,0,30,10,20,179,13,166
"Teller County","Teller County, Colorado","G0801190","0801190","11","08119","08","119",7890,903,6987,0,0,0,31,0,31,102,10,92
"Washington County","Washington County, Colorado","G0801210","0801210","11","08121","08","121",5224,863,4361,0,0,0,0,0,0,107,39,68
"Weld County","Weld County, Colorado","G0801230","0801230","11","08123","08","123",106661,13319,93342,493,167,326,505,62,443,20568,5099,15469
"Yuma County","Yuma County, Colorado","G0801250","0801250","11","08125","08","125",9280,1609,7671,0,0,0,55,25,30,240,74,166
"Fairfield County","Fairfield County, Connecticut","G0900010","0900010","11","09001","09","001",707179,35966,671213,64648,17079,47569,1096,233,863,45013,12788,32225
"Hartford County","Hartford County, Connecticut","G0900030","0900030","11","09003","09","003",694736,38745,655991,64860,14371,50489,997,277,720,41098,16679,24419
"Litchfield County","Litchfield County, Connecticut","G0900050","0900050","11","09005","09","005",152737,7915,144822,962,69,893,172,53,119,1114,138,976
"Middlesex County","Middlesex County, Connecticut","G0900070","0900070","11","09007","09","007",118233,6799,111434,4480,843,3637,262,12,250,1824,365,1459
"New Haven County","New Haven County, Connecticut","G0900090","0900090","11","09009","09","009",657506,45345,612161,65385,18492,46893,1139,354,785,26518,8658,17860
"New London County","New London County, Connecticut","G0900110","0900110","11","09011","09","011",215307,15647,199660,8061,2272,5789,832,139,693,4232,1016,3216
"Tolland County","Tolland County, Connecticut","G0900130","0900130","11","09013","09","013",101616,5967,95649,1081,99,982,113,21,92,729,61,668
"Windham County","Windham County, Connecticut","G0900150","0900150","11","09015","09","015",87824,7941,79883,454,128,326,186,47,139,2087,640,1447
"Kent County","Kent County, Delaware","G1000010","1000010","11","10001","10","001",75839,8073,67766,16382,4449,11933,280,63,217,1629,381,1248
"New Castle County","New Castle County, Delaware","G1000030","1000030","11","10003","10","003",321461,24719,296742,58676,15922,42754,400,80,320,6656,2387,4269
"Sussex County","Sussex County, Delaware","G1000050","1000050","11","10005","10","005",77331,7692,69639,17557,5224,12333,649,49,600,911,317,594
"District Of Columbia","District Of Columbia, District Of Columbia","G1100010","1100010","11","11001","11","001",158763,14750,144013,437399,96011,341388,923,202,721,16398,3160,13238
"Alachua County","Alachua County, Florida","G1200010","1200010","11","12001","12","001",111411,22595,88816,27449,9937,17512,242,49,193,4616,1771,2845
"Baker County","Baker County, Florida","G1200030","1200030","11","12003","12","003",11852,1468,10384,1805,806,999,0,0,0,113,76,37
"Bay County","Bay County, Florida","G1200050","1200050","11","12005","12","005",82005,10242,71763,11391,4570,6821,662,137,525,1568,256,1312
"Bradford County","Bradford County, Florida","G1200070","1200070","11","12007","12","007",14759,2201,12558,3137,1337,1800,14,7,7,111,72,39
"Brevard County","Brevard County, Florida","G1200090","1200090","11","12009","12","009",242049,17751,224298,22882,7753,15129,817,227,590,5411,593,4818
"Broward County","Broward County, Florida","G1200110","1200110","11","12011","12","011",886812,56712,830100,111597,33290,78307,1481,331,1150,39717,4678,35039
"Calhoun County","Calhoun County, Florida","G1200130","1200130","11","12013","12","013",7965,1664,6301,1125,485,640,83,23,60,43,0,43
"Charlotte County","Charlotte County, Florida","G1200150","1200150","11","12015","12","015",56537,4724,51813,1061,324,737,134,71,63,708,50,658
"Citrus County","Citrus County, Florida","G1200170","1200170","11","12017","12","017",52030,6191,45839,1758,1049,709,156,62,94,755,154,601
"Clay County","Clay County, Florida","G1200190","1200190","11","12019","12","019",61948,5223,56725,3348,1279,2069,158,0,158,1335,216,1119
"Collier County","Collier County, Florida","G1200210","1200210","11","12021","12","021",75097,6276,68821,4296,2487,1809,176,40,136,8968,3780,5188
"Columbia County","Columbia County, Florida","G1200230","1200230","11","12023","12","023",27861,4080,23781,6714,2710,4004,49,0,49,356,78,278
"Dade County","Dade County, Florida","G1200250","1200250","11","12025","12","025",1237552,137945,1099607,277160,81936,195224,1825,323,1502,576645,97306,479339
"De Soto County","De Soto County, Florida","G1200270","1200270","11","12027","12","027",13758,2160,11598,3146,1372,1774,50,8,42,538,173,365
"Dixie County","Dixie County, Florida","G1200290","1200290","11","12029","12","029",6582,1441,5141,752,402,350,0,0,0,43,7,36
"Duval County","Duval County, Florida","G1200310","1200310","11","12031","12","031",412087,39545,372542,137953,47549,90404,1925,401,1524,10179,1897,8282
"Escambia County","Escambia County, Florida","G1200330","1200330","11","12033","12","033",174939,19993,154946,44567,17508,27059,2480,606,1874,3623,740,2883
"Flagler County","Flagler County, Florida","G1200350","1200350","11","12035","12","035",9554,918,8636,1290,758,532,0,0,0,121,33,88
"Franklin County","Franklin County, Florida","G1200370","1200370","11","12037","12","037",6411,1607,4804,1098,512,586,42,9,33,199,58,141
"Gadsden County","Gadsden County, Florida","G1200390","1200390","11","12039","12","039",15028,1472,13556,24007,11294,12713,0,0,0,476,251,225
"Gilchrist County","Gilchrist County, Florida","G1200410","1200410","11","12041","12","041",5280,956,4324,0,0,0,0,0,0,64,14,50
"Glades County","Glades County, Florida","G1200430","1200430","11","12043","12","043",4682,796,3886,766,336,430,331,121,210,325,43,282
"Gulf County","Gulf County, Florida","G1200450","1200450","11","12045","12","045",8484,1136,7348,2139,1120,1019,0,0,0,156,92,64
"Hamilton County","Hamilton County, Florida","G1200470","1200470","11","12047","12","047",5336,836,4500,3304,1472,1832,40,2,38,31,12,19
"Hardee County","Hardee County, Florida","G1200490","1200490","11","12049","12","049",16040,3507,12533,1596,922,674,44,4,40,3219,1574,1645
"Hendry County","Hendry County, Florida","G1200510","1200510","11","12051","12","051",13759,1967,11792,3296,1438,1858,59,52,7,2372,684,1688
"Hernando County","Hernando County, Florida","G1200530","1200530","11","12053","12","053",41146,4808,36338,2732,1043,1689,81,8,73,713,221,492
"Highlands County","Highlands County, Florida","G1200550","1200550","11","12055","12","055",39521,5323,34198,6488,3222,3266,296,128,168,1745,697,1048
"Hillsborough County","Hillsborough County, Florida","G1200570","1200570","11","12057","12","057",537767,56936,480831,84454,29648,54806,1563,339,1224,63139,8902,54237
"Holmes County","Holmes County, Florida","G1200590","1200590","11","12059","12","059",14242,3740,10502,278,146,132,100,37,63,68,12,56
"Indian River County","Indian River County, Florida","G1200610","1200610","11","12061","12","061",50535,4044,46491,7642,2853,4789,91,23,68,1129,422,707
"Jackson County","Jackson County, Florida","G1200630","1200630","11","12063","12","063",27200,4386,22814,9297,4006,5291,135,45,90,267,84,183
"Jefferson County","Jefferson County, Florida","G1200650","1200650","11","12065","12","065",5463,625,4838,5059,2374,2685,0,0,0,0,0,0
"Lafayette County","Lafayette County, Florida","G1200670","1200670","11","12067","12","067",3736,704,3032,290,158,132,0,0,0,34,19,15
"Lake County","Lake County, Florida","G1200690","1200690","11","12069","12","069",88853,8726,80127,12814,5042,7772,252,3,249,1943,727,1216
"Lee County","Lee County, Florida","G1200710","1200710","11","12071","12","071",184482,14731,169751,15996,6984,9012,329,58,271,5666,1524,4142
"Leon County","Leon County, Florida","G1200730","1200730","11","12073","12","073",103457,12285,91172,33765,12055,21710,373,94,279,2057,560,1497
"Levy County","Levy County, Florida","G1200750","1200750","11","12075","12","075",16322,2769,13553,3164,1275,1889,52,24,28,263,94,169
"Liberty County","Liberty County, Florida","G1200770","1200770","11","12077","12","077",3726,660,3066,448,263,185,0,0,0,0,0,0
"Madison County","Madison County, Florida","G1200790","1200790","11","12079","12","079",8468,1516,6952,6339,2936,3403,0,0,0,161,122,39
"Manatee County","Manatee County, Florida","G1200810","1200810","11","12081","12","081",132317,11600,120717,13242,3999,9243,249,15,234,3010,910,2100
"Marion County","Marion County, Florida","G1200830","1200830","11","12083","12","083",99870,12695,87175,19465,8475,10990,345,78,267,2359,515,1844
"Martin County","Martin County, Florida","G1200850","1200850","11","12085","12","085",56863,5105,51758,4498,1515,2983,51,12,39,1698,364,1334
"Monroe County","Monroe County, Florida","G1200870","1200870","11","12087","12","087",56432,7139,49293,3607,863,2744,422,19,403,6998,1599,5399
"Nassau County","Nassau County, Florida","G1200890","1200890","11","12089","12","089",27884,2761,25123,4487,1212,3275,86,8,78,595,94,501
"Okaloosa County","Okaloosa County, Florida","G1200910","1200910","11","12091","12","091",94769,8608,86161,8731,2582,6149,503,107,396,2407,404,2003
"Okeechobee County","Okeechobee County, Florida","G1200930","1200930","11","12093","12","093",17652,2790,14862,1523,446,1077,72,15,57,960,384,576
"Orange County","Orange County, Florida","G1200950","1200950","11","12095","12","095",378080,35724,342356,67482,22484,44998,1298,271,1027,19266,4307,14959
"Osceola County","Osceola County, Florida","G1200970","1200970","11","12097","12","097",44766,4618,40148,2889,997,1892,243,42,201,946,165,781
"Palm Beach County","Palm Beach County, Florida","G1200990","1200990","11","12099","12","099",482443,31705,450738,77389,23918,53471,789,149,640,26654,4717,21937
"Pasco County","Pasco County, Florida","G1201010","1201010","11","12101","12","101",185237,18287,166950,3700,1726,1974,643,162,481,4347,990,3357
"Pinellas County","Pinellas County, Florida","G1201030","1201030","11","12103","12","103",657514,51399,606115,54110,17403,36707,1351,334,1017,10575,1818,8757
"Polk County","Polk County, Florida","G1201050","1201050","11","12105","12","105",260684,26855,233829,46740,16145,30595,837,203,634,9090,3479,5611
"Putnam County","Putnam County, Florida","G1201070","1201070","11","12107","12","107",39588,5520,34068,10230,5062,5168,149,68,81,552,234,318
"St. Johns County","St. Johns County, Florida","G1201090","1201090","11","12109","12","109",42193,4661,37532,7115,3037,4078,94,13,81,1539,263,1276
"St. Lucie County","St. Lucie County, Florida","G1201110","1201110","11","12111","12","111",66805,6198,60607,18635,8393,10242,291,69,222,1507,407,1100
"Santa Rosa County","Santa Rosa County, Florida","G1201130","1201130","11","12113","12","113",51912,7855,44057,2484,961,1523,375,50,325,666,150,516
"Sarasota County","Sarasota County, Florida","G1201150","1201150","11","12115","12","115",188366,14149,174217,10305,3629,6676,245,62,183,2849,552,2297
"Seminole County","Seminole County, Florida","G1201170","1201170","11","12117","12","117",158279,9714,148565,17539,6246,11293,446,123,323,5192,487,4705
"Sumter County","Sumter County, Florida","G1201190","1201190","11","12119","12","119",18842,2919,15923,4040,1804,2236,108,22,86,397,139,258
"Suwannee County","Suwannee County, Florida","G1201210","1201210","11","12121","12","121",17852,3058,14794,3897,2150,1747,0,0,0,244,54,190
"Taylor County","Taylor County, Florida","G1201230","1201230","11","12123","12","123",12791,1940,10851,3507,1670,1837,30,30,0,64,39,25
"Union County","Union County, Florida","G1201250","1201250","11","12125","12","125",5052,696,4356,1021,360,661,6,0,6,88,0,88
"Volusia County","Volusia County, Florida","G1201270","1201270","11","12127","12","127",222411,24431,197980,27245,10592,16653,728,125,603,3958,903,3055
"Wakulla County","Wakulla County, Florida","G1201290","1201290","11","12129","12","129",8935,1163,7772,1747,769,978,0,0,0,124,0,124
"Walton County","Walton County, Florida","G1201310","1201310","11","12131","12","131",18813,3745,15068,2056,1077,979,210,29,181,122,45,77
"Washington County","Washington County, Florida","G1201330","1201330","11","12133","12","133",11958,2527,9431,2201,983,1218,191,82,109,90,15,75
"Appling County","Appling County, Georgia","G1300010","1300010","11","13001","13","001",12177,2958,9219,3137,1487,1650,0,0,0,131,47,84
"Atkinson County","Atkinson County, Georgia","G1300030","1300030","11","13003","13","003",4443,1226,3217,0,0,0,0,0,0,89,54,35
"Bacon County","Bacon County, Georgia","G1300050","1300050","11","13005","13","005",7847,1553,6294,1364,568,796,0,0,0,38,16,22
"Baker County","Baker County, Georgia","G1300070","1300070","11","13007","13","007",1906,300,1606,0,0,0,0,0,0,0,0,0
"Baldwin County","Baldwin County, Georgia","G1300090","1300090","11","13009","13","009",18856,1500,17356,11159,3454,7705,73,0,73,478,53,425
"Banks County","Banks County, Georgia","G1300110","1300110","11","13011","13","011",8223,923,7300,0,0,0,0,0,0,0,0,0
"Barrow County","Barrow County, Georgia","G1300130","1300130","11","13013","13","013",17976,2264,15712,3178,1290,1888,0,0,0,145,58,87
"Bartow County","Bartow County, Georgia","G1300150","1300150","11","13015","13","015",35723,4045,31678,4714,1142,3572,96,33,63,265,46,219
"Ben Hill County","Ben Hill County, Georgia","G1300170","1300170","11","13017","13","017",10902,1861,9041,0,0,0,0,0,0,93,80,13
"Berrien County","Berrien County, Georgia","G1300190","1300190","11","13019","13","019",11720,2100,9620,1673,606,1067,0,0,0,164,84,80
"Bibb County","Bibb County, Georgia","G1300210","1300210","11","13021","13","021",88864,8094,80770,56745,20356,36389,163,12,151,833,241,592
"Bleckley County","Bleckley County, Georgia","G1300230","1300230","11","13023","13","023",7707,869,6838,2264,951,1313,40,24,16,0,0,0
"Brantley County","Brantley County, Georgia","G1300250","1300250","11","13025","13","025",8170,1368,6802,0,0,0,0,0,0,34,17,17
"Brooks County","Brooks County, Georgia","G1300270","1300270","11","13027","13","027",8146,1675,6471,6790,3159,3631,0,0,0,114,71,43
"Bryan County","Bryan County, Georgia","G1300290","1300290","11","13029","13","029",7874,1199,6675,2189,792,1397,0,0,0,111,77,34
"Bulloch County","Bulloch County, Georgia","G1300310","1300310","11","13031","13","031",23123,3299,19824,9103,3717,5386,36,6,30,370,80,290
"Burke County","Burke County, Georgia","G1300330","1300330","11","13033","13","033",8762,992,7770,10282,4403,5879,0,0,0,355,124,231
"Butts County","Butts County, Georgia","G1300350","1300350","11","13035","13","035",7553,591,6962,4730,1432,3298,24,0,24,193,110,83
"Calhoun County","Calhoun County, Georgia","G1300370","1300370","11","13037","13","037",2391,325,2066,3240,1322,1918,0,0,0,59,14,45
"Camden County","Camden County, Georgia","G1300390","1300390","11","13039","13","039",8919,1287,7632,4258,1603,2655,0,0,0,167,49,118
"Candler County","Candler County, Georgia","G1300430","1300430","11","13043","13","043",4939,1067,3872,2252,1015,1237,0,0,0,73,44,29
"Carroll County","Carroll County, Georgia","G1300450","1300450","11","13045","13","045",44999,5360,39639,9051,3161,5890,59,0,59,411,131,280
"Catoosa County","Catoosa County, Georgia","G1300470","1300470","11","13047","13","047",36650,4068,32582,228,71,157,0,0,0,210,21,189
"Charlton County","Charlton County, Georgia","G1300490","1300490","11","13049","13","049",5104,672,4432,2121,863,1258,0,0,0,0,0,0
"Chatham County","Chatham County, Georgia","G1300510","1300510","11","13051","13","051",120248,9426,110822,75311,26512,48799,400,87,313,2189,362,1827
"Chattahoochee County","Chattahoochee County, Georgia","G1300530","1300530","11","13053","13","053",7272,481,6791,3287,792,2495,92,1,91,602,25,577
"Chattooga County","Chattooga County, Georgia","G1300550","1300550","11","13055","13","055",19765,3002,16763,1883,526,1357,0,0,0,112,55,57
"Cherokee County","Cherokee County, Georgia","G1300570","1300570","11","13057","13","057",49866,5193,44673,1032,217,815,41,6,35,255,55,200
"Clarke County","Clarke County, Georgia","G1300590","1300590","11","13059","13","059",48212,7999,40213,16883,5369,11514,95,16,79,566,104,462
"Clay County","Clay County, Georgia","G1300610","1300610","11","13061","13","061",0,0,0,2183,1270,913,0,0,0,0,0,0
"Clayton County","Clayton County, Georgia","G1300630","1300630","11","13063","13","063",137275,9591,127684,10283,2170,8113,328,29,299,1238,162,1076
"Clinch County","Clinch County, Georgia","G1300650","1300650","11","13065","13","065",4629,820,3809,0,0,0,0,0,0,58,36,22
"Cobb County","Cobb County, Georgia","G1300670","1300670","11","13067","13","067",279366,14988,264378,13128,3172,9956,659,139,520,2507,233,2274
"Coffee County","Coffee County, Georgia","G1300690","1300690","11","13069","13","069",19617,3740,15877,6618,2532,4086,0,0,0,222,88,134
"Colquitt County","Colquitt County, Georgia","G1300710","1300710","11","13071","13","071",26757,3415,23342,8199,3367,4832,0,0,0,288,62,226
"Columbia County","Columbia County, Georgia","G1300730","1300730","11","13073","13","073",33412,2640,30772,5854,1683,4171,83,0,83,484,2,482
"Cook County","Cook County, Georgia","G1300750","1300750","11","13075","13","075",9279,1083,8196,4032,1455,2577,0,0,0,58,0,58
"Coweta County","Coweta County, Georgia","G1300770","1300770","11","13077","13","077",28348,2873,25475,10599,3635,6964,0,0,0,188,46,142
"Crawford County","Crawford County, Georgia","G1300790","1300790","11","13079","13","079",4575,484,4091,2981,916,2065,0,0,0,75,43,32
"Crisp County","Crisp County, Georgia","G1300810","1300810","11","13081","13","081",11595,1595,10000,7532,3870,3662,0,0,0,74,34,40
"Dade County","Dade County, Georgia","G1300830","1300830","11","13083","13","083",11679,2035,9644,159,18,141,0,0,0,58,8,50
"Dawson County","Dawson County, Georgia","G1300850","1300850","11","13085","13","085",4602,839,3763,0,0,0,160,68,92,0,0,0
"Decatur County","Decatur County, Georgia","G1300870","1300870","11","13087","13","087",15245,1990,13255,9761,3926,5835,47,36,11,286,77,209
"De Kalb County","De Kalb County, Georgia","G1300890","1300890","11","13089","13","089",338330,19216,319114,129085,25668,103417,736,59,677,7598,1004,6594
"Dodge County","Dodge County, Georgia","G1300910","1300910","11","13091","13","091",12231,2347,9884,4471,2240,2231,0,0,0,138,21,117
"Dooly County","Dooly County, Georgia","G1300930","1300930","11","13093","13","093",5408,921,4487,5188,2653,2535,0,0,0,195,177,18
"Dougherty County","Dougherty County, Georgia","G1300950","1300950","11","13095","13","095",56254,4221,52033,41816,16191,25625,279,26,253,1336,458,878
"Douglas County","Douglas County, Georgia","G1300970","1300970","11","13097","13","097",50773,3430,47343,2936,794,2142,101,0,101,353,24,329
"Early County","Early County, Georgia","G1300990","1300990","11","13099","13","099",7342,1033,6309,5659,3028,2631,0,0,0,206,121,85
"Echols County","Echols County, Georgia","G1301010","1301010","11","13101","13","101",1860,378,1482,369,193,176,0,0,0,0,0,0
"Effingham County","Effingham County, Georgia","G1301030","1301030","11","13103","13","103",14834,1652,13182,3331,1429,1902,0,0,0,219,90,129
"Elbert County","Elbert County, Georgia","G1301050","1301050","11","13105","13","105",12776,1616,11160,5740,2039,3701,0,0,0,212,55,157
"Emanuel County","Emanuel County, Georgia","G1301070","1301070","11","13107","13","107",13912,2628,11284,6487,2760,3727,0,0,0,106,49,57
"Evans County","Evans County, Georgia","G1301090","1301090","11","13109","13","109",5378,786,4592,2907,1321,1586,0,0,0,83,28,55
"Fannin County","Fannin County, Georgia","G1301110","1301110","11","13111","13","111",14529,3296,11233,36,36,0,44,27,17,47,0,47
"Fayette County","Fayette County, Georgia","G1301130","1301130","11","13113","13","113",27703,1395,26308,1114,115,999,0,0,0,238,0,238
"Floyd County","Floyd County, Georgia","G1301150","1301150","11","13115","13","115",67407,6548,60859,9966,3019,6947,0,0,0,512,16,496
"Forsyth County","Forsyth County, Georgia","G1301170","1301170","11","13117","13","117",27532,2895,24637,0,0,0,288,95,193,90,0,90
"Franklin County","Franklin County, Georgia","G1301190","1301190","11","13119","13","119",13338,2412,10926,1504,535,969,0,0,0,98,64,34
"Fulton County","Fulton County, Georgia","G1301210","1301210","11","13121","13","121",273270,24632,248638,294848,95589,199259,733,113,620,7210,2119,5091
"Gilmer County","Gilmer County, Georgia","G1301230","1301230","11","13123","13","123",10928,2223,8705,0,0,0,0,0,0,48,0,48
"Glascock County","Glascock County, Georgia","G1301250","1301250","11","13125","13","125",1890,347,1543,387,125,262,0,0,0,43,6,37
"Glynn County","Glynn County, Georgia","G1301270","1301270","11","13127","13","127",39819,3567,36252,14302,5173,9129,68,0,68,616,132,484
"Gordon County","Gordon County, Georgia","G1301290","1301290","11","13129","13","129",28654,3493,25161,1178,371,807,63,8,55,136,26,110
"Grady County","Grady County, Georgia","G1301310","1301310","11","13131","13","131",13261,2161,11100,6226,2855,3371,89,16,73,87,67,20
"Greene County","Greene County, Georgia","G1301330","1301330","11","13133","13","133",5313,675,4638,5968,2322,3646,0,0,0,119,66,53
"Gwinnett County","Gwinnett County, Georgia","G1301350","1301350","11","13135","13","135",160227,8393,151834,4008,814,3194,295,19,276,1717,71,1646
"Habersham County","Habersham County, Georgia","G1301370","1301370","11","13137","13","137",22717,3329,19388,576,106,470,27,5,22,54,5,49
"Hall County","Hall County, Georgia","G1301390","1301390","11","13139","13","139",67411,6436,60975,6637,1548,5089,113,31,82,475,94,381
"Hancock County","Hancock County, Georgia","G1301410","1301410","11","13141","13","141",1993,300,1693,7317,3355,3962,0,0,0,81,27,54
"Haralson County","Haralson County, Georgia","G1301430","1301430","11","13143","13","143",16853,2363,14490,1286,391,895,0,0,0,101,15,86
"Harris County","Harris County, Georgia","G1301450","1301450","11","13145","13","145",10004,915,9089,5221,1706,3515,0,0,0,261,50,211
"Hart County","Hart County, Georgia","G1301470","1301470","11","13147","13","147",14206,1831,12375,4085,1208,2877,0,0,0,200,23,177
"Heard County","Heard County, Georgia","G1301490","1301490","11","13149","13","149",5339,638,4701,1112,444,668,0,0,0,76,0,76
"Henry County","Henry County, Georgia","G1301510","1301510","11","13151","13","151",29419,2049,27370,6316,1725,4591,132,0,132,156,2,154
"Houston County","Houston County, Georgia","G1301530","1301530","11","13153","13","153",59886,3514,56372,15270,4914,10356,219,38,181,1157,182,975
"Irwin County","Irwin County, Georgia","G1301550","1301550","11","13155","13","155",6082,781,5301,0,0,0,0,0,0,53,6,47
"Jackson County","Jackson County, Georgia","G1301570","1301570","11","13157","13","157",22327,2869,19458,2705,673,2032,36,0,36,160,45,115
"Jasper County","Jasper County, Georgia","G1301590","1301590","11","13159","13","159",4452,549,3903,3011,970,2041,0,0,0,0,0,0
"Jeff Davis County","Jeff Davis County, Georgia","G1301610","1301610","11","13161","13","161",9608,1392,8216,1729,555,1174,0,0,0,157,7,150
"Jefferson County","Jefferson County, Georgia","G1301630","1301630","11","13163","13","163",8127,1096,7031,9933,4396,5537,0,0,0,262,154,108
"Jenkins County","Jenkins County, Georgia","G1301650","1301650","11","13165","13","165",5048,726,4322,3603,2195,1408,0,0,0,131,105,26
"Johnson County","Johnson County, Georgia","G1301670","1301670","11","13167","13","167",5777,1015,4762,0,0,0,0,0,0,114,26,88
"Jones County","Jones County, Georgia","G1301690","1301690","11","13169","13","169",11341,890,10451,4929,1549,3380,0,0,0,206,0,206
"Lamar County","Lamar County, Georgia","G1301710","1301710","11","13171","13","171",7812,689,7123,4120,1261,2859,0,0,0,89,48,41
"Lanier County","Lanier County, Georgia","G1301730","1301730","11","13173","13","173",4200,1001,3199,1374,582,792,0,0,0,30,0,30
"Laurens County","Laurens County, Georgia","G1301750","1301750","11","13175","13","175",23873,2690,21183,11958,4518,7440,0,0,0,208,86,122
"Lee County","Lee County, Georgia","G1301770","1301770","11","13177","13","177",8718,678,8040,2595,1219,1376,35,0,35,78,17,61
"Liberty County","Liberty County, Georgia","G1301790","1301790","11","13179","13","179",18534,2569,15965,10300,3597,6703,77,36,41,1093,177,916
"Lincoln County","Lincoln County, Georgia","G1301810","1301810","11","13181","13","181",3861,467,3394,0,0,0,0,0,0,135,25,110
"Long County","Long County, Georgia","G1301830","1301830","11","13183","13","183",3346,624,2722,1155,472,683,0,0,0,109,76,33
"Lowndes County","Lowndes County, Georgia","G1301850","1301850","11","13185","13","185",44665,5019,39646,20025,7339,12686,100,29,71,896,233,663
"Lumpkin County","Lumpkin County, Georgia","G1301870","1301870","11","13187","13","187",9157,1545,7612,157,0,157,336,60,276,57,0,57
"Mcduffie County","Mcduffie County, Georgia","G1301890","1301890","11","13189","13","189",11641,1396,10245,6604,2332,4272,0,0,0,244,117,127
"Mcintosh County","Mcintosh County, Georgia","G1301910","1301910","11","13191","13","191",4367,901,3466,3619,1616,2003,0,0,0,56,9,47
"Macon County","Macon County, Georgia","G1301930","1301930","11","13193","13","193",5928,794,5134,7702,3651,4051,0,0,0,209,139,70
"Madison County","Madison County, Georgia","G1301950","1301950","11","13195","13","195",15766,2279,13487,1933,566,1367,0,0,0,198,29,169
"Marion County","Marion County, Georgia","G1301970","1301970","11","13197","13","197",2829,588,2241,0,0,0,0,0,0,0,0,0
"Meriwether County","Meriwether County, Georgia","G1301990","1301990","11","13199","13","199",11399,1258,10141,9411,3104,6307,50,0,50,169,53,116
"Miller County","Miller County, Georgia","G1302010","1302010","11","13201","13","201",4994,1089,3905,0,0,0,0,0,0,97,34,63
"Mitchell County","Mitchell County, Georgia","G1302050","1302050","11","13205","13","205",10840,1600,9240,10085,4565,5520,0,0,0,111,55,56
"Monroe County","Monroe County, Georgia","G1302070","1302070","11","13207","13","207",8569,933,7636,5410,1296,4114,0,0,0,54,15,39
"Montgomery County","Montgomery County, Georgia","G1302090","1302090","11","13209","13","209",4469,653,3816,1938,852,1086,0,0,0,24,0,24
"Morgan County","Morgan County, Georgia","G1302110","1302110","11","13211","13","211",6751,684,6067,0,0,0,0,0,0,130,14,116
"Murray County","Murray County, Georgia","G1302130","1302130","11","13213","13","213",19509,2736,16773,0,0,0,41,5,36,129,77,52
"Muscogee County","Muscogee County, Georgia","G1302150","1302150","11","13215","13","215",103765,10471,93294,55764,18330,37434,416,132,284,3288,736,2552
"Newton County","Newton County, Georgia","G1302170","1302170","11","13217","13","217",24963,2107,22856,8690,2681,6009,48,0,48,336,104,232
"Oconee County","Oconee County, Georgia","G1302190","1302190","11","13219","13","219",11114,1081,10033,1256,166,1090,0,0,0,91,42,49
"Oglethorpe County","Oglethorpe County, Georgia","G1302210","1302210","11","13221","13","221",6051,697,5354,2826,938,1888,0,0,0,163,71,92
"Paulding County","Paulding County, Georgia","G1302230","1302230","11","13223","13","223",24905,3039,21866,1014,176,838,0,0,0,144,14,130
"Peach County","Peach County, Georgia","G1302250","1302250","11","13225","13","225",9302,899,8403,8986,3896,5090,0,0,0,102,28,74
"Pickens County","Pickens County, Georgia","G1302270","1302270","11","13227","13","227",11239,1899,9340,291,68,223,0,0,0,134,73,61
"Pierce County","Pierce County, Georgia","G1302290","1302290","11","13229","13","229",10155,1748,8407,1626,934,692,0,0,0,100,28,72
"Pike County","Pike County, Georgia","G1302310","1302310","11","13231","13","231",6393,571,5822,2292,651,1641,0,0,0,156,95,61
"Polk County","Polk County, Georgia","G1302330","1302330","11","13233","13","233",27228,3743,23485,4701,1374,3327,0,0,0,255,49,206
"Pulaski County","Pulaski County, Georgia","G1302350","1302350","11","13235","13","235",5756,744,5012,3033,1466,1567,0,0,0,82,38,44
"Putnam County","Putnam County, Georgia","G1302370","1302370","11","13237","13","237",5895,682,5213,0,0,0,0,0,0,0,0,0
"Quitman County","Quitman County, Georgia","G1302390","1302390","11","13239","13","239",0,0,0,1331,736,595,0,0,0,30,27,3
"Rabun County","Rabun County, Georgia","G1302410","1302410","11","13241","13","241",10222,1748,8474,80,0,80,0,0,0,44,19,25
"Randolph County","Randolph County, Georgia","G1302430","1302430","11","13243","13","243",3997,806,3191,5251,2313,2938,0,0,0,93,80,13
"Richmond County","Richmond County, Georgia","G1302450","1302450","11","13245","13","245",101852,11219,90633,62043,18791,43252,244,69,175,2540,522,2018
"Rockdale County","Rockdale County, Georgia","G1302470","1302470","11","13247","13","247",32754,2125,30629,3162,823,2339,366,49,317,349,54,295
"Schley County","Schley County, Georgia","G1302490","1302490","11","13249","13","249",2183,313,1870,1248,608,640,0,0,0,51,51,0
"Screven County","Screven County, Georgia","G1302510","1302510","11","13251","13","251",7477,1413,6064,6280,3302,2978,0,0,0,161,65,96
"Seminole County","Seminole County, Georgia","G1302530","1302530","11","13253","13","253",5967,792,5175,2921,1255,1666,0,0,0,251,109,142
"Spalding County","Spalding County, Georgia","G1302550","1302550","11","13255","13","255",34124,3391,30733,12814,4861,7953,0,0,0,309,52,257
"Stephens County","Stephens County, Georgia","G1302570","1302570","11","13257","13","257",18468,2358,16110,2618,763,1855,48,8,40,138,30,108
"Stewart County","Stewart County, Georgia","G1302590","1302590","11","13259","13","259",2078,310,1768,3749,1955,1794,0,0,0,63,0,63
"Sumter County","Sumter County, Georgia","G1302610","1302610","11","13261","13","261",15106,1807,13299,12602,4579,8023,73,31,42,306,133,173
"Talbot County","Talbot County, Georgia","G1302630","1302630","11","13263","13","263",2303,234,2069,4205,1106,3099,0,0,0,31,16,15
"Taliaferro County","Taliaferro County, Georgia","G1302650","1302650","11","13265","13","265",0,0,0,1318,563,755,0,0,0,0,0,0
"Tattnall County","Tattnall County, Georgia","G1302670","1302670","11","13267","13","267",11856,2647,9209,3905,1839,2066,0,0,0,108,18,90
"Taylor County","Taylor County, Georgia","G1302690","1302690","11","13269","13","269",4675,709,3966,3181,1508,1673,0,0,0,63,54,9
"Telfair County","Telfair County, Georgia","G1302710","1302710","11","13271","13","271",7692,1326,6366,3509,1642,1867,0,0,0,38,10,28
"Terrell County","Terrell County, Georgia","G1302730","1302730","11","13273","13","273",4667,552,4115,7210,3141,4069,0,0,0,213,130,83
"Thomas County","Thomas County, Georgia","G1302750","1302750","11","13275","13","275",22950,2509,20441,14217,5466,8751,0,0,0,472,125,347
"Tift County","Tift County, Georgia","G1302770","1302770","11","13277","13","277",23077,3138,19939,8257,3897,4360,49,16,33,367,130,237
"Toombs County","Toombs County, Georgia","G1302790","1302790","11","13279","13","279",16490,2813,13677,5635,2965,2670,0,0,0,197,128,69
"Towns County","Towns County, Georgia","G1302810","1302810","11","13281","13","281",5189,1177,4012,0,0,0,0,0,0,0,0,0
"Treutlen County","Treutlen County, Georgia","G1302830","1302830","11","13283","13","283",4011,901,3110,0,0,0,0,0,0,54,46,8
"Troup County","Troup County, Georgia","G1302850","1302850","11","13285","13","285",33585,3646,29939,15407,5157,10250,0,0,0,316,57,259
"Turner County","Turner County, Georgia","G1302870","1302870","11","13287","13","287",5897,1148,4749,3473,1860,1613,0,0,0,75,7,68
"Twiggs County","Twiggs County, Georgia","G1302890","1302890","11","13289","13","289",0,0,0,4711,1296,3415,0,0,0,208,34,174
"Union County","Union County, Georgia","G1302910","1302910","11","13291","13","291",9242,2427,6815,0,0,0,34,0,34,55,14,41
"Upson County","Upson County, Georgia","G1302930","1302930","11","13293","13","293",18478,1492,16986,7007,1819,5188,0,0,0,164,51,113
"Walker County","Walker County, Georgia","G1302950","1302950","11","13295","13","295",53624,6363,47261,2283,529,1754,60,0,60,218,32,186
"Walton County","Walton County, Georgia","G1302970","1302970","11","13297","13","297",24188,2889,21299,6506,2257,4249,49,26,23,363,97,266
"Ware County","Ware County, Georgia","G1302990","1302990","11","13299","13","299",27967,3992,23975,8236,3605,4631,125,69,56,329,112,217
"Warren County","Warren County, Georgia","G1303010","1303010","11","13301","13","301",0,0,0,3873,1497,2376,0,0,0,83,32,51
"Washington County","Washington County, Georgia","G1303030","1303030","11","13303","13","303",9067,900,8167,9529,3809,5720,0,0,0,195,107,88
"Wayne County","Wayne County, Georgia","G1303050","1303050","11","13305","13","305",16334,2413,13921,3738,1665,2073,52,11,41,190,96,94
"Webster County","Webster County, Georgia","G1303070","1303070","11","13307","13","307",1148,202,946,1175,519,656,0,0,0,0,0,0
"Wheeler County","Wheeler County, Georgia","G1303090","1303090","11","13309","13","309",3597,905,2692,1499,644,855,0,0,0,0,0,0
"White County","White County, Georgia","G1303110","1303110","11","13311","13","311",9278,1533,7745,335,38,297,0,0,0,80,10,70
"Whitfield County","Whitfield County, Georgia","G1303130","1303130","11","13313","13","313",61982,7103,54879,2522,454,2068,240,102,138,441,97,344
"Wilcox County","Wilcox County, Georgia","G1303150","1303150","11","13315","13","315",5130,1016,4114,0,0,0,0,0,0,80,12,68
"Wilkes County","Wilkes County, Georgia","G1303170","1303170","11","13317","13","317",5878,590,5288,0,0,0,0,0,0,36,0,36
"Wilkinson County","Wilkinson County, Georgia","G1303190","1303190","11","13319","13","319",5701,532,5169,0,0,0,0,0,0,69,3,66
"Worth County","Worth County, Georgia","G1303210","1303210","11","13321","13","321",11615,1300,10315,6155,2950,3205,0,0,0,167,44,123
"Hawaii County","Hawaii County, Hawaii","G1500010","1500010","11","15001","15","001",31738,5096,26642,273,50,223,309,87,222,8147,1569,6578
"Honolulu County","Honolulu County, Hawaii","G1500030","1500030","11","15003","15","003",242001,21363,220638,12522,1999,10523,2179,401,1778,52022,8642,43380
"Kalawao County","Kalawao County, Hawaii","G1500050","1500050","11","15005","15","005",0,0,0,0,0,0,0,0,0,0,0,0
"Kauai County","Kauai County, Hawaii","G1500070","1500070","11","15007","15","007",11435,1213,10222,51,37,14,63,6,57,3216,397,2819
"Maui County","Maui County, Hawaii","G1500090","1500090","11","15009","15","009",25244,3003,22241,134,18,116,127,53,74,5247,691,4556
"Ada County","Ada County, Idaho","G1600010","1600010","11","16001","16","001",165645,13696,151949,551,96,455,967,178,789,3667,429,3238
"Adams County","Adams County, Idaho","G1600030","1600030","11","16003","16","003",3323,497,2826,0,0,0,0,0,0,41,5,36
"Bannock County","Bannock County, Idaho","G1600050","1600050","11","16005","16","005",60895,5165,55730,493,72,421,1120,452,668,2099,297,1802
"Bear Lake County","Bear Lake County, Idaho","G1600070","1600070","11","16007","16","007",6800,718,6082,0,0,0,64,13,51,0,0,0
"Benewah County","Benewah County, Idaho","G1600090","1600090","11","16009","16","009",7754,816,6938,0,0,0,375,43,332,80,16,64
"Bingham County","Bingham County, Idaho","G1600110","1600110","11","16011","16","011",32481,3518,28963,0,0,0,2104,946,1158,2282,705,1577
"Blaine County","Blaine County, Idaho","G1600130","1600130","11","16013","16","013",9735,1148,8587,0,0,0,0,0,0,163,14,149
"Boise County","Boise County, Idaho","G1600150","1600150","11","16015","16","015",2976,314,2662,0,0,0,0,0,0,57,10,47
"Bonner County","Bonner County, Idaho","G1600170","1600170","11","16017","16","017",23622,4132,19490,0,0,0,177,38,139,235,82,153
"Bonneville County","Bonneville County, Idaho","G1600190","1600190","11","16019","16","019",63572,5148,58424,157,35,122,273,66,207,1613,500,1113
"Boundary County","Boundary County, Idaho","G1600210","1600210","11","16021","16","021",7113,1220,5893,0,0,0,59,14,45,39,23,16
"Butte County","Butte County, Idaho","G1600230","1600230","11","16023","16","023",3195,437,2758,0,0,0,0,0,0,71,23,48
"Camas County","Camas County, Idaho","G1600250","1600250","11","16025","16","025",0,0,0,0,0,0,0,0,0,0,0,0
"Canyon County","Canyon County, Idaho","G1600270","1600270","11","16027","16","027",75095,10264,64831,204,97,107,476,110,366,8015,2645,5370
"Caribou County","Caribou County, Idaho","G1600290","1600290","11","16029","16","029",8538,1060,7478,0,0,0,65,9,56,117,38,79
"Cassia County","Cassia County, Idaho","G1600310","1600310","11","16031","16","031",17713,2217,15496,0,0,0,85,23,62,1751,616,1135
"Clark County","Clark County, Idaho","G1600330","1600330","11","16033","16","033",762,116,646,0,0,0,0,0,0,30,16,14
"Clearwater County","Clearwater County, Idaho","G1600350","1600350","11","16035","16","035",10107,831,9276,0,0,0,91,55,36,34,0,34
"Custer County","Custer County, Idaho","G1600370","1600370","11","16037","16","037",3356,625,2731,0,0,0,0,0,0,34,0,34
"Elmore County","Elmore County, Idaho","G1600390","1600390","11","16039","16","039",18136,2063,16073,649,115,534,198,46,152,1730,719,1011
"Franklin County","Franklin County, Idaho","G1600410","1600410","11","16041","16","041",8778,1055,7723,0,0,0,0,0,0,192,74,118
"Fremont County","Fremont County, Idaho","G1600430","1600430","11","16043","16","043",10454,1727,8727,0,0,0,62,37,25,242,172,70
"Gem County","Gem County, Idaho","G1600450","1600450","11","16045","16","045",11439,1703,9736,0,0,0,148,55,93,381,57,324
"Gooding County","Gooding County, Idaho","G1600470","1600470","11","16047","16","047",11150,1929,9221,0,0,0,55,30,25,787,165,622
"Idaho County","Idaho County, Idaho","G1600490","1600490","11","16049","16","049",14291,2035,12256,0,0,0,82,46,36,83,21,62
"Jefferson County","Jefferson County, Idaho","G1600510","1600510","11","16051","16","051",14617,2396,12221,0,0,0,136,35,101,623,218,405
"Jerome County","Jerome County, Idaho","G1600530","1600530","11","16053","16","053",14296,1772,12524,0,0,0,74,23,51,603,132,471
"Kootenai County","Kootenai County, Idaho","G1600550","1600550","11","16055","16","055",58006,6869,51137,68,8,60,567,113,454,849,154,695
"Latah County","Latah County, Idaho","G1600570","1600570","11","16057","16","057",25280,3629,21651,75,10,65,109,37,72,258,82,176
"Lemhi County","Lemhi County, Idaho","G1600590","1600590","11","16059","16","059",7298,1241,6057,0,0,0,50,20,30,74,6,68
"Lewis County","Lewis County, Idaho","G1600610","1600610","11","16061","16","061",4024,476,3548,0,0,0,0,0,0,0,0,0
"Lincoln County","Lincoln County, Idaho","G1600630","1600630","11","16063","16","063",3291,610,2681,0,0,0,44,3,41,238,43,195
"Madison County","Madison County, Idaho","G1600650","1600650","11","16065","16","065",18409,4992,13417,36,10,26,92,52,40,365,217,148
"Minidoka County","Minidoka County, Idaho","G1600670","1600670","11","16067","16","067",16936,2027,14909,0,0,0,153,32,121,2953,903,2050
"Nez Perce County","Nez Perce County, Idaho","G1600690","1600690","11","16069","16","069",31109,3311,27798,97,33,64,1310,489,821,282,37,245
"Oneida County","Oneida County, Idaho","G1600710","1600710","11","16071","16","071",3165,596,2569,0,0,0,0,0,0,0,0,0
"Owyhee County","Owyhee County, Idaho","G1600730","1600730","11","16073","16","073",7124,1689,5435,61,34,27,250,200,50,1087,480,607
"Payette County","Payette County, Idaho","G1600750","1600750","11","16075","16","075",14911,2613,12298,0,0,0,49,6,43,698,267,431
"Power County","Power County, Idaho","G1600770","1600770","11","16077","16","077",6222,749,5473,0,0,0,203,84,119,481,137,344
"Shoshone County","Shoshone County, Idaho","G1600790","1600790","11","16079","16","079",18722,1790,16932,0,0,0,203,24,179,418,13,405
"Teton County","Teton County, Idaho","G1600810","1600810","11","16081","16","081",2833,504,2329,0,0,0,0,0,0,0,0,0
"Twin Falls County","Twin Falls County, Idaho","G1600830","1600830","11","16083","16","083",50325,5525,44800,16,6,10,250,72,178,2257,909,1348
"Valley County","Valley County, Idaho","G1600850","1600850","11","16085","16","085",5453,475,4978,0,0,0,36,21,15,97,2,95
"Washington County","Washington County, Idaho","G1600870","1600870","11","16087","16","087",7973,1490,6483,0,0,0,66,7,59,675,235,440
"Adams County","Adams County, Illinois","G1700010","1700010","11","17001","17","001",67089,7096,59993,1609,398,1211,160,37,123,235,70,165
"Alexander County","Alexander County, Illinois","G1700030","1700030","11","17003","17","003",8351,1404,6947,3753,1807,1946,0,0,0,61,31,30
"Bond County","Bond County, Illinois","G1700050","1700050","11","17005","17","005",14979,1867,13112,398,154,244,0,0,0,47,18,29
"Boone County","Boone County, Illinois","G1700070","1700070","11","17007","17","007",27480,1705,25775,94,39,55,54,0,54,1242,114,1128
"Brown County","Brown County, Illinois","G1700090","1700090","11","17009","17","009",0,0,0,0,0,0,0,0,0,0,0,0
"Bureau County","Bureau County, Illinois","G1700110","1700110","11","17011","17","011",38164,3003,35161,47,4,43,36,0,36,876,106,770
"Calhoun County","Calhoun County, Illinois","G1700130","1700130","11","17013","17","013",5739,797,4942,0,0,0,0,0,0,0,0,0
"Carroll County","Carroll County, Illinois","G1700150","1700150","11","17015","17","015",18181,1838,16343,134,36,98,0,0,0,200,46,154
"Cass County","Cass County, Illinois","G1700170","1700170","11","17017","17","017",14806,1511,13295,0,0,0,0,0,0,72,13,59
"Champaign County","Champaign County, Illinois","G1700190","1700190","11","17019","17","019",130683,15148,115535,13279,3570,9709,257,47,210,1939,308,1631
"Christian County","Christian County, Illinois","G1700210","1700210","11","17021","17","021",35726,3460,32266,99,14,85,0,0,0,117,12,105
"Clark County","Clark County, Illinois","G1700230","1700230","11","17023","17","023",16591,1949,14642,0,0,0,0,0,0,39,2,37
"Clay County","Clay County, Illinois","G1700250","1700250","11","17025","17","025",14942,2188,12754,0,0,0,0,0,0,0,0,0
"Clinton County","Clinton County, Illinois","G1700270","1700270","11","17027","17","027",31535,2758,28777,172,47,125,0,0,0,142,17,125
"Coles County","Coles County, Illinois","G1700290","1700290","11","17029","17","029",46020,5896,40124,758,365,393,58,12,46,265,38,227
"Cook County","Cook County, Illinois","G1700310","1700310","11","17031","17","031",3490224,233590,3256634,1327412,399295,928117,9156,2316,6840,496337,108838,387499
"Crawford County","Crawford County, Illinois","G1700330","1700330","11","17033","17","033",20451,1668,18783,0,0,0,47,8,39,91,14,77
"Cumberland County","Cumberland County, Illinois","G1700350","1700350","11","17035","17","035",10969,1252,9717,0,0,0,0,0,0,31,2,29
"De Kalb County","De Kalb County, Illinois","G1700370","1700370","11","17037","17","037",62307,6228,56079,1153,375,778,34,0,34,1209,226,983
"De Witt County","De Witt County, Illinois","G1700390","1700390","11","17039","17","039",17811,1718,16093,0,0,0,0,0,0,51,15,36
"Douglas County","Douglas County, Illinois","G1700410","1700410","11","17041","17","041",19251,1784,17467,0,0,0,0,0,0,228,30,198
"Du Page County","Du Page County, Illinois","G1700430","1700430","11","17043","17","043",617554,17657,599897,7359,926,6433,574,58,516,16527,1002,15525
"Edgar County","Edgar County, Illinois","G1700450","1700450","11","17045","17","045",21347,2595,18752,61,19,42,0,0,0,52,2,50
"Edwards County","Edwards County, Illinois","G1700470","1700470","11","17047","17","047",7870,868,7002,0,0,0,0,0,0,0,0,0
"Effingham County","Effingham County, Illinois","G1700490","1700490","11","17049","17","049",30339,2449,27890,0,0,0,53,17,36,129,16,113
"Fayette County","Fayette County, Illinois","G1700510","1700510","11","17051","17","051",20937,2663,18274,31,4,27,40,6,34,169,2,167
"Ford County","Ford County, Illinois","G1700530","1700530","11","17053","17","053",14866,1037,13829,77,1,76,0,0,0,53,1,52
"Franklin County","Franklin County, Illinois","G1700550","1700550","11","17055","17","055",42557,6000,36557,44,23,21,0,0,0,96,9,87
"Fulton County","Fulton County, Illinois","G1700570","1700570","11","17057","17","057",42843,4539,38304,79,2,77,0,0,0,183,26,157
"Gallatin County","Gallatin County, Illinois","G1700590","1700590","11","17059","17","059",7399,1337,6062,27,2,25,0,0,0,31,4,27
"Greene County","Greene County, Illinois","G1700610","1700610","11","17061","17","061",16320,2867,13453,0,0,0,57,6,51,30,15,15
"Grundy County","Grundy County, Illinois","G1700630","1700630","11","17063","17","063",29846,1603,28243,0,0,0,54,0,54,644,74,570
"Hamilton County","Hamilton County, Illinois","G1700650","1700650","11","17065","17","065",9022,1455,7567,0,0,0,0,0,0,37,23,14
"Hancock County","Hancock County, Illinois","G1700670","1700670","11","17067","17","067",23250,2646,20604,0,0,0,0,0,0,61,20,41
"Hardin County","Hardin County, Illinois","G1700690","1700690","11","17069","17","069",5313,1025,4288,0,0,0,0,0,0,0,0,0
"Henderson County","Henderson County, Illinois","G1700710","1700710","11","17071","17","071",9049,1011,8038,0,0,0,0,0,0,63,2,61
"Henry County","Henry County, Illinois","G1700730","1700730","11","17073","17","073",56086,4026,52060,684,153,531,67,0,67,746,155,591
"Iroquois County","Iroquois County, Illinois","G1700750","1700750","11","17075","17","075",31874,2926,28948,194,87,107,34,11,23,393,105,288
"Jackson County","Jackson County, Illinois","G1700770","1700770","11","17077","17","077",48497,9511,38986,4908,2040,2868,46,22,24,452,188,264
"Jasper County","Jasper County, Illinois","G1700790","1700790","11","17079","17","079",11150,1192,9958,0,0,0,0,0,0,58,4,54
"Jefferson County","Jefferson County, Illinois","G1700810","1700810","11","17081","17","081",34369,3993,30376,1558,685,873,0,0,0,120,71,49
"Jersey County","Jersey County, Illinois","G1700830","1700830","11","17083","17","083",19230,1544,17686,27,0,27,82,0,82,100,9,91
"Jo Daviess County","Jo Daviess County, Illinois","G1700850","1700850","11","17085","17","085",23278,1830,21448,0,0,0,0,0,0,124,10,114
"Johnson County","Johnson County, Illinois","G1700870","1700870","11","17087","17","087",8799,1430,7369,30,0,30,0,0,0,43,0,43
"Kane County","Kane County, Illinois","G1700890","1700890","11","17089","17","089",247429,12111,235318,12835,2807,10028,528,47,481,26089,3414,22675
"Kankakee County","Kankakee County, Illinois","G1700910","1700910","11","17091","17","091",83431,6572,76859,13857,5368,8489,118,54,64,1148,314,834
"Kendall County","Kendall County, Illinois","G1700930","1700930","11","17093","17","093",36131,1456,34675,114,29,85,61,1,60,1258,181,1077
"Knox County","Knox County, Illinois","G1700950","1700950","11","17095","17","095",55994,4878,51116,1976,344,1632,92,15,77,1333,111,1222
"Lake County","Lake County, Illinois","G1700970","1700970","11","17097","17","097",375716,15231,360485,25791,4569,21222,779,111,668,19592,2909,16683
"La Salle County","La Salle County, Illinois","G1700990","1700990","11","17099","17","099",108428,7344,101084,361,70,291,120,9,111,2305,259,2046
"Lawrence County","Lawrence County, Illinois","G1701010","1701010","11","17101","17","101",17186,2066,15120,62,6,56,0,0,0,147,38,109
"Lee County","Lee County, Illinois","G1701030","1701030","11","17103","17","103",33710,2211,31499,384,132,252,66,0,66,455,42,413
"Livingston County","Livingston County, Illinois","G1701050","1701050","11","17105","17","105",37731,2731,35000,142,0,142,0,0,0,477,147,330
"Logan County","Logan County, Illinois","G1701070","1701070","11","17107","17","107",28631,2326,26305,142,24,118,44,13,31,154,38,116
"Mcdonough County","Mcdonough County, Illinois","G1701090","1701090","11","17109","17","109",30579,4682,25897,409,179,230,22,1,21,147,20,127
"Mchenry County","Mchenry County, Illinois","G1701110","1701110","11","17111","17","111",144808,6072,138736,81,6,75,138,7,131,2818,292,2526
"Mclean County","Mclean County, Illinois","G1701130","1701130","11","17113","17","113",103401,9687,93714,3781,1244,2537,114,44,70,852,111,741
"Macon County","Macon County, Illinois","G1701150","1701150","11","17115","17","115",114421,8159,106262,13498,4500,8998,244,27,217,570,53,517
"Macoupin County","Macoupin County, Illinois","G1701170","1701170","11","17117","17","117",47579,4494,43085,290,68,222,164,53,111,184,23,161
"Madison County","Madison County, Illinois","G1701190","1701190","11","17119","17","119",227882,19300,208582,13908,4203,9705,636,102,534,2489,325,2164
"Marion County","Marion County, Illinois","G1701210","1701210","11","17121","17","121",40973,4529,36444,1420,303,1117,115,50,65,296,97,199
"Marshall County","Marshall County, Illinois","G1701230","1701230","11","17123","17","123",14166,1003,13163,0,0,0,0,0,0,48,12,36
"Mason County","Mason County, Illinois","G1701250","1701250","11","17125","17","125",19334,2176,17158,0,0,0,0,0,0,45,15,30
"Massac County","Massac County, Illinois","G1701270","1701270","11","17127","17","127",13788,2047,11741,879,218,661,0,0,0,0,0,0
"Menard County","Menard County, Illinois","G1701290","1701290","11","17129","17","129",11417,888,10529,0,0,0,0,0,0,34,0,34
"Mercer County","Mercer County, Illinois","G1701310","1701310","11","17131","17","131",18960,1859,17101,33,0,33,0,0,0,111,7,104
"Monroe County","Monroe County, Illinois","G1701330","1701330","11","17133","17","133",19647,1098,18549,0,0,0,66,0,66,127,12,115
"Montgomery County","Montgomery County, Illinois","G1701350","1701350","11","17135","17","135",31011,3165,27846,46,6,40,40,13,27,129,0,129
"Morgan County","Morgan County, Illinois","G1701370","1701370","11","17137","17","137",34014,3431,30583,924,244,680,39,7,32,126,25,101
"Moultrie County","Moultrie County, Illinois","G1701390","1701390","11","17139","17","139",13946,1178,12768,0,0,0,48,22,26,0,0,0
"Ogle County","Ogle County, Illinois","G1701410","1701410","11","17141","17","141",44919,3024,41895,55,12,43,125,1,124,1069,219,850
"Peoria County","Peoria County, Illinois","G1701430","1701430","11","17143","17","143",170890,11808,159082,20748,6442,14306,327,54,273,2608,362,2246
"Perry County","Perry County, Illinois","G1701450","1701450","11","17145","17","145",20952,1809,19143,416,43,373,36,18,18,47,20,27
"Piatt County","Piatt County, Illinois","G1701470","1701470","11","17147","17","147",16353,1047,15306,0,0,0,0,0,0,37,0,37
"Pike County","Pike County, Illinois","G1701490","1701490","11","17149","17","149",18625,2858,15767,0,0,0,0,0,0,62,22,40
"Pope County","Pope County, Illinois","G1701510","1701510","11","17151","17","151",4123,799,3324,160,74,86,0,0,0,0,0,0
"Pulaski County","Pulaski County, Illinois","G1701530","1701530","11","17153","17","153",5813,1037,4776,2885,1566,1319,41,4,37,0,0,0
"Putnam County","Putnam County, Illinois","G1701550","1701550","11","17155","17","155",6043,400,5643,0,0,0,0,0,0,34,6,28
"Randolph County","Randolph County, Illinois","G1701570","1701570","11","17157","17","157",31117,2556,28561,781,176,605,53,11,42,282,115,167
"Richland County","Richland County, Illinois","G1701590","1701590","11","17159","17","159",17299,1717,15582,0,0,0,0,0,0,48,0,48
"Rock Island County","Rock Island County, Illinois","G1701610","1701610","11","17161","17","161",148603,10296,138307,9484,2530,6954,330,43,287,7546,1025,6521
"St. Clair County","St. Clair County, Illinois","G1701630","1701630","11","17163","17","163",187531,16012,171519,72522,30135,42387,479,110,369,3367,800,2567
"Saline County","Saline County, Illinois","G1701650","1701650","11","17165","17","165",26729,3937,22792,739,225,514,46,4,42,183,10,173
"Sangamon County","Sangamon County, Illinois","G1701670","1701670","11","17167","17","167",161269,11220,150049,11319,3554,7765,330,72,258,853,106,747
"Schuyler County","Schuyler County, Illinois","G1701690","1701690","11","17169","17","169",8238,1002,7236,0,0,0,0,0,0,28,0,28
"Scott County","Scott County, Illinois","G1701710","1701710","11","17171","17","171",6055,757,5298,0,0,0,0,0,0,0,0,0
"Shelby County","Shelby County, Illinois","G1701730","1701730","11","17173","17","173",23565,2468,21097,28,0,28,0,0,0,97,15,82
"Stark County","Stark County, Illinois","G1701750","1701750","11","17175","17","175",7231,637,6594,0,0,0,0,0,0,0,0,0
"Stephenson County","Stephenson County, Illinois","G1701770","1701770","11","17177","17","177",45908,2932,42976,2692,494,2198,79,34,45,254,10,244
"Tazewell County","Tazewell County, Illinois","G1701790","1701790","11","17179","17","179",129548,7604,121944,264,33,231,269,29,240,681,107,574
"Union County","Union County, Illinois","G1701810","1701810","11","17181","17","181",16863,2401,14462,68,68,0,35,0,35,78,46,32
"Vermilion County","Vermilion County, Illinois","G1701830","1701830","11","17183","17","183",85690,8844,76846,6481,1544,4937,238,89,149,1358,307,1051
"Wabash County","Wabash County, Illinois","G1701850","1701850","11","17185","17","185",13299,1395,11904,0,0,0,109,64,45,87,6,81
"Warren County","Warren County, Illinois","G1701870","1701870","11","17187","17","187",20421,2326,18095,324,153,171,46,20,26,216,43,173
"Washington County","Washington County, Illinois","G1701890","1701890","11","17189","17","189",15049,1412,13637,17,17,0,0,0,0,58,13,45
"Wayne County","Wayne County, Illinois","G1701910","1701910","11","17191","17","191",17819,2422,15397,0,0,0,0,0,0,108,23,85
"White County","White County, Illinois","G1701930","1701930","11","17193","17","193",17149,1816,15333,73,35,38,59,3,56,52,6,46
"Whiteside County","Whiteside County, Illinois","G1701950","1701950","11","17195","17","195",62597,3885,58712,293,78,215,102,33,69,4483,671,3812
"Will County","Will County, Illinois","G1701970","1701970","11","17197","17","197",278375,12537,265838,28466,5993,22473,556,69,487,13639,1731,11908
"Williamson County","Williamson County, Illinois","G1701990","1701990","11","17199","17","199",54605,6362,48243,607,125,482,33,19,14,253,76,177
"Winnebago County","Winnebago County, Illinois","G1702010","1702010","11","17201","17","201",221884,14777,207107,20577,5120,15457,621,100,521,5005,872,4133
"Woodford County","Woodford County, Illinois","G1702030","1702030","11","17203","17","203",32307,1799,30508,18,4,14,37,0,37,135,24,111
"Adams County","Adams County, Indiana","G1800010","1800010","11","18001","18","001",28811,2957,25854,0,0,0,59,32,27,816,72,744
"Allen County","Allen County, Indiana","G1800030","1800030","11","18003","18","003",259603,16051,243552,25598,6358,19240,605,115,490,4619,694,3925
"Bartholomew County","Bartholomew County, Indiana","G1800050","1800050","11","18005","18","005",62852,5280,57572,1001,173,828,57,12,45,463,132,331
"Benton County","Benton County, Indiana","G1800070","1800070","11","18007","18","007",10041,847,9194,0,0,0,0,0,0,77,19,58
"Blackford County","Blackford County, Indiana","G1800090","1800090","11","18009","18","009",15331,1481,13850,0,0,0,0,0,0,53,12,41
"Boone County","Boone County, Indiana","G1800110","1800110","11","18011","18","011",35530,2539,32991,26,0,26,50,2,48,201,72,129
"Brown County","Brown County, Indiana","G1800130","1800130","11","18013","18","013",12260,1327,10933,0,0,0,0,0,0,38,0,38
"Carroll County","Carroll County, Indiana","G1800150","1800150","11","18015","18","015",19473,1460,18013,0,0,0,30,0,30,101,12,89
"Cass County","Cass County, Indiana","G1800170","1800170","11","18017","18","017",39391,2919,36472,198,49,149,0,0,0,154,27,127
"Clark County","Clark County, Indiana","G1800190","1800190","11","18019","18","019",83059,6734,76325,4236,944,3292,149,52,97,313,49,264
"Clay County","Clay County, Indiana","G1800210","1800210","11","18021","18","021",24437,2644,21793,133,39,94,0,0,0,62,18,44
"Clinton County","Clinton County, Indiana","G1800230","1800230","11","18023","18","023",30588,2919,27669,0,0,0,64,8,56,477,92,385
"Crawford County","Crawford County, Indiana","G1800250","1800250","11","18025","18","025",9719,1841,7878,0,0,0,38,2,36,47,16,31
"Daviess County","Daviess County, Indiana","G1800270","1800270","11","18027","18","027",27223,4553,22670,41,0,41,50,0,50,141,8,133
"Dearborn County","Dearborn County, Indiana","G1800290","1800290","11","18029","18","029",33569,2776,30793,205,34,171,0,0,0,133,38,95
"Decatur County","Decatur County, Indiana","G1800310","1800310","11","18031","18","031",23521,2569,20952,0,0,0,0,0,0,74,6,68
"De Kalb County","De Kalb County, Indiana","G1800330","1800330","11","18033","18","033",32987,2191,30796,48,0,48,51,14,37,271,26,245
"Delaware County","Delaware County, Indiana","G1800350","1800350","11","18035","18","035",112199,12622,99577,7341,2394,4947,207,84,123,771,147,624
"Dubois County","Dubois County, Indiana","G1800370","1800370","11","18037","18","037",33706,2221,31485,0,0,0,0,0,0,114,26,88
"Elkhart County","Elkhart County, Indiana","G1800390","1800390","11","18039","18","039",127966,9073,118893,5493,1234,4259,402,47,355,1704,332,1372
"Fayette County","Fayette County, Indiana","G1800410","1800410","11","18041","18","041",27334,3100,24234,459,39,420,0,0,0,74,30,44
"Floyd County","Floyd County, Indiana","G1800430","1800430","11","18043","18","043",57998,4969,53029,2261,457,1804,0,0,0,262,21,241
"Fountain County","Fountain County, Indiana","G1800450","1800450","11","18045","18","045",18773,1551,17222,0,0,0,0,0,0,35,3,32
"Franklin County","Franklin County, Indiana","G1800470","1800470","11","18047","18","047",19488,1963,17525,0,0,0,0,0,0,122,36,86
"Fulton County","Fulton County, Indiana","G1800490","1800490","11","18049","18","049",18880,1652,17228,124,27,97,71,5,66,111,33,78
"Gibson County","Gibson County, Indiana","G1800510","1800510","11","18051","18","051",31871,3051,28820,557,135,422,0,0,0,152,5,147
"Grant County","Grant County, Indiana","G1800530","1800530","11","18053","18","053",71316,6460,64856,5033,1191,3842,246,99,147,1351,215,1136
"Greene County","Greene County, Indiana","G1800550","1800550","11","18055","18","055",29831,3608,26223,0,0,0,0,0,0,65,18,47
"Hamilton County","Hamilton County, Indiana","G1800570","1800570","11","18057","18","057",80298,3261,77037,282,62,220,51,7,44,530,42,488
"Hancock County","Hancock County, Indiana","G1800590","1800590","11","18059","18","059",43259,2638,40621,33,0,33,39,4,35,237,68,169
"Harrison County","Harrison County, Indiana","G1800610","1800610","11","18061","18","061",26902,2276,24626,157,13,144,0,0,0,110,6,104
"Hendricks County","Hendricks County, Indiana","G1800630","1800630","11","18063","18","063",67770,2743,65027,118,8,110,36,3,33,265,18,247
"Henry County","Henry County, Indiana","G1800650","1800650","11","18065","18","065",51691,5177,46514,437,51,386,63,16,47,274,11,263
"Howard County","Howard County, Indiana","G1800670","1800670","11","18067","18","067",80998,6233,74765,4216,532,3684,237,22,215,975,272,703
"Huntington County","Huntington County, Indiana","G1800690","1800690","11","18069","18","069",34421,2386,32035,64,28,36,121,14,107,131,68,63
"Jackson County","Jackson County, Indiana","G1800710","1800710","11","18071","18","071",35856,3416,32440,136,33,103,0,0,0,130,20,110
"Jasper County","Jasper County, Indiana","G1800730","1800730","11","18073","18","073",24853,1955,22898,13,0,13,0,0,0,236,4,232
"Jay County","Jay County, Indiana","G1800750","1800750","11","18075","18","075",22897,2501,20396,57,2,55,0,0,0,117,22,95
"Jefferson County","Jefferson County, Indiana","G1800770","1800770","11","18077","18","077",28054,3501,24553,451,85,366,0,0,0,120,21,99
"Jennings County","Jennings County, Indiana","G1800790","1800790","11","18079","18","079",21618,2511,19107,68,11,57,42,13,29,119,23,96
"Johnson County","Johnson County, Indiana","G1800810","1800810","11","18081","18","081",74161,4449,69712,857,544,313,114,10,104,460,88,372
"Knox County","Knox County, Indiana","G1800830","1800830","11","18083","18","083",39429,5132,34297,170,107,63,45,7,38,167,78,89
"Kosciusko County","Kosciusko County, Indiana","G1800850","1800850","11","18085","18","085",57550,4725,52825,218,40,178,118,31,87,883,120,763
"Lagrange County","Lagrange County, Indiana","G1800870","1800870","11","18087","18","087",25262,4183,21079,0,0,0,0,0,0,124,5,119
"Lake County","Lake County, Indiana","G1800890","1800890","11","18089","18","089",370639,23777,346862,124852,29883,94969,790,213,577,43500,5862,37638
"La Porte County","La Porte County, Indiana","G1800910","1800910","11","18091","18","091",96406,6628,89778,7534,1995,5539,186,40,146,1253,91,1162
"Lawrence County","Lawrence County, Indiana","G1800930","1800930","11","18093","18","093",41811,3701,38110,0,0,0,44,2,42,162,12,150
"Madison County","Madison County, Indiana","G1800950","1800950","11","18095","18","095",125648,10549,115099,8936,2059,6877,216,67,149,727,153,574
"Marion County","Marion County, Indiana","G1800970","1800970","11","18097","18","097",589453,46404,543049,152350,35292,117058,1412,308,1104,6791,1122,5669
"Marshall County","Marshall County, Indiana","G1800990","1800990","11","18099","18","099",38264,3365,34899,47,18,29,39,0,39,631,66,565
"Martin County","Martin County, Indiana","G1801010","1801010","11","18101","18","101",10764,1266,9498,0,0,0,0,0,0,54,6,48
"Miami County","Miami County, Indiana","G1801030","1801030","11","18103","18","103",37263,3057,34206,815,99,716,317,54,263,396,78,318
"Monroe County","Monroe County, Indiana","G1801050","1801050","11","18105","18","105",80480,11420,69060,1621,529,1092,104,27,77,843,239,604
"Montgomery County","Montgomery County, Indiana","G1801070","1801070","11","18107","18","107",34235,2257,31978,41,14,27,49,0,49,70,7,63
"Morgan County","Morgan County, Indiana","G1801090","1801090","11","18109","18","109",51370,4532,46838,0,0,0,41,0,41,100,21,79
"Newton County","Newton County, Indiana","G1801110","1801110","11","18111","18","111",14575,1307,13268,0,0,0,37,4,33,132,11,121
"Noble County","Noble County, Indiana","G1801130","1801130","11","18113","18","113",34630,2999,31631,20,8,12,49,4,45,433,60,373
"Ohio County","Ohio County, Indiana","G1801150","1801150","11","18115","18","115",4995,490,4505,54,0,54,0,0,0,0,0,0
"Orange County","Orange County, Indiana","G1801170","1801170","11","18117","18","117",18159,2633,15526,190,61,129,0,0,0,82,12,70
"Owen County","Owen County, Indiana","G1801190","1801190","11","18119","18","119",15538,1973,13565,0,0,0,49,12,37,60,14,46
"Parke County","Parke County, Indiana","G1801210","1801210","11","18121","18","121",16044,1887,14157,5,5,0,47,2,45,74,17,57
"Perry County","Perry County, Indiana","G1801230","1801230","11","18123","18","123",19078,2013,17065,0,0,0,51,10,41,0,0,0
"Pike County","Pike County, Indiana","G1801250","1801250","11","18125","18","125",13189,1194,11995,0,0,0,53,31,22,84,0,84
"Porter County","Porter County, Indiana","G1801270","1801270","11","18127","18","127",114549,5545,109004,204,18,186,222,3,219,2605,233,2372
"Posey County","Posey County, Indiana","G1801290","1801290","11","18129","18","129",25727,2025,23702,258,178,80,106,9,97,121,8,113
"Pulaski County","Pulaski County, Indiana","G1801310","1801310","11","18131","18","131",13038,1482,11556,40,2,38,0,0,0,114,8,106
"Putnam County","Putnam County, Indiana","G1801330","1801330","11","18133","18","133",25651,2216,23435,228,32,196,0,0,0,88,32,56
"Randolph County","Randolph County, Indiana","G1801350","1801350","11","18135","18","135",29600,3161,26439,0,0,0,43,10,33,179,42,137
"Ripley County","Ripley County, Indiana","G1801370","1801370","11","18137","18","137",24038,2557,21481,0,0,0,0,0,0,82,9,73
"Rush County","Rush County, Indiana","G1801390","1801390","11","18139","18","139",18886,2114,16772,90,0,90,0,0,0,72,33,39
"St. Joseph County","St. Joseph County, Indiana","G1801410","1801410","11","18141","18","141",206935,14967,191968,21450,5799,15651,457,104,353,3306,591,2715
"Scott County","Scott County, Indiana","G1801430","1801430","11","18143","18","143",20049,2591,17458,0,0,0,0,0,0,210,57,153
"Shelby County","Shelby County, Indiana","G1801450","1801450","11","18145","18","145",38862,2999,35863,252,86,166,50,4,46,116,3,113
"Spencer County","Spencer County, Indiana","G1801470","1801470","11","18147","18","147",18797,2022,16775,114,31,83,0,0,0,52,2,50
"Starke County","Starke County, Indiana","G1801490","1801490","11","18149","18","149",21507,2672,18835,56,22,34,69,2,67,106,6,100
"Steuben County","Steuben County, Indiana","G1801510","1801510","11","18151","18","151",23474,2118,21356,43,3,40,50,0,50,95,12,83
"Sullivan County","Sullivan County, Indiana","G1801530","1801530","11","18153","18","153",20834,2131,18703,0,0,0,33,10,23,55,7,48
"Switzerland County","Switzerland County, Indiana","G1801550","1801550","11","18155","18","155",7077,987,6090,0,0,0,0,0,0,57,0,57
"Tippecanoe County","Tippecanoe County, Indiana","G1801570","1801570","11","18157","18","157",102048,10835,91213,1262,325,937,140,22,118,1164,275,889
"Tipton County","Tipton County, Indiana","G1801590","1801590","11","18159","18","159",16565,1050,15515,0,0,0,0,0,0,126,0,126
"Union County","Union County, Indiana","G1801610","1801610","11","18161","18","161",6792,742,6050,0,0,0,0,0,0,0,0,0
"Vanderburgh County","Vanderburgh County, Indiana","G1801630","1801630","11","18163","18","163",150426,12951,137475,11796,3455,8341,269,110,159,719,153,566
"Vermillion County","Vermillion County, Indiana","G1801650","1801650","11","18165","18","165",17947,1918,16029,0,0,0,0,0,0,69,12,57
"Vigo County","Vigo County, Indiana","G1801670","1801670","11","18167","18","167",98212,9617,88595,4740,1344,3396,287,83,204,684,222,462
"Wabash County","Wabash County, Indiana","G1801690","1801690","11","18169","18","169",34304,2622,31682,34,14,20,125,9,116,188,6,182
"Warren County","Warren County, Indiana","G1801710","1801710","11","18171","18","171",8825,888,7937,0,0,0,0,0,0,40,0,40
"Warrick County","Warrick County, Indiana","G1801730","1801730","11","18173","18","173",40461,2825,37636,293,11,282,0,0,0,110,5,105
"Washington County","Washington County, Indiana","G1801750","1801750","11","18175","18","175",21685,3149,18536,0,0,0,0,0,0,131,21,110
"Wayne County","Wayne County, Indiana","G1801770","1801770","11","18177","18","177",69835,7372,62463,3736,802,2934,151,60,91,305,43,262
"Wells County","Wells County, Indiana","G1801790","1801790","11","18179","18","179",25035,1323,23712,0,0,0,0,0,0,211,9,202
"White County","White County, Indiana","G1801810","1801810","11","18181","18","181",23541,1650,21891,0,0,0,0,0,0,119,6,113
"Whitley County","Whitley County, Indiana","G1801830","1801830","11","18183","18","183",25675,1451,24224,0,0,0,100,0,100,62,0,62
"Adair County","Adair County, Iowa","G1900010","1900010","11","19001","19","001",9271,1561,7710,0,0,0,0,0,0,49,2,47
"Adams County","Adams County, Iowa","G1900030","1900030","11","19003","19","003",5617,812,4805,0,0,0,0,0,0,0,0,0
"Allamakee County","Allamakee County, Iowa","G1900050","1900050","11","19005","19","005",14696,2141,12555,0,0,0,0,0,0,96,63,33
"Appanoose County","Appanoose County, Iowa","G1900070","1900070","11","19007","19","007",15029,2521,12508,123,72,51,60,27,33,184,118,66
"Audubon County","Audubon County, Iowa","G1900090","1900090","11","19009","19","009",0,0,0,0,0,0,0,0,0,0,0,0
"Benton County","Benton County, Iowa","G1900110","1900110","11","19011","19","011",23188,2613,20575,0,0,0,65,41,24,115,28,87
"Black Hawk County","Black Hawk County, Iowa","G1900130","1900130","11","19013","19","013",121308,8923,112385,8579,2898,5681,296,107,189,827,84,743
"Boone County","Boone County, Iowa","G1900150","1900150","11","19015","19","015",24679,2224,22455,85,25,60,0,0,0,24,5,19
"Bremer County","Bremer County, Iowa","G1900170","1900170","11","19017","19","017",23510,1781,21729,0,0,0,0,0,0,74,12,62
"Buchanan County","Buchanan County, Iowa","G1900190","1900190","11","19019","19","019",22175,2573,19602,32,14,18,28,28,0,94,8,86
"Buena Vista County","Buena Vista County, Iowa","G1900210","1900210","11","19021","19","021",19593,1631,17962,0,0,0,0,0,0,37,2,35
"Butler County","Butler County, Iowa","G1900230","1900230","11","19023","19","023",17270,1658,15612,0,0,0,0,0,0,48,0,48
"Calhoun County","Calhoun County, Iowa","G1900250","1900250","11","19025","19","025",13150,1355,11795,0,0,0,0,0,0,37,4,33
"Carroll County","Carroll County, Iowa","G1900270","1900270","11","19027","19","027",22313,1972,20341,0,0,0,36,0,36,91,0,91
"Cass County","Cass County, Iowa","G1900290","1900290","11","19029","19","029",16487,1892,14595,0,0,0,0,0,0,30,13,17
"Cedar County","Cedar County, Iowa","G1900310","1900310","11","19031","19","031",18136,1899,16237,0,0,0,42,6,36,139,29,110
"Cerro Gordo County","Cerro Gordo County, Iowa","G1900330","1900330","11","19033","19","033",46583,3979,42604,81,45,36,70,39,31,997,130,867
"Cherokee County","Cherokee County, Iowa","G1900350","1900350","11","19035","19","035",15670,1686,13984,0,0,0,0,0,0,47,0,47
"Chickasaw County","Chickasaw County, Iowa","G1900370","1900370","11","19037","19","037",15207,1731,13476,0,0,0,0,0,0,0,0,0
"Clarke County","Clarke County, Iowa","G1900390","1900390","11","19039","19","039",8542,1386,7156,0,0,0,0,0,0,0,0,0
"Clay County","Clay County, Iowa","G1900410","1900410","11","19041","19","041",19107,1782,17325,0,0,0,44,1,43,42,2,40
"Clayton County","Clayton County, Iowa","G1900430","1900430","11","19043","19","043",20511,2835,17676,0,0,0,98,0,98,68,11,57
"Clinton County","Clinton County, Iowa","G1900450","1900450","11","19045","19","045",55385,4152,51233,512,112,400,0,0,0,238,16,222
"Crawford County","Crawford County, Iowa","G1900470","1900470","11","19047","19","047",18491,2223,16268,0,0,0,0,0,0,111,24,87
"Dallas County","Dallas County, Iowa","G1900490","1900490","11","19049","19","049",28910,2044,26866,0,0,0,0,0,0,72,11,61
"Davis County","Davis County, Iowa","G1900510","1900510","11","19051","19","051",0,0,0,0,0,0,0,0,0,0,0,0
"Decatur County","Decatur County, Iowa","G1900530","1900530","11","19053","19","053",8749,1688,7061,22,15,7,0,0,0,82,10,72
"Delaware County","Delaware County, Iowa","G1900550","1900550","11","19055","19","055",18615,2456,16159,0,0,0,0,0,0,48,0,48
"Des Moines County","Des Moines County, Iowa","G1900570","1900570","11","19057","19","057",43994,3493,40501,988,225,763,82,7,75,523,45,478
"Dickinson County","Dickinson County, Iowa","G1900590","1900590","11","19059","19","059",15371,1310,14061,0,0,0,0,0,0,36,5,31
"Dubuque County","Dubuque County, Iowa","G1900610","1900610","11","19061","19","061",89588,7319,82269,247,81,166,61,7,54,467,112,355
"Emmet County","Emmet County, Iowa","G1900630","1900630","11","19063","19","063",12968,1597,11371,0,0,0,0,0,0,36,14,22
"Fayette County","Fayette County, Iowa","G1900650","1900650","11","19065","19","065",24662,2663,21999,14,0,14,0,0,0,259,0,259
"Floyd County","Floyd County, Iowa","G1900670","1900670","11","19067","19","067",19024,1737,17287,0,0,0,0,0,0,76,9,67
"Franklin County","Franklin County, Iowa","G1900690","1900690","11","19069","19","069",12692,1526,11166,0,0,0,0,0,0,105,9,96
"Fremont County","Fremont County, Iowa","G1900710","1900710","11","19071","19","071",9138,1519,7619,0,0,0,0,0,0,0,0,0
"Greene County","Greene County, Iowa","G1900730","1900730","11","19073","19","073",11831,1503,10328,0,0,0,0,0,0,0,0,0
"Grundy County","Grundy County, Iowa","G1900750","1900750","11","19075","19","075",14149,896,13253,0,0,0,0,0,0,0,0,0
"Guthrie County","Guthrie County, Iowa","G1900770","1900770","11","19077","19","077",11664,1730,9934,0,0,0,0,0,0,33,0,33
"Hamilton County","Hamilton County, Iowa","G1900790","1900790","11","19079","19","079",17496,1645,15851,0,0,0,0,0,0,0,0,0
"Hancock County","Hancock County, Iowa","G1900810","1900810","11","19081","19","081",13640,1123,12517,0,0,0,0,0,0,56,11,45
"Hardin County","Hardin County, Iowa","G1900830","1900830","11","19083","19","083",20700,2142,18558,26,26,0,0,0,0,47,6,41
"Harrison County","Harrison County, Iowa","G1900850","1900850","11","19085","19","085",16025,2503,13522,0,0,0,0,0,0,0,0,0
"Henry County","Henry County, Iowa","G1900870","1900870","11","19087","19","087",17564,1390,16174,82,6,76,0,0,0,104,12,92
"Howard County","Howard County, Iowa","G1900890","1900890","11","19089","19","089",10860,1610,9250,0,0,0,0,0,0,0,0,0
"Humboldt County","Humboldt County, Iowa","G1900910","1900910","11","19091","19","091",11973,990,10983,0,0,0,0,0,0,0,0,0
"Ida County","Ida County, Iowa","G1900930","1900930","11","19093","19","093",8729,1243,7486,0,0,0,0,0,0,0,0,0
"Iowa County","Iowa County, Iowa","G1900950","1900950","11","19095","19","095",15087,1190,13897,0,0,0,0,0,0,31,7,24
"Jackson County","Jackson County, Iowa","G1900970","1900970","11","19097","19","097",22113,2807,19306,0,0,0,0,0,0,45,6,39
"Jasper County","Jasper County, Iowa","G1900990","1900990","11","19099","19","099",35660,2857,32803,23,5,18,0,0,0,82,3,79
"Jefferson County","Jefferson County, Iowa","G1901010","1901010","11","19101","19","101",14506,1744,12762,76,49,27,73,16,57,53,40,13
"Johnson County","Johnson County, Iowa","G1901030","1901030","11","19103","19","103",73514,10347,63167,1198,401,797,114,24,90,850,230,620
"Jones County","Jones County, Iowa","G1901050","1901050","11","19105","19","105",19333,2045,17288,11,0,11,16,0,16,53,16,37
"Keokuk County","Keokuk County, Iowa","G1901070","1901070","11","19107","19","107",12656,1593,11063,0,0,0,0,0,0,43,7,36
"Kossuth County","Kossuth County, Iowa","G1901090","1901090","11","19109","19","109",21476,2552,18924,0,0,0,0,0,0,84,12,72
"Lee County","Lee County, Iowa","G1901110","1901110","11","19111","19","111",39926,3482,36444,882,153,729,104,19,85,791,19,772
"Linn County","Linn County, Iowa","G1901130","1901130","11","19113","19","113",161798,10511,151287,2820,655,2165,229,25,204,1384,285,1099
"Louisa County","Louisa County, Iowa","G1901150","1901150","11","19115","19","115",11705,1327,10378,0,0,0,31,0,31,157,35,122
"Lucas County","Lucas County, Iowa","G1901170","1901170","11","19117","19","117",10004,1601,8403,0,0,0,0,0,0,25,14,11
"Lyon County","Lyon County, Iowa","G1901190","1901190","11","19119","19","119",12689,1677,11012,0,0,0,0,0,0,0,0,0
"Madison County","Madison County, Iowa","G1901210","1901210","11","19121","19","121",12238,1527,10711,0,0,0,0,0,0,68,0,68
"Mahaska County","Mahaska County, Iowa","G1901230","1901230","11","19123","19","123",21782,2590,19192,8,8,0,28,8,20,59,40,19
"Marion County","Marion County, Iowa","G1901250","1901250","11","19125","19","125",27349,2595,24754,85,7,78,0,0,0,122,29,93
"Marshall County","Marshall County, Iowa","G1901270","1901270","11","19127","19","127",39712,2971,36741,242,88,154,77,12,65,276,101,175
"Mills County","Mills County, Iowa","G1901290","1901290","11","19129","19","129",12270,1131,11139,0,0,0,0,0,0,62,15,47
"Mitchell County","Mitchell County, Iowa","G1901310","1901310","11","19131","19","131",12028,1532,10496,0,0,0,0,0,0,0,0,0
"Monona County","Monona County, Iowa","G1901330","1901330","11","19133","19","133",11376,1743,9633,0,0,0,0,0,0,0,0,0
"Monroe County","Monroe County, Iowa","G1901350","1901350","11","19135","19","135",9031,1244,7787,0,0,0,0,0,0,0,0,0
"Montgomery County","Montgomery County, Iowa","G1901370","1901370","11","19137","19","137",13064,1222,11842,0,0,0,0,0,0,32,0,32
"Muscatine County","Muscatine County, Iowa","G1901390","1901390","11","19139","19","139",38029,3338,34691,190,15,175,69,7,62,2041,448,1593
"O'brien County","O'brien County, Iowa","G1901410","1901410","11","19141","19","141",16637,1716,14921,0,0,0,0,0,0,68,2,66
"Osceola County","Osceola County, Iowa","G1901430","1901430","11","19143","19","143",8196,910,7286,0,0,0,34,0,34,0,0,0
"Page County","Page County, Iowa","G1901450","1901450","11","19145","19","145",18219,1994,16225,0,0,0,32,4,28,113,8,105
"Palo Alto County","Palo Alto County, Iowa","G1901470","1901470","11","19147","19","147",12370,1493,10877,0,0,0,0,0,0,77,7,70
"Plymouth County","Plymouth County, Iowa","G1901490","1901490","11","19149","19","149",23739,2820,20919,5,0,5,47,4,43,105,0,105
"Pocahontas County","Pocahontas County, Iowa","G1901510","1901510","11","19151","19","151",11125,1382,9743,0,0,0,0,0,0,0,0,0
"Polk County","Polk County, Iowa","G1901530","1901530","11","19153","19","153",277024,20231,256793,13454,3169,10285,786,195,591,4435,652,3783
"Pottawattamie County","Pottawattamie County, Iowa","G1901550","1901550","11","19155","19","155",84100,8025,76075,343,24,319,270,10,260,1459,343,1116
"Poweshiek County","Poweshiek County, Iowa","G1901570","1901570","11","19157","19","157",17917,2073,15844,17,11,6,0,0,0,42,6,36
"Ringgold County","Ringgold County, Iowa","G1901590","1901590","11","19159","19","159",5951,1465,4486,0,0,0,0,0,0,0,0,0
"Sac County","Sac County, Iowa","G1901610","1901610","11","19161","19","161",13842,1484,12358,0,0,0,0,0,0,0,0,0
"Scott County","Scott County, Iowa","G1901630","1901630","11","19163","19","163",148215,9893,138322,6334,2024,4310,352,63,289,3756,558,3198
"Shelby County","Shelby County, Iowa","G1901650","1901650","11","19165","19","165",14621,1844,12777,0,0,0,0,0,0,0,0,0
"Sioux County","Sioux County, Iowa","G1901670","1901670","11","19167","19","167",28841,2892,25949,77,63,14,57,41,16,59,5,54
"Story County","Story County, Iowa","G1901690","1901690","11","19169","19","169",58182,6734,51448,686,178,508,43,16,27,428,107,321
"Tama County","Tama County, Iowa","G1901710","1901710","11","19171","19","171",18252,1982,16270,0,0,0,732,151,581,79,9,70
"Taylor County","Taylor County, Iowa","G1901730","1901730","11","19173","19","173",8169,1461,6708,0,0,0,0,0,0,0,0,0
"Union County","Union County, Iowa","G1901750","1901750","11","19175","19","175",13401,1806,11595,0,0,0,0,0,0,65,13,52
"Van Buren County","Van Buren County, Iowa","G1901770","1901770","11","19177","19","177",8484,1667,6817,0,0,0,0,0,0,39,13,26
"Wapello County","Wapello County, Iowa","G1901790","1901790","11","19179","19","179",39031,3938,35093,223,30,193,56,18,38,226,95,131
"Warren County","Warren County, Iowa","G1901810","1901810","11","19181","19","181",33505,2166,31339,43,0,43,51,0,51,213,14,199
"Washington County","Washington County, Iowa","G1901830","1901830","11","19183","19","183",19573,2516,17057,33,29,4,0,0,0,140,8,132
"Wayne County","Wayne County, Iowa","G1901850","1901850","11","19185","19","185",8034,1504,6530,0,0,0,0,0,0,0,0,0
"Webster County","Webster County, Iowa","G1901870","1901870","11","19187","19","187",43225,3670,39555,936,342,594,33,7,26,584,165,419
"Winnebago County","Winnebago County, Iowa","G1901890","1901890","11","19189","19","189",12268,878,11390,6,0,6,0,0,0,49,4,45
"Winneshiek County","Winneshiek County, Iowa","G1901910","1901910","11","19191","19","191",19741,2640,17101,41,6,35,0,0,0,30,6,24
"Woodbury County","Woodbury County, Iowa","G1901930","1901930","11","19193","19","193",95442,10094,85348,963,346,617,1187,660,527,1239,208,1031
"Worth County","Worth County, Iowa","G1901950","1901950","11","19195","19","195",8859,749,8110,0,0,0,0,0,0,80,7,73
"Wright County","Wright County, Iowa","G1901970","1901970","11","19197","19","197",15857,1582,14275,0,0,0,49,0,49,195,46,149
"Allen County","Allen County, Kansas","G2000010","2000010","11","20001","20","001",14849,1754,13095,213,72,141,95,20,75,136,6,130
"Anderson County","Anderson County, Kansas","G2000030","2000030","11","20003","20","003",8552,1132,7420,0,0,0,51,9,42,56,9,47
"Atchison County","Atchison County, Kansas","G2000050","2000050","11","20005","20","005",15917,1814,14103,1028,271,757,66,0,66,269,24,245
"Barber County","Barber County, Kansas","G2000070","2000070","11","20007","20","007",6342,722,5620,0,0,0,0,0,0,44,14,30
"Barton County","Barton County, Kansas","G2000090","2000090","11","20009","20","009",30140,2415,27725,315,124,191,118,11,107,440,48,392
"Bourbon County","Bourbon County, Kansas","G2000110","2000110","11","20011","20","011",14996,1861,13135,392,156,236,69,4,65,125,71,54
"Brown County","Brown County, Kansas","G2000130","2000130","11","20013","20","013",10940,1547,9393,98,25,73,585,116,469,191,40,151
"Butler County","Butler County, Kansas","G2000150","2000150","11","20015","20","015",43321,2905,40416,176,43,133,296,16,280,505,83,422
"Chase County","Chase County, Kansas","G2000170","2000170","11","20017","20","017",3187,459,2728,0,0,0,0,0,0,0,0,0
"Chautauqua County","Chautauqua County, Kansas","G2000190","2000190","11","20019","20","019",4729,691,4038,0,0,0,127,42,85,0,0,0
"Cherokee County","Cherokee County, Kansas","G2000210","2000210","11","20021","20","021",21275,3116,18159,160,41,119,494,137,357,98,0,98
"Cheyenne County","Cheyenne County, Kansas","G2000230","2000230","11","20023","20","023",3574,492,3082,0,0,0,0,0,0,0,0,0
"Clark County","Clark County, Kansas","G2000250","2000250","11","20025","20","025",2497,214,2283,0,0,0,0,0,0,0,0,0
"Clay County","Clay County, Kansas","G2000270","2000270","11","20027","20","027",9558,1191,8367,0,0,0,0,0,0,53,4,49
"Cloud County","Cloud County, Kansas","G2000290","2000290","11","20029","20","029",11777,1670,10107,0,0,0,0,0,0,38,16,22
"Coffey County","Coffey County, Kansas","G2000310","2000310","11","20031","20","031",9130,1133,7997,0,0,0,54,0,54,0,0,0
"Comanche County","Comanche County, Kansas","G2000330","2000330","11","20033","20","033",2451,218,2233,0,0,0,0,0,0,0,0,0
"Cowley County","Cowley County, Kansas","G2000350","2000350","11","20035","20","035",33094,2857,30237,966,228,738,486,68,418,811,120,691
"Crawford County","Crawford County, Kansas","G2000370","2000370","11","20037","20","037",35654,5041,30613,285,187,98,236,96,140,235,75,160
"Decatur County","Decatur County, Kansas","G2000390","2000390","11","20039","20","039",4357,533,3824,0,0,0,0,0,0,0,0,0
"Dickinson County","Dickinson County, Kansas","G2000410","2000410","11","20041","20","041",19440,2399,17041,54,9,45,59,28,31,367,100,267
"Doniphan County","Doniphan County, Kansas","G2000430","2000430","11","20043","20","043",8751,1194,7557,246,68,178,88,23,65,128,9,119
"Douglas County","Douglas County, Kansas","G2000450","2000450","11","20045","20","045",53082,7919,45163,2518,806,1712,1190,441,749,1224,284,940
"Edwards County","Edwards County, Kansas","G2000470","2000470","11","20047","20","047",4044,454,3590,0,0,0,0,0,0,162,38,124
"Elk County","Elk County, Kansas","G2000490","2000490","11","20049","20","049",3759,592,3167,0,0,0,40,13,27,40,10,30
"Ellis County","Ellis County, Kansas","G2000510","2000510","11","20051","20","051",24051,2516,21535,46,31,15,57,10,47,136,14,122
"Ellsworth County","Ellsworth County, Kansas","G2000530","2000530","11","20053","20","053",6376,794,5582,0,0,0,0,0,0,194,18,176
"Finney County","Finney County, Kansas","G2000550","2000550","11","20055","20","055",21076,1647,19429,129,12,117,90,20,70,3458,792,2666
"Ford County","Ford County, Kansas","G2000570","2000570","11","20057","20","057",21790,1841,19949,483,121,362,176,54,122,1447,298,1149
"Franklin County","Franklin County, Kansas","G2000590","2000590","11","20059","20","059",20714,1976,18738,235,61,174,144,16,128,366,65,301
"Geary County","Geary County, Kansas","G2000610","2000610","11","20061","20","061",20716,2617,18099,4965,1679,3286,110,25,85,1589,388,1201
"Gove County","Gove County, Kansas","G2000630","2000630","11","20063","20","063",3673,627,3046,0,0,0,0,0,0,0,0,0
"Graham County","Graham County, Kansas","G2000650","2000650","11","20065","20","065",3773,561,3212,157,46,111,0,0,0,0,0,0
"Grant County","Grant County, Kansas","G2000670","2000670","11","20067","20","067",6291,553,5738,0,0,0,35,13,22,1104,177,927
"Gray County","Gray County, Kansas","G2000690","2000690","11","20069","20","069",4948,437,4511,0,0,0,0,0,0,76,38,38
"Greeley County","Greeley County, Kansas","G2000710","2000710","11","20071","20","071",1743,171,1572,0,0,0,0,0,0,138,32,106
"Greenwood County","Greenwood County, Kansas","G2000730","2000730","11","20073","20","073",8534,1066,7468,0,0,0,48,1,47,46,2,44
"Hamilton County","Hamilton County, Kansas","G2000750","2000750","11","20075","20","075",2407,252,2155,0,0,0,0,0,0,92,21,71
"Harper County","Harper County, Kansas","G2000770","2000770","11","20077","20","077",7572,988,6584,0,0,0,0,0,0,92,15,77
"Harvey County","Harvey County, Kansas","G2000790","2000790","11","20079","20","079",27645,2371,25274,505,107,398,112,47,65,1221,105,1116
"Haskell County","Haskell County, Kansas","G2000810","2000810","11","20081","20","081",3526,368,3158,0,0,0,0,0,0,320,96,224
"Hodgeman County","Hodgeman County, Kansas","G2000830","2000830","11","20083","20","083",2209,327,1882,0,0,0,0,0,0,0,0,0
"Jackson County","Jackson County, Kansas","G2000850","2000850","11","20085","20","085",10909,1014,9895,0,0,0,524,124,400,99,8,91
"Jefferson County","Jefferson County, Kansas","G2000870","2000870","11","20087","20","087",14626,1187,13439,56,11,45,127,21,106,104,15,89
"Jewell County","Jewell County, Kansas","G2000890","2000890","11","20089","20","089",5172,972,4200,0,0,0,0,0,0,0,0,0
"Johnson County","Johnson County, Kansas","G2000910","2000910","11","20091","20","091",260292,9141,251151,2920,216,2704,914,91,823,4328,254,4074
"Kearny County","Kearny County, Kansas","G2000930","2000930","11","20093","20","093",3160,332,2828,0,0,0,0,0,0,455,135,320
"Kingman County","Kingman County, Kansas","G2000950","2000950","11","20095","20","095",8680,901,7779,0,0,0,0,0,0,119,5,114
"Kiowa County","Kiowa County, Kansas","G2000970","2000970","11","20097","20","097",3850,464,3386,0,0,0,0,0,0,0,0,0
"Labette County","Labette County, Kansas","G2000990","2000990","11","20099","20","099",23158,2617,20541,1115,316,799,322,34,288,516,97,419
"Lane County","Lane County, Kansas","G2001010","2001010","11","20101","20","101",2418,215,2203,0,0,0,0,0,0,44,9,35
"Leavenworth County","Leavenworth County, Kansas","G2001030","2001030","11","20103","20","103",44823,3723,41100,3782,983,2799,358,55,303,980,129,851
"Lincoln County","Lincoln County, Kansas","G2001050","2001050","11","20105","20","105",4027,510,3517,0,0,0,0,0,0,0,0,0
"Linn County","Linn County, Kansas","G2001070","2001070","11","20107","20","107",7940,1209,6731,33,20,13,41,23,18,0,0,0
"Logan County","Logan County, Kansas","G2001090","2001090","11","20109","20","109",3422,389,3033,0,0,0,0,0,0,0,0,0
"Lyon County","Lyon County, Kansas","G2001110","2001110","11","20111","20","111",30950,2974,27976,704,262,442,219,27,192,1499,145,1354
"Mcpherson County","Mcpherson County, Kansas","G2001130","2001130","11","20113","20","113",24565,1814,22751,304,87,217,61,9,52,219,17,202
"Marion County","Marion County, Kansas","G2001150","2001150","11","20115","20","115",12605,1498,11107,28,13,15,42,2,40,120,18,102
"Marshall County","Marshall County, Kansas","G2001170","2001170","11","20117","20","117",12528,1785,10743,0,0,0,0,0,0,42,2,40
"Meade County","Meade County, Kansas","G2001190","2001190","11","20119","20","119",4622,517,4105,0,0,0,0,0,0,114,24,90
"Miami County","Miami County, Kansas","G2001210","2001210","11","20121","20","121",20007,1520,18487,509,33,476,67,6,61,250,20,230
"Mitchell County","Mitchell County, Kansas","G2001230","2001230","11","20123","20","123",7866,896,6970,0,0,0,0,0,0,0,0,0
"Montgomery County","Montgomery County, Kansas","G2001250","2001250","11","20125","20","125",37806,3750,34056,2569,650,1919,725,149,576,574,83,491
"Morris County","Morris County, Kansas","G2001270","2001270","11","20127","20","127",6236,942,5294,0,0,0,31,7,24,79,11,68
"Morton County","Morton County, Kansas","G2001290","2001290","11","20129","20","129",3262,326,2936,0,0,0,0,0,0,240,85,155
"Nemaha County","Nemaha County, Kansas","G2001310","2001310","11","20131","20","131",10802,1751,9051,50,16,34,27,23,4,32,4,28
"Neosho County","Neosho County, Kansas","G2001330","2001330","11","20133","20","133",17993,1656,16337,174,11,163,69,16,53,378,27,351
"Ness County","Ness County, Kansas","G2001350","2001350","11","20135","20","135",4393,434,3959,0,0,0,0,0,0,0,0,0
"Norton County","Norton County, Kansas","G2001370","2001370","11","20137","20","137",6286,1029,5257,0,0,0,0,0,0,50,7,43
"Osage County","Osage County, Kansas","G2001390","2001390","11","20139","20","139",14812,1455,13357,0,0,0,72,5,67,169,23,146
"Osborne County","Osborne County, Kansas","G2001410","2001410","11","20141","20","141",5726,846,4880,0,0,0,0,0,0,0,0,0
"Ottawa County","Ottawa County, Kansas","G2001430","2001430","11","20143","20","143",5771,723,5048,0,0,0,0,0,0,43,0,43
"Pawnee County","Pawnee County, Kansas","G2001450","2001450","11","20145","20","145",7165,650,6515,141,6,135,48,15,33,198,48,150
"Phillips County","Phillips County, Kansas","G2001470","2001470","11","20147","20","147",7165,783,6382,28,0,28,0,0,0,0,0,0
"Pottawatomie County","Pottawatomie County, Kansas","G2001490","2001490","11","20149","20","149",14309,1509,12800,0,0,0,54,5,49,128,27,101
"Pratt County","Pratt County, Kansas","G2001510","2001510","11","20151","20","151",9755,935,8820,101,19,82,89,20,69,89,26,63
"Rawlins County","Rawlins County, Kansas","G2001530","2001530","11","20153","20","153",4019,562,3457,0,0,0,0,0,0,33,0,33
"Reno County","Reno County, Kansas","G2001550","2001550","11","20155","20","155",60051,5252,54799,1359,375,984,284,77,207,2109,250,1859
"Republic County","Republic County, Kansas","G2001570","2001570","11","20157","20","157",0,0,0,0,0,0,0,0,0,0,0,0
"Rice County","Rice County, Kansas","G2001590","2001590","11","20159","20","159",11032,1006,10026,44,12,32,111,4,107,249,32,217
"Riley County","Riley County, Kansas","G2001610","2001610","11","20161","20","161",43760,6376,37384,3542,1083,2459,438,189,249,1794,387,1407
"Rooks County","Rooks County, Kansas","G2001630","2001630","11","20163","20","163",6833,645,6188,0,0,0,34,4,30,0,0,0
"Rush County","Rush County, Kansas","G2001650","2001650","11","20165","20","165",4420,528,3892,0,0,0,0,0,0,40,15,25
"Russell County","Russell County, Kansas","G2001670","2001670","11","20167","20","167",8567,886,7681,73,0,73,0,0,0,56,42,14
"Saline County","Saline County, Kansas","G2001690","2001690","11","20169","20","169",45397,3521,41876,1448,321,1127,76,13,63,1198,154,1044
"Scott County","Scott County, Kansas","G2001710","2001710","11","20171","20","171",5553,606,4947,0,0,0,0,0,0,114,0,114
"Sedgwick County","Sedgwick County, Kansas","G2001730","2001730","11","20173","20","173",314752,20831,293921,31110,8674,22436,3741,695,3046,10756,2075,8681
"Seward County","Seward County, Kansas","G2001750","2001750","11","20175","20","175",14326,1086,13240,885,180,705,256,6,250,1557,335,1222
"Shawnee County","Shawnee County, Kansas","G2001770","2001770","11","20177","20","177",133732,8405,125327,11468,2645,8823,1447,261,1186,5611,683,4928
"Sheridan County","Sheridan County, Kansas","G2001790","2001790","11","20179","20","179",3496,574,2922,0,0,0,0,0,0,0,0,0
"Sherman County","Sherman County, Kansas","G2001810","2001810","11","20181","20","181",7155,633,6522,0,0,0,50,15,35,381,161,220
"Smith County","Smith County, Kansas","G2001830","2001830","11","20183","20","183",5767,989,4778,0,0,0,0,0,0,0,0,0
"Stafford County","Stafford County, Kansas","G2001850","2001850","11","20185","20","185",5443,639,4804,0,0,0,0,0,0,52,13,39
"Stanton County","Stanton County, Kansas","G2001870","2001870","11","20187","20","187",2068,270,1798,0,0,0,31,0,31,256,95,161
"Stevens County","Stevens County, Kansas","G2001890","2001890","11","20189","20","189",4423,330,4093,0,0,0,53,0,53,287,3,284
"Sumner County","Sumner County, Kansas","G2001910","2001910","11","20191","20","191",23743,1801,21942,64,12,52,209,18,191,656,27,629
"Thomas County","Thomas County, Kansas","G2001930","2001930","11","20193","20","193",8044,861,7183,0,0,0,0,0,0,41,0,41
"Trego County","Trego County, Kansas","G2001950","2001950","11","20195","20","195",4065,429,3636,0,0,0,0,0,0,0,0,0
"Wabaunsee County","Wabaunsee County, Kansas","G2001970","2001970","11","20197","20","197",6582,558,6024,43,27,16,0,0,0,62,2,60
"Wallace County","Wallace County, Kansas","G2001990","2001990","11","20199","20","199",1997,357,1640,0,0,0,0,0,0,0,0,0
"Washington County","Washington County, Kansas","G2002010","2002010","11","20201","20","201",8351,1494,6857,0,0,0,0,0,0,0,0,0
"Wichita County","Wichita County, Kansas","G2002030","2002030","11","20203","20","203",2676,373,2303,0,0,0,0,0,0,387,136,251
"Wilson County","Wilson County, Kansas","G2002050","2002050","11","20205","20","205",11822,1711,10111,0,0,0,40,4,36,171,17,154
"Woodson County","Woodson County, Kansas","G2002070","2002070","11","20207","20","207",4393,544,3849,0,0,0,33,16,17,31,6,25
"Wyandotte County","Wyandotte County, Kansas","G2002090","2002090","11","20209","20","209",123428,10994,112434,41036,11334,29702,927,231,696,7917,1133,6784
"Adair County","Adair County, Kentucky","G2100010","2100010","11","21001","21","001",14453,3977,10476,511,299,212,0,0,0,107,0,107
"Allen County","Allen County, Kentucky","G2100030","2100030","11","21003","21","003",13770,2861,10909,0,0,0,0,0,0,77,21,56
"Anderson County","Anderson County, Kentucky","G2100050","2100050","11","21005","21","005",11996,1078,10918,455,86,369,0,0,0,45,0,45
"Ballard County","Ballard County, Kentucky","G2100070","2100070","11","21007","21","007",8339,1201,7138,286,79,207,0,0,0,58,3,55
"Barren County","Barren County, Kentucky","G2100090","2100090","11","21009","21","009",31736,5231,26505,1605,681,924,0,0,0,221,88,133
"Bath County","Bath County, Kentucky","G2100110","2100110","11","21011","21","011",9593,2730,6863,0,0,0,0,0,0,56,5,51
"Bell County","Bell County, Kentucky","G2100130","2100130","11","21013","21","013",32992,9951,23041,779,335,444,43,28,15,271,133,138
"Boone County","Boone County, Kentucky","G2100150","2100150","11","21015","21","015",45151,3044,42107,203,41,162,34,0,34,201,3,198
"Bourbon County","Bourbon County, Kentucky","G2100170","2100170","11","21017","21","017",17244,3002,14242,1960,750,1210,0,0,0,117,8,109
"Boyd County","Boyd County, Kentucky","G2100190","2100190","11","21019","21","019",53569,7176,46393,768,149,619,65,37,28,202,37,165
"Boyle County","Boyle County, Kentucky","G2100210","2100210","11","21021","21","021",21284,3044,18240,2282,792,1490,0,0,0,127,76,51
"Bracken County","Bracken County, Kentucky","G2100230","2100230","11","21023","21","023",7613,1373,6240,42,0,42,0,0,0,48,2,46
"Breathitt County","Breathitt County, Kentucky","G2100250","2100250","11","21025","21","025",16494,5959,10535,0,0,0,0,0,0,145,88,57
"Breckinridge County","Breckinridge County, Kentucky","G2100270","2100270","11","21027","21","027",16107,3590,12517,606,238,368,0,0,0,76,30,46
"Bullitt County","Bullitt County, Kentucky","G2100290","2100290","11","21029","21","029",42704,4206,38498,268,43,225,94,5,89,247,20,227
"Butler County","Butler County, Kentucky","G2100310","2100310","11","21031","21","031",10754,2248,8506,34,5,29,0,0,0,44,36,8
"Caldwell County","Caldwell County, Kentucky","G2100330","2100330","11","21033","21","033",12377,1463,10914,0,0,0,0,0,0,109,0,109
"Calloway County","Calloway County, Kentucky","G2100350","2100350","11","21035","21","035",25912,3804,22108,570,271,299,31,0,31,106,17,89
"Campbell County","Campbell County, Kentucky","G2100370","2100370","11","21037","21","037",81011,7657,73354,793,336,457,0,0,0,289,57,232
"Carlisle County","Carlisle County, Kentucky","G2100390","2100390","11","21039","21","039",5443,842,4601,41,19,22,0,0,0,43,2,41
"Carroll County","Carroll County, Kentucky","G2100410","2100410","11","21041","21","041",8788,1472,7316,0,0,0,0,0,0,0,0,0
"Carter County","Carter County, Kentucky","G2100430","2100430","11","21043","21","043",24704,6394,18310,0,0,0,0,0,0,177,100,77
"Casey County","Casey County, Kentucky","G2100450","2100450","11","21045","21","045",14739,5306,9433,32,3,29,0,0,0,135,45,90
"Christian County","Christian County, Kentucky","G2100470","2100470","11","21047","21","047",42757,6273,36484,13770,5177,8593,108,48,60,1693,551,1142
"Clark County","Clark County, Kentucky","G2100490","2100490","11","21049","21","049",26235,3942,22293,1730,553,1177,0,0,0,162,49,113
"Clay County","Clay County, Kentucky","G2100510","2100510","11","21051","21","051",22203,9336,12867,347,223,124,0,0,0,320,164,156
"Clinton County","Clinton County, Kentucky","G2100530","2100530","11","21053","21","053",9276,3657,5619,0,0,0,0,0,0,60,3,57
"Crittenden County","Crittenden County, Kentucky","G2100550","2100550","11","21055","21","055",8996,1534,7462,0,0,0,0,0,0,143,36,107
"Cumberland County","Cumberland County, Kentucky","G2100570","2100570","11","21057","21","057",6847,2056,4791,366,148,218,0,0,0,93,49,44
"Daviess County","Daviess County, Kentucky","G2100590","2100590","11","21059","21","059",80822,9362,71460,3200,1034,2166,0,0,0,292,76,216
"Edmonson County","Edmonson County, Kentucky","G2100610","2100610","11","21061","21","061",9688,2105,7583,69,57,12,52,52,0,60,0,60
"Elliott County","Elliott County, Kentucky","G2100630","2100630","11","21063","21","063",6907,2230,4677,0,0,0,0,0,0,51,11,40
"Estill County","Estill County, Kentucky","G2100650","2100650","11","21065","21","065",0,0,0,0,0,0,0,0,0,0,0,0
"Fayette County","Fayette County, Kentucky","G2100670","2100670","11","21067","21","067",165047,17207,147840,25976,8303,17673,245,65,180,1167,258,909
"Fleming County","Fleming County, Kentucky","G2100690","2100690","11","21069","21","069",11928,2836,9092,237,68,169,0,0,0,230,126,104
"Floyd County","Floyd County, Kentucky","G2100710","2100710","11","21071","21","071",48209,10754,37455,230,55,175,46,22,24,328,111,217
"Franklin County","Franklin County, Kentucky","G2100730","2100730","11","21073","21","073",37480,3649,33831,2579,574,2005,40,30,10,138,9,129
"Fulton County","Fulton County, Kentucky","G2100750","2100750","11","21075","21","075",7368,1419,5949,1480,983,497,0,0,0,39,0,39
"Gallatin County","Gallatin County, Kentucky","G2100770","2100770","11","21077","21","077",4712,829,3883,94,22,72,31,7,24,0,0,0
"Garrard County","Garrard County, Kentucky","G2100790","2100790","11","21079","21","079",10133,2210,7923,620,128,492,0,0,0,0,0,0
"Grant County","Grant County, Kentucky","G2100810","2100810","11","21081","21","081",12998,1701,11297,0,0,0,35,0,35,74,0,74
"Graves County","Graves County, Kentucky","G2100830","2100830","11","21083","21","083",32011,3994,28017,1500,658,842,0,0,0,237,109,128
"Grayson County","Grayson County, Kentucky","G2100850","2100850","11","21085","21","085",20576,4728,15848,38,22,16,0,0,0,133,6,127
"Green County","Green County, Kentucky","G2100870","2100870","11","21087","21","087",10450,2509,7941,0,0,0,0,0,0,81,44,37
"Greenup County","Greenup County, Kentucky","G2100890","2100890","11","21089","21","089",38645,5083,33562,128,13,115,0,0,0,89,18,71
"Hancock County","Hancock County, Kentucky","G2100910","2100910","11","21091","21","091",7522,1081,6441,102,30,72,0,0,0,47,0,47
"Hardin County","Hardin County, Kentucky","G2100930","2100930","11","21093","21","093",65313,9069,56244,6135,1522,4613,145,60,85,1516,414,1102
"Harlan County","Harlan County, Kentucky","G2100950","2100950","11","21095","21","095",39551,10053,29498,1900,656,1244,81,21,60,342,231,111
"Harrison County","Harrison County, Kentucky","G2100970","2100970","11","21097","21","097",14458,2705,11753,411,173,238,0,0,0,0,0,0
"Hart County","Hart County, Kentucky","G2100990","2100990","11","21099","21","099",14108,3715,10393,1211,594,617,0,0,0,105,58,47
"Henderson County","Henderson County, Kentucky","G2101010","2101010","11","21101","21","101",37275,3366,33909,2855,1033,1822,0,0,0,223,7,216
"Henry County","Henry County, Kentucky","G2101030","2101030","11","21103","21","103",12053,2338,9715,575,182,393,0,0,0,108,38,70
"Hickman County","Hickman County, Kentucky","G2101050","2101050","11","21105","21","105",5328,834,4494,0,0,0,0,0,0,0,0,0
"Hopkins County","Hopkins County, Kentucky","G2101070","2101070","11","21107","21","107",42300,5918,36382,2999,666,2333,0,0,0,408,107,301
"Jackson County","Jackson County, Kentucky","G2101090","2101090","11","21109","21","109",11984,4695,7289,0,0,0,0,0,0,166,44,122
"Jefferson County","Jefferson County, Kentucky","G2101110","2101110","11","21111","21","111",560663,48329,512334,107971,32998,74973,1024,230,794,4134,885,3249
"Jessamine County","Jessamine County, Kentucky","G2101130","2101130","11","21113","21","113",23557,3361,20196,1063,281,782,0,0,0,150,40,110
"Johnson County","Johnson County, Kentucky","G2101150","2101150","11","21115","21","115",24021,5486,18535,0,0,0,32,0,32,190,0,190
"Kenton County","Kenton County, Kentucky","G2101170","2101170","11","21117","21","117",131108,12214,118894,3567,1315,2252,251,76,175,665,153,512
"Knott County","Knott County, Kentucky","G2101190","2101190","11","21119","21","119",17521,5416,12105,0,0,0,0,0,0,162,119,43
"Knox County","Knox County, Kentucky","G2101210","2101210","11","21121","21","121",29441,10782,18659,400,260,140,42,42,0,301,157,144
"Larue County","Larue County, Kentucky","G2101230","2101230","11","21123","21","123",11269,2438,8831,543,208,335,0,0,0,102,30,72
"Laurel County","Laurel County, Kentucky","G2101250","2101250","11","21125","21","125",38216,7920,30296,215,160,55,58,51,7,312,63,249
"Lawrence County","Lawrence County, Kentucky","G2101270","2101270","11","21127","21","127",13936,4162,9774,24,10,14,0,0,0,40,12,28
"Lee County","Lee County, Kentucky","G2101290","2101290","11","21129","21","129",7617,2546,5071,0,0,0,0,0,0,55,28,27
"Leslie County","Leslie County, Kentucky","G2101310","2101310","11","21131","21","131",14860,5077,9783,0,0,0,0,0,0,166,43,123
"Letcher County","Letcher County, Kentucky","G2101330","2101330","11","21133","21","133",30305,8352,21953,204,19,185,0,0,0,181,30,151
"Lewis County","Lewis County, Kentucky","G2101350","2101350","11","21135","21","135",14293,4403,9890,62,48,14,42,36,6,56,20,36
"Lincoln County","Lincoln County, Kentucky","G2101370","2101370","11","21137","21","137",18121,4938,13183,791,333,458,0,0,0,183,87,96
"Livingston County","Livingston County, Kentucky","G2101390","2101390","11","21139","21","139",9106,1341,7765,0,0,0,0,0,0,0,0,0
"Logan County","Logan County, Kentucky","G2101410","2101410","11","21141","21","141",21658,3119,18539,2153,752,1401,0,0,0,181,20,161
"Lyon County","Lyon County, Kentucky","G2101430","2101430","11","21143","21","143",5367,707,4660,159,41,118,0,0,0,50,6,44
"Mccracken County","Mccracken County, Kentucky","G2101450","2101450","11","21145","21","145",54144,5588,48556,5984,2122,3862,35,16,19,350,36,314
"Mccreary County","Mccreary County, Kentucky","G2101470","2101470","11","21147","21","147",15286,5969,9317,189,168,21,72,0,72,45,7,38
"Mclean County","Mclean County, Kentucky","G2101490","2101490","11","21149","21","149",9912,1498,8414,53,8,45,0,0,0,92,34,58
"Madison County","Madison County, Kentucky","G2101510","2101510","11","21151","21","151",42962,8782,34180,2490,835,1655,60,7,53,328,81,247
"Magoffin County","Magoffin County, Kentucky","G2101530","2101530","11","21153","21","153",0,0,0,0,0,0,0,0,0,38,7,31
"Marion County","Marion County, Kentucky","G2101550","2101550","11","21155","21","155",16272,3553,12719,0,0,0,0,0,0,0,0,0
"Marshall County","Marshall County, Kentucky","G2101570","2101570","11","21157","21","157",25241,2467,22774,0,0,0,0,0,0,150,49,101
"Martin County","Martin County, Kentucky","G2101590","2101590","11","21159","21","159",13866,3736,10130,0,0,0,0,0,0,86,24,62
"Mason County","Mason County, Kentucky","G2101610","2101610","11","21161","21","161",16220,2971,13249,1337,498,839,0,0,0,116,58,58
"Meade County","Meade County, Kentucky","G2101630","2101630","11","21163","21","163",20710,2518,18192,1465,511,954,47,8,39,548,65,483
"Menifee County","Menifee County, Kentucky","G2101650","2101650","11","21165","21","165",4947,1402,3545,0,0,0,0,0,0,40,23,17
"Mercer County","Mercer County, Kentucky","G2101670","2101670","11","21167","21","167",18080,2983,15097,759,155,604,0,0,0,132,34,98
"Metcalfe County","Metcalfe County, Kentucky","G2101690","2101690","11","21169","21","169",9067,2627,6440,295,253,42,0,0,0,57,15,42
"Monroe County","Monroe County, Kentucky","G2101710","2101710","11","21171","21","171",11767,3360,8407,422,190,232,0,0,0,76,20,56
"Montgomery County","Montgomery County, Kentucky","G2101730","2101730","11","21173","21","173",18787,3957,14830,1036,354,682,0,0,0,69,28,41
"Morgan County","Morgan County, Kentucky","G2101750","2101750","11","21175","21","175",11950,4387,7563,0,0,0,0,0,0,55,17,38
"Muhlenberg County","Muhlenberg County, Kentucky","G2101770","2101770","11","21177","21","177",30160,4126,26034,1592,646,946,38,7,31,133,61,72
"Nelson County","Nelson County, Kentucky","G2101790","2101790","11","21179","21","179",25514,3891,21623,1781,690,1091,0,0,0,126,78,48
"Nicholas County","Nicholas County, Kentucky","G2101810","2101810","11","21181","21","181",6934,1423,5511,132,67,65,0,0,0,48,0,48
"Ohio County","Ohio County, Kentucky","G2101830","2101830","11","21183","21","183",21109,3552,17557,257,100,157,47,8,39,53,14,39
"Oldham County","Oldham County, Kentucky","G2101850","2101850","11","21185","21","185",24559,1524,23035,639,75,564,0,0,0,227,69,158
"Owen County","Owen County, Kentucky","G2101870","2101870","11","21187","21","187",8673,2007,6666,148,42,106,0,0,0,50,12,38
"Owsley County","Owsley County, Kentucky","G2101890","2101890","11","21189","21","189",5697,2755,2942,0,0,0,0,0,0,0,0,0
"Pendleton County","Pendleton County, Kentucky","G2101910","2101910","11","21191","21","191",10845,1875,8970,0,0,0,0,0,0,0,0,0
"Perry County","Perry County, Kentucky","G2101930","2101930","11","21193","21","193",32856,7772,25084,639,339,300,43,43,0,292,167,125
"Pike County","Pike County, Kentucky","G2101950","2101950","11","21195","21","195",80348,15582,64766,314,45,269,0,0,0,562,133,429
"Powell County","Powell County, Kentucky","G2101970","2101970","11","21197","21","197",10867,2801,8066,69,7,62,0,0,0,62,8,54
"Pulaski County","Pulaski County, Kentucky","G2101990","2101990","11","21199","21","199",44222,9816,34406,491,180,311,0,0,0,356,116,240
"Robertson County","Robertson County, Kentucky","G2102010","2102010","11","21201","21","201",2251,555,1696,0,0,0,0,0,0,0,0,0
"Rockcastle County","Rockcastle County, Kentucky","G2102030","2102030","11","21203","21","203",13853,4554,9299,0,0,0,0,0,0,38,22,16
"Rowan County","Rowan County, Kentucky","G2102050","2102050","11","21205","21","205",16023,3458,12565,40,14,26,0,0,0,116,68,48
"Russell County","Russell County, Kentucky","G2102070","2102070","11","21207","21","207",13464,4381,9083,0,0,0,0,0,0,110,80,30
"Scott County","Scott County, Kentucky","G2102090","2102090","11","21209","21","209",19309,2356,16953,1431,558,873,0,0,0,172,88,84
"Shelby County","Shelby County, Kentucky","G2102110","2102110","11","21211","21","211",20250,2479,17771,2559,887,1672,0,0,0,82,2,80
"Simpson County","Simpson County, Kentucky","G2102130","2102130","11","21213","21","213",12719,1931,10788,1763,463,1300,0,0,0,127,47,80
"Spencer County","Spencer County, Kentucky","G2102150","2102150","11","21215","21","215",5772,1030,4742,157,51,106,0,0,0,53,2,51
"Taylor County","Taylor County, Kentucky","G2102170","2102170","11","21217","21","217",19472,3506,15966,1112,339,773,33,0,33,188,88,100
"Todd County","Todd County, Kentucky","G2102190","2102190","11","21219","21","219",10298,1885,8413,1399,438,961,0,0,0,175,68,107
"Trigg County","Trigg County, Kentucky","G2102210","2102210","11","21221","21","221",8072,1217,6855,1165,380,785,0,0,0,43,10,33
"Trimble County","Trimble County, Kentucky","G2102230","2102230","11","21223","21","223",6189,819,5370,0,0,0,0,0,0,75,0,75
"Union County","Union County, Kentucky","G2102250","2102250","11","21225","21","225",14340,1657,12683,3243,2237,1006,0,0,0,204,102,102
"Warren County","Warren County, Kentucky","G2102270","2102270","11","21227","21","227",60822,8219,52603,5176,1824,3352,116,61,55,352,136,216
"Washington County","Washington County, Kentucky","G2102290","2102290","11","21229","21","229",9435,2003,7432,1068,427,641,36,0,36,129,29,100
"Wayne County","Wayne County, Kentucky","G2102310","2102310","11","21231","21","231",16455,5756,10699,0,0,0,0,0,0,92,66,26
"Webster County","Webster County, Kentucky","G2102330","2102330","11","21233","21","233",13743,2441,11302,901,177,724,0,0,0,37,15,22
"Whitley County","Whitley County, Kentucky","G2102350","2102350","11","21235","21","235",32145,8541,23604,120,47,73,0,0,0,219,62,157
"Wolfe County","Wolfe County, Kentucky","G2102370","2102370","11","21237","21","237",6637,2317,4320,0,0,0,0,0,0,95,10,85
"Woodford County","Woodford County, Kentucky","G2102390","2102390","11","21239","21","239",16063,1764,14299,0,0,0,0,0,0,154,21,133
"Acadia Parish","Acadia Parish, Louisiana","G2200010","2200010","11","22001","22","001",45887,7780,38107,9694,4514,5180,0,0,0,798,211,587
"Allen Parish","Allen Parish, Louisiana","G2200030","2200030","11","22003","22","003",16516,2698,13818,4367,1802,2565,285,37,248,282,72,210
"Ascension Parish","Ascension Parish, Louisiana","G2200050","2200050","11","22005","22","005",38289,3259,35030,11195,4441,6754,66,19,47,1061,175,886
"Assumption Parish","Assumption Parish, Louisiana","G2200070","2200070","11","22007","22","007",15034,1865,13169,6962,2991,3971,31,0,31,622,94,528
"Avoyelles Parish","Avoyelles Parish, Louisiana","G2200090","2200090","11","22009","22","009",30062,6384,23678,10385,5924,4461,49,4,45,529,212,317
"Beauregard Parish","Beauregard Parish, Louisiana","G2200110","2200110","11","22011","22","011",24217,3082,21135,4186,1815,2371,0,0,0,318,93,225
"Bienville Parish","Bienville Parish, Louisiana","G2200130","2200130","11","22013","22","013",9301,1096,8205,6924,3025,3899,0,0,0,344,217,127
"Bossier Parish","Bossier Parish, Louisiana","G2200150","2200150","11","22015","22","015",62823,4516,58307,14503,5235,9268,149,10,139,1457,259,1198
"Caddo Parish","Caddo Parish, Louisiana","G2200170","2200170","11","22017","22","017",152959,10337,142622,94067,31328,62739,382,14,368,3571,952,2619
"Calcasieu Parish","Calcasieu Parish, Louisiana","G2200190","2200190","11","22019","22","019",127777,10580,117197,35712,9681,26031,366,8,358,2641,490,2151
"Caldwell Parish","Caldwell Parish, Louisiana","G2200210","2200210","11","22021","22","021",8572,1605,6967,1943,835,1108,0,0,0,206,0,206
"Cameron Parish","Cameron Parish, Louisiana","G2200230","2200230","11","22023","22","023",8731,1163,7568,514,105,409,0,0,0,177,26,151
"Catahoula Parish","Catahoula Parish, Louisiana","G2200250","2200250","11","22025","22","025",8968,1698,7270,3114,1964,1150,0,0,0,74,41,33
"Claiborne Parish","Claiborne Parish, Louisiana","G2200270","2200270","11","22027","22","027",8967,976,7991,7960,3562,4398,0,0,0,187,110,77
"Concordia Parish","Concordia Parish, Louisiana","G2200290","2200290","11","22029","22","029",14764,1908,12856,8013,4454,3559,0,0,0,226,38,188
"De Soto Parish","De Soto Parish, Louisiana","G2200310","2200310","11","22031","22","031",13942,1463,12479,11388,4593,6795,39,0,39,334,107,227
"East Baton Rouge Parish","East Baton Rouge Parish, Louisiana","G2200330","2200330","11","22033","22","033",238099,18011,220088,110134,33385,76749,573,56,517,6364,1251,5113
"East Carroll Parish","East Carroll Parish, Louisiana","G2200350","2200350","11","22035","22","035",4458,663,3795,7078,4167,2911,0,0,0,156,49,107
"East Feliciana Parish","East Feliciana Parish, Louisiana","G2200370","2200370","11","22037","22","037",8659,1117,7542,8013,2666,5347,0,0,0,311,96,215
"Evangeline Parish","Evangeline Parish, Louisiana","G2200390","2200390","11","22039","22","039",24991,5041,19950,7988,4502,3486,0,0,0,503,203,300
"Franklin Parish","Franklin Parish, Louisiana","G2200410","2200410","11","22041","22","041",16023,2529,13494,7640,4585,3055,0,0,0,100,64,36
"Grant Parish","Grant Parish, Louisiana","G2200430","2200430","11","22043","22","043",13614,2408,11206,2886,1200,1686,0,0,0,287,124,163
"Iberia Parish","Iberia Parish, Louisiana","G2200450","2200450","11","22045","22","045",45460,3563,41897,17531,6152,11379,90,0,90,2244,187,2057
"Iberville Parish","Iberville Parish, Louisiana","G2200470","2200470","11","22047","22","047",16048,1740,14308,14712,5415,9297,43,7,36,594,140,454
"Jackson Parish","Jackson Parish, Louisiana","G2200490","2200490","11","22049","22","049",11600,1958,9642,0,0,0,0,0,0,0,0,0
"Jefferson Parish","Jefferson Parish, Louisiana","G2200510","2200510","11","22051","22","051",378286,24741,353545,62498,16428,46070,1508,366,1142,21868,2092,19776
"Jefferson Davis Parish","Jefferson Davis Parish, Louisiana","G2200530","2200530","11","22053","22","053",25602,3563,22039,6017,2407,3610,56,24,32,621,164,457
"Lafayette Parish","Lafayette Parish, Louisiana","G2200550","2200550","11","22055","22","055",115375,9824,105551,29102,8699,20403,117,50,67,3612,695,2917
"Lafourche Parish","Lafourche Parish, Louisiana","G2200570","2200570","11","22057","22","057",70552,6958,63594,8943,3784,5159,951,182,769,1889,349,1540
"La Salle Parish","La Salle Parish, Louisiana","G2200590","2200590","11","22059","22","059",15068,2663,12405,1583,620,963,148,94,54,37,3,34
"Lincoln Parish","Lincoln Parish, Louisiana","G2200610","2200610","11","22061","22","061",21213,3012,18201,11418,3947,7471,68,0,68,331,207,124
"Livingston Parish","Livingston Parish, Louisiana","G2200630","2200630","11","22063","22","063",53402,5960,47442,3880,1701,2179,113,17,96,753,186,567
"Madison Parish","Madison Parish, Louisiana","G2200650","2200650","11","22065","22","065",6384,1029,5355,9189,5618,3571,0,0,0,282,93,189
"Morehouse Parish","Morehouse Parish, Louisiana","G2200670","2200670","11","22067","22","067",20412,2935,17477,13734,7959,5775,30,30,0,132,41,91
"Natchitoches Parish","Natchitoches Parish, Louisiana","G2200690","2200690","11","22069","22","069",23828,3950,19878,13538,5811,7727,67,11,56,701,352,349
"Orleans Parish","Orleans Parish, Louisiana","G2200710","2200710","11","22071","22","071",230276,26525,203751,303349,113067,190282,588,155,433,18598,4516,14082
"Ouachita Parish","Ouachita Parish, Louisiana","G2200730","2200730","11","22073","22","073",94295,9209,85086,39121,18269,20852,133,17,116,1134,243,891
"Plaquemines Parish","Plaquemines Parish, Louisiana","G2200750","2200750","11","22075","22","075",19435,1829,17606,5277,1981,3296,311,55,256,553,118,435
"Pointe Coupee Parish","Pointe Coupee Parish, Louisiana","G2200770","2200770","11","22077","22","077",13874,1466,12408,9978,4912,5066,0,0,0,336,98,238
"Rapides Parish","Rapides Parish, Louisiana","G2200790","2200790","11","22079","22","079",92991,10700,82291,34548,13280,21268,493,91,402,1472,197,1275
"Red River Parish","Red River Parish, Louisiana","G2200810","2200810","11","22081","22","081",6519,1075,5444,3716,1817,1899,0,0,0,147,15,132
"Richland Parish","Richland Parish, Louisiana","G2200830","2200830","11","22083","22","083",13893,2656,11237,7653,4881,2772,0,0,0,59,8,51
"Sabine Parish","Sabine Parish, Louisiana","G2200850","2200850","11","22085","22","085",19522,3295,16227,4648,2173,2475,737,295,442,2053,453,1600
"St. Bernard Parish","St. Bernard Parish, Louisiana","G2200870","2200870","11","22087","22","087",60596,4729,55867,2361,888,1473,283,57,226,5159,684,4475
"St. Charles Parish","St. Charles Parish, Louisiana","G2200890","2200890","11","22089","22","089",27272,2146,25126,9467,2662,6805,104,30,74,931,167,764
"St. Helena Parish","St. Helena Parish, Louisiana","G2200910","2200910","11","22091","22","091",4739,856,3883,5054,2285,2769,0,0,0,61,44,17
"St. James Parish","St. James Parish, Louisiana","G2200930","2200930","11","22093","22","093",11276,637,10639,0,0,0,0,0,0,333,71,262
"St. John The Baptist Parish","St. John The Baptist Parish, Louisiana","G2200950","2200950","11","22095","22","095",19468,1342,18126,12128,3176,8952,41,9,32,510,60,450
"St. Landry Parish","St. Landry Parish, Louisiana","G2200970","2200970","11","22097","22","097",51456,8254,43202,31714,14759,16955,77,7,70,1126,323,803
"St. Martin Parish","St. Martin Parish, Louisiana","G2200990","2200990","11","22099","22","099",26666,3430,23236,13104,4358,8746,42,0,42,663,147,516
"St. Mary Parish","St. Mary Parish, Louisiana","G2201010","2201010","11","22101","22","101",44459,3539,40920,18341,6213,12128,334,67,267,1443,131,1312
"St. Tammany Parish","St. Tammany Parish, Louisiana","G2201030","2201030","11","22103","22","103",94778,8899,85879,13550,4555,8995,377,97,280,2336,314,2022
"Tangipahoa Parish","Tangipahoa Parish, Louisiana","G2201050","2201050","11","22105","22","105",53572,8405,45167,23719,11674,12045,126,12,114,966,357,609
"Tensas Parish","Tensas Parish, Louisiana","G2201070","2201070","11","22107","22","107",0,0,0,4616,2974,1642,0,0,0,59,20,39
"Terrebonne Parish","Terrebonne Parish, Louisiana","G2201090","2201090","11","22109","22","109",75676,7209,68467,14452,5410,9042,3175,830,2345,1444,236,1208
"Union Parish","Union Parish, Louisiana","G2201110","2201110","11","22111","22","111",14705,2176,12529,6085,2451,3634,0,0,0,205,82,123
"Vermilion Parish","Vermilion Parish, Louisiana","G2201130","2201130","11","22113","22","113",41325,5364,35961,6315,2894,3421,0,0,0,739,167,572
"Vernon Parish","Vernon Parish, Louisiana","G2201150","2201150","11","22115","22","115",37846,5520,32326,6586,2633,3953,192,40,152,1696,246,1450
"Washington Parish","Washington Parish, Louisiana","G2201170","2201170","11","22117","22","117",30487,4950,25537,13167,5895,7272,83,37,46,203,70,133
"Webster Parish","Webster Parish, Louisiana","G2201190","2201190","11","22119","22","119",28855,2993,25862,13674,5490,8184,85,43,42,326,80,246
"West Baton Rouge Parish","West Baton Rouge Parish, Louisiana","G2201210","2201210","11","22121","22","121",11334,776,10558,7581,2571,5010,0,0,0,354,50,304
"West Carroll Parish","West Carroll Parish, Louisiana","G2201230","2201230","11","22123","22","123",10618,2786,7832,2084,1268,816,0,0,0,32,8,24
"West Feliciana Parish","West Feliciana Parish, Louisiana","G2201250","2201250","11","22125","22","125",3789,600,3189,3751,1912,1839,0,0,0,94,5,89
"Winn Parish","Winn Parish, Louisiana","G2201270","2201270","11","22127","22","127",12154,1928,10226,4804,2429,2375,0,0,0,80,16,64
"Androscoggin County","Androscoggin County, Maine","G2300010","2300010","11","23001","23","001",95754,12044,83710,240,55,185,129,32,97,366,72,294
"Aroostook County","Aroostook County, Maine","G2300030","2300030","11","23003","23","003",86310,13896,72414,706,74,632,556,272,284,483,111,372
"Cumberland County","Cumberland County, Maine","G2300050","2300050","11","23005","23","005",206190,21565,184625,858,148,710,321,44,277,1207,213,994
"Franklin County","Franklin County, Maine","G2300070","2300070","11","23007","23","007",25994,3308,22686,0,0,0,0,0,0,100,6,94
"Hancock County","Hancock County, Maine","G2300090","2300090","11","23009","23","009",40225,5855,34370,47,8,39,48,12,36,175,47,128
"Kennebec County","Kennebec County, Maine","G2300110","2300110","11","23011","23","011",104955,12337,92618,117,22,95,314,75,239,569,125,444
"Knox County","Knox County, Maine","G2300130","2300130","11","23013","23","013",31772,4561,27211,0,0,0,49,10,39,97,39,58
"Lincoln County","Lincoln County, Maine","G2300150","2300150","11","23015","23","015",25318,4232,21086,0,0,0,32,4,28,79,3,76
"Oxford County","Oxford County, Maine","G2300170","2300170","11","23017","23","017",47875,6048,41827,0,0,0,57,17,40,284,78,206
"Penobscot County","Penobscot County, Maine","G2300190","2300190","11","23019","23","019",127428,16539,110889,215,43,172,969,186,783,466,140,326
"Piscataquis County","Piscataquis County, Maine","G2300210","2300210","11","23021","23","021",17323,2449,14874,0,0,0,143,14,129,106,51,55
"Sagadahoc County","Sagadahoc County, Maine","G2300230","2300230","11","23023","23","023",27670,3116,24554,157,12,145,58,0,58,216,2,214
"Somerset County","Somerset County, Maine","G2300250","2300250","11","23025","23","025",43926,7168,36758,34,6,28,96,8,88,118,6,112
"Waldo County","Waldo County, Maine","G2300270","2300270","11","23027","23","027",27868,5579,22289,0,0,0,0,0,0,101,15,86
"Washington County","Washington County, Maine","G2300290","2300290","11","23029","23","029",32955,6891,26064,0,0,0,970,455,515,74,9,65
"York County","York County, Maine","G2300310","2300310","11","23031","23","031",135237,13279,121958,296,32,264,361,82,279,552,80,472
"Allegany County","Allegany County, Maryland","G2400010","2400010","11","24001","24","001",76418,9161,67257,1062,307,755,43,24,19,268,31,237
"Anne Arundel County","Anne Arundel County, Maryland","G2400030","2400030","11","24003","24","003",312646,14629,298017,37981,7175,30806,702,92,610,3535,291,3244
"Baltimore County","Baltimore County, Maryland","G2400050","2400050","11","24005","24","005",580401,27272,553129,51337,5772,45565,923,136,787,4645,423,4222
"Calvert County","Calvert County, Maryland","G2400090","2400090","11","24009","24","009",26582,1852,24730,7525,1675,5850,0,0,0,281,45,236
"Caroline County","Caroline County, Maryland","G2400110","2400110","11","24011","24","011",18820,2102,16718,3861,931,2930,0,0,0,235,104,131
"Carroll County","Carroll County, Maryland","G2400130","2400130","11","24013","24","013",89770,4431,85339,2147,344,1803,66,19,47,493,62,431
"Cecil County","Cecil County, Maryland","G2400150","2400150","11","24015","24","015",55747,4478,51269,2870,1006,1864,39,8,31,433,107,326
"Charles County","Charles County, Maryland","G2400170","2400170","11","24017","24","017",56330,3105,53225,14399,3124,11275,596,133,463,918,163,755
"Dorchester County","Dorchester County, Maryland","G2400190","2400190","11","24019","24","019",20956,1976,18980,8782,2323,6459,0,0,0,309,88,221
"Frederick County","Frederick County, Maryland","G2400210","2400210","11","24021","24","021",104405,5947,98458,6086,1397,4689,134,4,130,744,122,622
"Garrett County","Garrett County, Maryland","G2400230","2400230","11","24023","24","023",25897,4080,21817,0,0,0,26,12,14,52,2,50
"Harford County","Harford County, Maryland","G2400250","2400250","11","24025","24","025",128891,7750,121141,10967,2611,8356,381,99,282,1559,136,1423
"Howard County","Howard County, Maryland","G2400270","2400270","11","24027","24","027",101010,3075,97935,13360,976,12384,167,4,163,1451,75,1376
"Kent County","Kent County, Maryland","G2400290","2400290","11","24029","24","029",12226,1247,10979,3678,837,2841,51,6,45,215,91,124
"Montgomery County","Montgomery County, Maryland","G2400310","2400310","11","24031","24","031",492034,16339,475695,50322,5924,44398,1161,201,960,22689,1897,20792
"Prince George's County","Prince George's County, Maryland","G2400330","2400330","11","24033","24","033",381672,20038,361634,243612,20913,222699,1936,253,1683,13466,1368,12098
"Queen Anne's County","Queen Anne's County, Maryland","G2400350","2400350","11","24035","24","035",21075,1621,19454,3966,795,3171,0,0,0,220,92,128
"St. Mary's County","St. Mary's County, Maryland","G2400370","2400370","11","24037","24","037",48032,3748,44284,9218,2496,6722,97,20,77,748,125,623
"Somerset County","Somerset County, Maryland","G2400390","2400390","11","24039","24","039",12285,1407,10878,6115,1470,4645,0,0,0,112,37,75
"Talbot County","Talbot County, Maryland","G2400410","2400410","11","24041","24","041",19810,1218,18592,5371,1364,4007,0,0,0,86,17,69
"Washington County","Washington County, Maryland","G2400430","2400430","11","24043","24","043",104424,10828,93596,2799,741,2058,68,2,66,653,117,536
"Wicomico County","Wicomico County, Maryland","G2400450","2400450","11","24045","24","045",48017,4101,43916,13538,3568,9970,75,19,56,254,22,232
"Worcester County","Worcester County, Maryland","G2400470","2400470","11","24047","24","047",22334,2265,20069,8052,1711,6341,72,6,66,264,60,204
"Baltimore City","Baltimore City, Maryland","G2405100","2405100","11","24510","24","510",337594,42845,294749,422945,131033,291912,2086,758,1328,7488,2317,5171
"Barnstable County","Barnstable County, Massachusetts","G2500010","2500010","11","25001","25","001",140760,11884,128876,1750,423,1327,823,186,637,879,163,716
"Berkshire County","Berkshire County, Massachusetts","G2500030","2500030","11","25003","25","003",136856,12746,124110,1860,403,1457,136,16,120,720,89,631
"Bristol County","Bristol County, Massachusetts","G2500050","2500050","11","25005","25","005",449101,42861,406240,4416,1146,3270,658,143,515,10966,2462,8504
"Dukes County","Dukes County, Massachusetts","G2500070","2500070","11","25007","25","007",8469,720,7749,294,96,198,0,0,0,112,50,62
"Essex County","Essex County, Massachusetts","G2500090","2500090","11","25009","25","009",603431,50423,553008,6246,1472,4774,1059,264,795,17055,6555,10500
"Franklin County","Franklin County, Massachusetts","G2500110","2500110","11","25011","25","011",62727,6715,56012,254,59,195,108,48,60,285,68,217
"Hampden County","Hampden County, Massachusetts","G2500130","2500130","11","25013","25","013",387086,33685,353401,27184,7247,19937,656,108,548,22451,12239,10212
"Hampshire County","Hampshire County, Massachusetts","G2500150","2500150","11","25015","25","015",115391,12711,102680,1411,355,1056,160,11,149,1589,513,1076
"Middlesex County","Middlesex County, Massachusetts","G2500170","2500170","11","25017","25","017",1277282,84761,1192521,23599,3332,20267,1496,340,1156,22293,5724,16569
"Nantucket County","Nantucket County, Massachusetts","G2500190","2500190","11","25019","25","019",4884,267,4617,67,0,67,0,0,0,0,0,0
"Norfolk County","Norfolk County, Massachusetts","G2500210","2500210","11","25021","25","021",579479,31069,548410,5173,618,4555,454,78,376,4563,476,4087
"Plymouth County","Plymouth County, Massachusetts","G2500230","2500230","11","25023","25","023",382808,29079,353729,7322,1340,5982,767,162,605,4093,962,3131
"Suffolk County","Suffolk County, Massachusetts","G2500250","2500250","11","25025","25","025",451473,67720,383753,124177,35680,88497,1462,511,951,39242,16901,22341
"Worcester County","Worcester County, Massachusetts","G2500270","2500270","11","25027","25","027",606896,52153,554743,7425,1287,6138,937,244,693,12765,5288,7477
"Alcona County","Alcona County, Michigan","G2600010","2600010","11","26001","26","001",9559,1565,7994,0,0,0,43,19,24,54,8,46
"Alger County","Alger County, Michigan","G2600030","2600030","11","26003","26","003",8808,1091,7717,2,0,2,211,66,145,30,6,24
"Allegan County","Allegan County, Michigan","G2600050","2600050","11","26005","26","005",77514,6043,71471,1350,377,973,453,147,306,1818,369,1449
"Alpena County","Alpena County, Michigan","G2600070","2600070","11","26007","26","007",31661,3305,28356,0,0,0,88,49,39,134,7,127
"Antrim County","Antrim County, Michigan","G2600090","2600090","11","26009","26","009",15836,1715,14121,0,0,0,114,16,98,86,8,78
"Arenac County","Arenac County, Michigan","G2600110","2600110","11","26011","26","011",14451,2183,12268,0,0,0,62,21,41,153,55,98
"Baraga County","Baraga County, Michigan","G2600130","2600130","11","26013","26","013",7438,810,6628,0,0,0,749,180,569,0,0,0
"Barry County","Barry County, Michigan","G2600150","2600150","11","26015","26","015",44505,3822,40683,110,37,73,336,50,286,448,97,351
"Bay County","Bay County, Michigan","G2600170","2600170","11","26017","26","017",115444,10162,105282,869,228,641,558,104,454,2949,749,2200
"Benzie County","Benzie County, Michigan","G2600190","2600190","11","26019","26","019",10813,1273,9540,28,21,7,183,58,125,90,15,75
"Berrien County","Berrien County, Michigan","G2600210","2600210","11","26021","26","021",141898,13156,128742,24254,9023,15231,540,184,356,1854,493,1361
"Branch County","Branch County, Michigan","G2600230","2600230","11","26023","26","023",38708,4118,34590,44,16,28,189,29,160,137,20,117
"Calhoun County","Calhoun County, Michigan","G2600250","2600250","11","26025","26","025",122100,11276,110824,13094,2923,10171,603,207,396,2519,359,2160
"Cass County","Cass County, Michigan","G2600270","2600270","11","26027","26","027",44435,4253,40182,4033,998,3035,362,95,267,355,91,264
"Charlevoix County","Charlevoix County, Michigan","G2600290","2600290","11","26029","26","029",19299,2124,17175,0,0,0,349,59,290,86,34,52
"Cheboygan County","Cheboygan County, Michigan","G2600310","2600310","11","26031","26","031",20231,2981,17250,0,0,0,180,41,139,84,53,31
"Chippewa County","Chippewa County, Michigan","G2600330","2600330","11","26033","26","033",24725,3296,21429,32,12,20,2408,641,1767,112,41,71
"Clare County","Clare County, Michigan","G2600350","2600350","11","26035","26","035",23330,3726,19604,0,0,0,175,38,137,103,7,96
"Clinton County","Clinton County, Michigan","G2600370","2600370","11","26037","26","037",54567,3088,51479,144,2,142,219,35,184,1003,101,902
"Crawford County","Crawford County, Michigan","G2600390","2600390","11","26039","26","039",9184,1289,7895,0,0,0,49,1,48,0,0,0
"Delta County","Delta County, Michigan","G2600410","2600410","11","26041","26","041",37967,4290,33677,0,0,0,536,131,405,119,32,87
"Dickinson County","Dickinson County, Michigan","G2600430","2600430","11","26043","26","043",25043,2195,22848,0,0,0,0,0,0,97,62,35
"Eaton County","Eaton County, Michigan","G2600450","2600450","11","26045","26","045",83453,4798,78655,2010,139,1871,296,28,268,1532,172,1360
"Emmet County","Emmet County, Michigan","G2600470","2600470","11","26047","26","047",21827,2171,19656,22,2,20,480,100,380,68,20,48
"Genesee County","Genesee County, Michigan","G2600490","2600490","11","26049","26","049",359270,28265,331005,77882,17469,60413,3084,540,2544,7000,1591,5409
"Gladwin County","Gladwin County, Michigan","G2600510","2600510","11","26051","26","051",19670,2887,16783,0,0,0,100,31,69,122,19,103
"Gogebic County","Gogebic County, Michigan","G2600530","2600530","11","26053","26","053",18774,2226,16548,2,0,2,315,76,239,53,9,44
"Grand Traverse County","Grand Traverse County, Michigan","G2600550","2600550","11","26055","26","055",52305,4248,48057,23,4,19,361,105,256,254,24,230
"Gratiot County","Gratiot County, Michigan","G2600570","2600570","11","26057","26","057",37919,4372,33547,0,0,0,203,74,129,1129,185,944
"Hillsdale County","Hillsdale County, Michigan","G2600590","2600590","11","26059","26","059",40608,4312,36296,80,33,47,81,21,60,262,20,242
"Houghton County","Houghton County, Michigan","G2600610","2600610","11","26061","26","061",33843,5695,28148,114,64,50,70,18,52,130,49,81
"Huron County","Huron County, Michigan","G2600630","2600630","11","26063","26","063",35550,4394,31156,30,14,16,97,46,51,362,60,302
"Ingham County","Ingham County, Michigan","G2600650","2600650","11","26065","26","065",225264,26767,198497,19778,4398,15380,1676,420,1256,10042,2500,7542
"Ionia County","Ionia County, Michigan","G2600670","2600670","11","26067","26","067",47666,4331,43335,35,7,28,142,12,130,793,163,630
"Iosco County","Iosco County, Michigan","G2600690","2600690","11","26069","26","069",26313,3032,23281,528,98,430,115,39,76,291,53,238
"Iron County","Iron County, Michigan","G2600710","2600710","11","26071","26","071",13254,1556,11698,0,0,0,61,34,27,0,0,0
"Isabella County","Isabella County, Michigan","G2600730","2600730","11","26073","26","073",45512,8445,37067,350,103,247,537,138,399,667,196,471
"Jackson County","Jackson County, Michigan","G2600750","2600750","11","26075","26","075",134111,11548,122563,7167,1467,5700,583,121,462,1342,172,1170
"Kalamazoo County","Kalamazoo County, Michigan","G2600770","2600770","11","26077","26","077",183811,16658,167153,14766,4278,10488,805,117,688,2318,476,1842
"Kalkaska County","Kalkaska County, Michigan","G2600790","2600790","11","26079","26","079",10725,1482,9243,0,0,0,53,17,36,67,67,0
"Kent County","Kent County, Michigan","G2600810","2600810","11","26081","26","081",394162,27685,366477,30903,8407,22496,2098,502,1596,8403,1821,6582
"Keweenaw County","Keweenaw County, Michigan","G2600830","2600830","11","26083","26","083",1943,259,1684,0,0,0,0,0,0,0,0,0
"Lake County","Lake County, Michigan","G2600850","2600850","11","26085","26","085",6350,1322,5028,1285,505,780,37,28,9,69,36,33
"Lapeer County","Lapeer County, Michigan","G2600870","2600870","11","26087","26","087",67348,4769,62579,136,22,114,194,21,173,1248,153,1095
"Leelanau County","Leelanau County, Michigan","G2600890","2600890","11","26089","26","089",13605,1050,12555,0,0,0,211,75,136,58,0,58
"Lenawee County","Lenawee County, Michigan","G2600910","2600910","11","26091","26","091",84859,6883,77976,527,89,438,115,20,95,4478,888,3590
"Livingston County","Livingston County, Michigan","G2600930","2600930","11","26093","26","093",97565,4641,92924,39,7,32,475,33,442,623,52,571
"Luce County","Luce County, Michigan","G2600950","2600950","11","26095","26","095",5861,738,5123,0,0,0,0,0,0,0,0,0
"Mackinac County","Mackinac County, Michigan","G2600970","2600970","11","26097","26","097",9203,1126,8077,0,0,0,859,188,671,0,0,0
"Macomb County","Macomb County, Michigan","G2600990","2600990","11","26099","26","099",672154,29637,642517,8746,1621,7125,1921,173,1748,6681,645,6036
"Manistee County","Manistee County, Michigan","G2601010","2601010","11","26101","26","101",22371,2349,20022,51,0,51,222,58,164,316,82,234
"Marquette County","Marquette County, Michigan","G2601030","2601030","11","26103","26","103",66882,6418,60464,576,114,462,595,74,521,487,74,413
"Mason County","Mason County, Michigan","G2601050","2601050","11","26105","26","105",25369,3044,22325,74,22,52,165,47,118,383,56,327
"Mecosta County","Mecosta County, Michigan","G2601070","2601070","11","26107","26","107",30582,5415,25167,491,138,353,157,44,113,180,49,131
"Menominee County","Menominee County, Michigan","G2601090","2601090","11","26109","26","109",25552,2375,23177,0,0,0,295,143,152,41,3,38
"Midland County","Midland County, Michigan","G2601110","2601110","11","26111","26","111",70170,5610,64560,514,40,474,216,46,170,754,50,704
"Missaukee County","Missaukee County, Michigan","G2601130","2601130","11","26113","26","113",9883,1410,8473,0,0,0,46,16,30,0,0,0
"Monroe County","Monroe County, Michigan","G2601150","2601150","11","26115","26","115",130176,9148,121028,2203,324,1879,329,89,240,1451,178,1273
"Montcalm County","Montcalm County, Michigan","G2601170","2601170","11","26117","26","117",46265,5415,40850,113,9,104,186,63,123,630,160,470
"Montmorency County","Montmorency County, Michigan","G2601190","2601190","11","26119","26","119",7404,1480,5924,0,0,0,37,25,12,46,19,27
"Muskegon County","Muskegon County, Michigan","G2601210","2601210","11","26121","26","121",133299,12698,120601,18632,5714,12918,1310,357,953,2715,453,2262
"Newaygo County","Newaygo County, Michigan","G2601230","2601230","11","26123","26","123",33469,4364,29105,577,212,365,209,88,121,643,97,546
"Oakland County","Oakland County, Michigan","G2601250","2601250","11","26125","26","125",933166,44118,889048,46493,7388,39105,3246,447,2799,13838,1425,12413
"Oceana County","Oceana County, Michigan","G2601270","2601270","11","26127","26","127",20927,2574,18353,0,0,0,215,53,162,881,372,509
"Ogemaw County","Ogemaw County, Michigan","G2601290","2601290","11","26129","26","129",16066,2949,13117,0,0,0,51,17,34,65,25,40
"Ontonagon County","Ontonagon County, Michigan","G2601310","2601310","11","26131","26","131",9604,1222,8382,0,0,0,0,0,0,0,0,0
"Osceola County","Osceola County, Michigan","G2601330","2601330","11","26133","26","133",18542,2560,15982,0,0,0,94,61,33,134,27,107
"Oscoda County","Oscoda County, Michigan","G2601350","2601350","11","26135","26","135",6703,1027,5676,0,0,0,0,0,0,0,0,0
"Otsego County","Otsego County, Michigan","G2601370","2601370","11","26137","26","137",14488,1358,13130,0,0,0,0,0,0,57,0,57
"Ottawa County","Ottawa County, Michigan","G2601390","2601390","11","26139","26","139",149288,8181,141107,434,132,302,443,125,318,4846,954,3892
"Presque Isle County","Presque Isle County, Michigan","G2601410","2601410","11","26141","26","141",13996,2308,11688,0,0,0,64,2,62,49,0,49
"Roscommon County","Roscommon County, Michigan","G2601430","2601430","11","26143","26","143",16126,2074,14052,0,0,0,45,12,33,0,0,0
"Saginaw County","Saginaw County, Michigan","G2601450","2601450","11","26145","26","145",180623,13806,166817,35387,10308,25079,883,238,645,12074,2821,9253
"St. Clair County","St. Clair County, Michigan","G2601470","2601470","11","26147","26","147",133594,12042,121552,2803,1000,1803,501,97,404,1943,480,1463
"St. Joseph County","St. Joseph County, Michigan","G2601490","2601490","11","26149","26","149",53848,5021,48827,1278,268,1010,190,45,145,290,43,247
"Sanilac County","Sanilac County, Michigan","G2601510","2601510","11","26151","26","151",39717,4564,35153,0,0,0,110,31,79,757,130,627
"Schoolcraft County","Schoolcraft County, Michigan","G2601530","2601530","11","26153","26","153",7873,1004,6869,0,0,0,0,0,0,0,0,0
"Shiawassee County","Shiawassee County, Michigan","G2601550","2601550","11","26155","26","155",69856,5456,64400,42,2,40,332,87,245,619,80,539
"Tuscola County","Tuscola County, Michigan","G2601570","2601570","11","26157","26","157",54679,5174,49505,248,32,216,222,95,127,965,184,781
"Van Buren County","Van Buren County, Michigan","G2601590","2601590","11","26159","26","159",59431,6871,52560,5016,1597,3419,579,194,385,1470,339,1131
"Washtenaw County","Washtenaw County, Michigan","G2601610","2601610","11","26161","26","161",211491,20270,191221,25614,5233,20381,797,135,662,3414,557,2857
"Wayne County","Wayne County, Michigan","G2601630","2601630","11","26163","26","163",1448048,105617,1342431,816829,215677,601152,7764,1576,6188,44749,8126,36623
"Wexford County","Wexford County, Michigan","G2601650","2601650","11","26165","26","165",24667,3045,21622,0,0,0,63,28,35,111,15,96
"Aitkin County","Aitkin County, Minnesota","G2700010","2700010","11","27001","27","001",13071,2366,10705,0,0,0,164,32,132,30,17,13
"Anoka County","Anoka County, Minnesota","G2700030","2700030","11","27003","27","003",190756,8575,182181,263,13,250,1249,211,1038,1191,131,1060
"Becker County","Becker County, Minnesota","G2700050","2700050","11","27005","27","005",26975,3995,22980,0,0,0,1760,590,1170,126,33,93
"Beltrami County","Beltrami County, Minnesota","G2700070","2700070","11","27007","27","007",24669,4490,20179,0,0,0,3803,1105,2698,141,12,129
"Benton County","Benton County, Minnesota","G2700090","2700090","11","27009","27","009",24465,2725,21740,0,0,0,53,19,34,102,15,87
"Big Stone County","Big Stone County, Minnesota","G2700110","2700110","11","27011","27","011",7472,1164,6308,0,0,0,0,0,0,0,0,0
"Blue Earth County","Blue Earth County, Minnesota","G2700130","2700130","11","27013","27","013",47613,6069,41544,181,42,139,85,11,74,345,120,225
"Brown County","Brown County, Minnesota","G2700150","2700150","11","27015","27","015",27325,2825,24500,0,0,0,0,0,0,102,25,77
"Carlton County","Carlton County, Minnesota","G2700170","2700170","11","27017","27","017",28016,2305,25711,0,0,0,937,239,698,63,9,54
"Carver County","Carver County, Minnesota","G2700190","2700190","11","27019","27","019",35905,2151,33754,38,0,38,0,0,0,100,24,76
"Cass County","Cass County, Minnesota","G2700210","2700210","11","27021","27","021",18519,3393,15126,0,0,0,1783,623,1160,77,48,29
"Chippewa County","Chippewa County, Minnesota","G2700230","2700230","11","27023","27","023",14584,1948,12636,0,0,0,0,0,0,75,35,40
"Chisago County","Chisago County, Minnesota","G2700250","2700250","11","27025","27","025",24971,1774,23197,0,0,0,71,21,50,62,11,51
"Clay County","Clay County, Minnesota","G2700270","2700270","11","27027","27","027",44180,4731,39449,86,26,60,161,23,138,412,109,303
"Clearwater County","Clearwater County, Minnesota","G2700290","2700290","11","27029","27","029",7917,1608,6309,0,0,0,586,274,312,0,0,0
"Cook County","Cook County, Minnesota","G2700310","2700310","11","27031","27","031",3709,406,3303,0,0,0,265,35,230,0,0,0
"Cottonwood County","Cottonwood County, Minnesota","G2700330","2700330","11","27033","27","033",14472,1965,12507,0,0,0,0,0,0,47,9,38
"Crow Wing County","Crow Wing County, Minnesota","G2700350","2700350","11","27035","27","035",40414,6184,34230,0,0,0,226,108,118,119,24,95
"Dakota County","Dakota County, Minnesota","G2700370","2700370","11","27037","27","037",188510,7780,180730,1156,144,1012,563,8,555,2000,177,1823
"Dodge County","Dodge County, Minnesota","G2700390","2700390","11","27039","27","039",14476,1496,12980,0,0,0,0,0,0,89,6,83
"Douglas County","Douglas County, Minnesota","G2700410","2700410","11","27041","27","041",26964,4248,22716,0,0,0,131,0,131,70,8,62
"Faribault County","Faribault County, Minnesota","G2700430","2700430","11","27043","27","043",19089,2209,16880,0,0,0,0,0,0,279,84,195
"Fillmore County","Fillmore County, Minnesota","G2700450","2700450","11","27045","27","045",21300,3481,17819,0,0,0,0,0,0,61,20,41
"Freeborn County","Freeborn County, Minnesota","G2700470","2700470","11","27047","27","047",35093,3154,31939,0,0,0,53,30,23,872,108,764
"Goodhue County","Goodhue County, Minnesota","G2700490","2700490","11","27049","27","049",37293,3015,34278,0,0,0,177,8,169,81,6,75
"Grant County","Grant County, Minnesota","G2700510","2700510","11","27051","27","051",6968,1019,5949,0,0,0,0,0,0,30,0,30
"Hennepin County","Hennepin County, Minnesota","G2700530","2700530","11","27053","27","053",860659,52368,808291,31935,9084,22851,10646,3886,6760,7992,1515,6477
"Houston County","Houston County, Minnesota","G2700550","2700550","11","27055","27","055",18035,2005,16030,0,0,0,0,0,0,47,0,47
"Hubbard County","Hubbard County, Minnesota","G2700570","2700570","11","27057","27","057",13634,2556,11078,0,0,0,225,60,165,0,0,0
"Isanti County","Isanti County, Minnesota","G2700590","2700590","11","27059","27","059",22527,1735,20792,47,14,33,85,14,71,89,8,81
"Itasca County","Itasca County, Minnesota","G2700610","2700610","11","27061","27","061",41362,4012,37350,0,0,0,955,472,483,108,30,78
"Jackson County","Jackson County, Minnesota","G2700630","2700630","11","27063","27","063",13420,2169,11251,0,0,0,0,0,0,36,2,34
"Kanabec County","Kanabec County, Minnesota","G2700650","2700650","11","27065","27","065",11883,1744,10139,0,0,0,0,0,0,37,7,30
"Kandiyohi County","Kandiyohi County, Minnesota","G2700670","2700670","11","27067","27","067",35156,3845,31311,0,0,0,51,4,47,156,48,108
"Kittson County","Kittson County, Minnesota","G2700690","2700690","11","27069","27","069",0,0,0,0,0,0,0,0,0,0,0,0
"Koochiching County","Koochiching County, Minnesota","G2700710","2700710","11","27071","27","071",16973,2008,14965,0,0,0,347,106,241,0,0,0
"Lac Qui Parle County","Lac Qui Parle County, Minnesota","G2700730","2700730","11","27073","27","073",10277,1641,8636,0,0,0,0,0,0,0,0,0
"Lake County","Lake County, Minnesota","G2700750","2700750","11","27075","27","075",12826,560,12266,0,0,0,31,2,29,42,0,42
"Lake Of The Woods County","Lake Of The Woods County, Minnesota","G2700770","2700770","11","27077","27","077",0,0,0,0,0,0,0,0,0,40,0,40
"Le Sueur County","Le Sueur County, Minnesota","G2700790","2700790","11","27079","27","079",23037,2097,20940,0,0,0,33,0,33,73,20,53
"Lincoln County","Lincoln County, Minnesota","G2700810","2700810","11","27081","27","081",7991,1761,6230,0,0,0,0,0,0,0,0,0
"Lyon County","Lyon County, Minnesota","G2700830","2700830","11","27083","27","083",23482,2801,20681,25,0,25,76,50,26,119,30,89
"Mcleod County","Mcleod County, Minnesota","G2700850","2700850","11","27085","27","085",28995,2508,26487,0,0,0,38,8,30,224,26,198
"Mahnomen County","Mahnomen County, Minnesota","G2700870","2700870","11","27087","27","087",4465,1040,3425,0,0,0,985,266,719,39,8,31
"Marshall County","Marshall County, Minnesota","G2700890","2700890","11","27089","27","089",12870,2086,10784,0,0,0,0,0,0,42,6,36
"Martin County","Martin County, Minnesota","G2700910","2700910","11","27091","27","091",24056,2264,21792,0,0,0,0,0,0,68,8,60
"Meeker County","Meeker County, Minnesota","G2700930","2700930","11","27093","27","093",20068,2713,17355,0,0,0,0,0,0,186,42,144
"Mille Lacs County","Mille Lacs County, Minnesota","G2700950","2700950","11","27095","27","095",17364,2117,15247,0,0,0,524,96,428,41,10,31
"Morrison County","Morrison County, Minnesota","G2700970","2700970","11","27097","27","097",28696,5815,22881,0,0,0,57,25,32,51,17,34
"Mower County","Mower County, Minnesota","G2700990","2700990","11","27099","27","099",39347,3895,35452,34,4,30,55,38,17,129,51,78
"Murray County","Murray County, Minnesota","G2701010","2701010","11","27101","27","101",11278,1965,9313,0,0,0,0,0,0,0,0,0
"Nicollet County","Nicollet County, Minnesota","G2701030","2701030","11","27103","27","103",24219,2323,21896,12,0,12,0,0,0,90,17,73
"Nobles County","Nobles County, Minnesota","G2701050","2701050","11","27105","27","105",21270,2701,18569,0,0,0,32,0,32,134,18,116
"Norman County","Norman County, Minnesota","G2701070","2701070","11","27107","27","107",9043,1432,7611,0,0,0,55,8,47,0,0,0
"Olmsted County","Olmsted County, Minnesota","G2701090","2701090","11","27109","27","109",88582,5700,82882,394,88,306,223,18,205,565,44,521
"Otter Tail County","Otter Tail County, Minnesota","G2701110","2701110","11","27111","27","111",50053,7730,42323,0,0,0,80,24,56,121,10,111
"Pennington County","Pennington County, Minnesota","G2701130","2701130","11","27113","27","113",14646,1617,13029,0,0,0,179,33,146,53,0,53
"Pine County","Pine County, Minnesota","G2701150","2701150","11","27115","27","115",18791,2790,16001,40,2,38,198,76,122,54,8,46
"Pipestone County","Pipestone County, Minnesota","G2701170","2701170","11","27117","27","117",11340,2230,9110,0,0,0,76,11,65,36,8,28
"Polk County","Polk County, Minnesota","G2701190","2701190","11","27119","27","119",33103,4233,28870,101,59,42,204,110,94,561,142,419
"Pope County","Pope County, Minnesota","G2701210","2701210","11","27121","27","121",11380,2025,9355,0,0,0,0,0,0,0,0,0
"Ramsey County","Ramsey County, Minnesota","G2701230","2701230","11","27123","27","123",415657,27921,387736,13795,3318,10477,3097,642,2455,8990,1847,7143
"Red Lake County","Red Lake County, Minnesota","G2701250","2701250","11","27125","27","125",0,0,0,0,0,0,0,0,0,0,0,0
"Redwood County","Redwood County, Minnesota","G2701270","2701270","11","27127","27","127",18667,2875,15792,0,0,0,118,23,95,41,8,33
"Renville County","Renville County, Minnesota","G2701290","2701290","11","27129","27","129",19922,2492,17430,0,0,0,48,9,39,74,28,46
"Rice County","Rice County, Minnesota","G2701310","2701310","11","27131","27","131",40778,3963,36815,47,22,25,32,8,24,137,33,104
"Rock County","Rock County, Minnesota","G2701330","2701330","11","27133","27","133",10448,1410,9038,0,0,0,0,0,0,0,0,0
"Roseau County","Roseau County, Minnesota","G2701350","2701350","11","27135","27","135",12216,1838,10378,0,0,0,0,0,0,0,0,0
"St. Louis County","St. Louis County, Minnesota","G2701370","2701370","11","27137","27","137",211820,18570,193250,723,244,479,2677,771,1906,771,149,622
"Scott County","Scott County, Minnesota","G2701390","2701390","11","27139","27","139",42691,2297,40394,44,7,37,200,11,189,265,17,248
"Sherburne County","Sherburne County, Minnesota","G2701410","2701410","11","27141","27","141",28357,2456,25901,27,10,17,103,6,97,131,34,97
"Sibley County","Sibley County, Minnesota","G2701430","2701430","11","27143","27","143",15179,1872,13307,0,0,0,0,0,0,83,4,79
"Stearns County","Stearns County, Minnesota","G2701450","2701450","11","27145","27","145",99586,12185,87401,39,16,23,166,25,141,434,43,391
"Steele County","Steele County, Minnesota","G2701470","2701470","11","27147","27","147",29261,2288,26973,0,0,0,29,8,21,233,87,146
"Stevens County","Stevens County, Minnesota","G2701490","2701490","11","27149","27","149",10367,1912,8455,50,41,9,0,0,0,42,9,33
"Swift County","Swift County, Minnesota","G2701510","2701510","11","27151","27","151",12666,2204,10462,0,0,0,0,0,0,36,4,32
"Todd County","Todd County, Minnesota","G2701530","2701530","11","27153","27","153",24659,5163,19496,0,0,0,30,7,23,93,23,70
"Traverse County","Traverse County, Minnesota","G2701550","2701550","11","27155","27","155",5314,885,4429,0,0,0,83,36,47,0,0,0
"Wabasha County","Wabasha County, Minnesota","G2701570","2701570","11","27157","27","157",18891,2064,16827,0,0,0,44,11,33,62,21,41
"Wadena County","Wadena County, Minnesota","G2701590","2701590","11","27159","27","159",13719,2502,11217,0,0,0,39,11,28,40,9,31
"Waseca County","Waseca County, Minnesota","G2701610","2701610","11","27161","27","161",17767,1589,16178,0,0,0,0,0,0,128,11,117
"Washington County","Washington County, Minnesota","G2701630","2701630","11","27163","27","163",109316,4593,104723,392,0,392,357,55,302,1121,46,1075
"Watonwan County","Watonwan County, Minnesota","G2701650","2701650","11","27165","27","165",11972,1334,10638,0,0,0,0,0,0,225,25,200
"Wilkin County","Wilkin County, Minnesota","G2701670","2701670","11","27167","27","167",8234,802,7432,0,0,0,94,86,8,0,0,0
"Winona County","Winona County, Minnesota","G2701690","2701690","11","27169","27","169",42384,4630,37754,47,12,35,96,8,88,256,74,182
"Wright County","Wright County, Minnesota","G2701710","2701710","11","27171","27","171",57467,3907,53560,47,13,34,183,72,111,169,23,146
"Yellow Medicine County","Yellow Medicine County, Minnesota","G2701730","2701730","11","27173","27","173",13253,2267,10986,0,0,0,93,9,84,0,0,0
"Adams County","Adams County, Mississippi","G2800010","2800010","11","28001","28","001",19288,1739,17549,18285,8724,9561,0,0,0,341,159,182
"Alcorn County","Alcorn County, Mississippi","G2800030","2800030","11","28003","28","003",29178,5001,24177,3403,1034,2369,44,29,15,120,5,115
"Amite County","Amite County, Mississippi","G2800050","2800050","11","28005","28","005",6972,1098,5874,6313,3042,3271,0,0,0,122,35,87
"Attala County","Attala County, Mississippi","G2800070","2800070","11","28007","28","007",11962,1772,10190,7661,4353,3308,0,0,0,46,28,18
"Benton County","Benton County, Mississippi","G2800090","2800090","11","28009","28","009",5057,792,4265,3087,1196,1891,0,0,0,55,0,55
"Bolivar County","Bolivar County, Mississippi","G2800110","2800110","11","28011","28","011",15932,1705,14227,28109,16233,11876,0,0,0,701,316,385
"Calhoun County","Calhoun County, Mississippi","G2800130","2800130","11","28013","28","013",11581,2119,9462,3900,1519,2381,0,0,0,77,18,59
"Carroll County","Carroll County, Mississippi","G2800150","2800150","11","28015","28","015",5304,819,4485,4377,2094,2283,0,0,0,194,144,50
"Chickasaw County","Chickasaw County, Mississippi","G2800170","2800170","11","28017","28","017",11319,1766,9553,6396,2024,4372,0,0,0,153,8,145
"Choctaw County","Choctaw County, Mississippi","G2800190","2800190","11","28019","28","019",6303,1204,5099,2527,1311,1216,0,0,0,80,20,60
"Claiborne County","Claiborne County, Mississippi","G2800210","2800210","11","28021","28","021",2975,340,2635,7687,3184,4503,0,0,0,61,8,53
"Clarke County","Clarke County, Mississippi","G2800230","2800230","11","28023","28","023",11029,1701,9328,0,0,0,0,0,0,99,0,99
"Clay County","Clay County, Mississippi","G2800250","2800250","11","28025","28","025",10308,992,9316,10219,4008,6211,0,0,0,166,62,104
"Coahoma County","Coahoma County, Mississippi","G2800270","2800270","11","28027","28","027",12956,1193,11763,23039,13460,9579,0,0,0,305,148,157
"Copiah County","Copiah County, Mississippi","G2800290","2800290","11","28029","28","029",13008,1521,11487,12546,5939,6607,0,0,0,227,117,110
"Covington County","Covington County, Mississippi","G2800310","2800310","11","28031","28","031",10366,2156,8210,0,0,0,0,0,0,107,80,27
"De Soto County","De Soto County, Mississippi","G2800330","2800330","11","28033","28","033",43954,3508,40446,9654,4837,4817,0,0,0,498,183,315
"Forrest County","Forrest County, Mississippi","G2800350","2800350","11","28035","28","035",44308,6398,37910,16751,6903,9848,77,32,45,661,181,480
"Franklin County","Franklin County, Mississippi","G2800370","2800370","11","28037","28","037",5113,839,4274,3014,1707,1307,0,0,0,0,0,0
"George County","George County, Mississippi","G2800390","2800390","11","28039","28","039",13700,2108,11592,1421,508,913,0,0,0,66,26,40
"Greene County","Greene County, Mississippi","G2800410","2800410","11","28041","28","041",7782,1532,6250,1960,800,1160,0,0,0,32,17,15
"Grenada County","Grenada County, Mississippi","G2800430","2800430","11","28043","28","043",12094,1266,10828,8675,3733,4942,0,0,0,277,205,72
"Hancock County","Hancock County, Mississippi","G2800450","2800450","11","28045","28","045",21634,4011,17623,2401,793,1608,36,0,36,415,129,286
"Harrison County","Harrison County, Mississippi","G2800470","2800470","11","28047","28","047",116873,14270,102603,28770,10264,18506,547,98,449,3136,527,2609
"Hinds County","Hinds County, Mississippi","G2800490","2800490","11","28049","28","049",132389,8722,123667,109607,36908,72699,206,53,153,2092,648,1444
"Holmes County","Holmes County, Mississippi","G2800510","2800510","11","28051","28","051",6267,768,5499,16131,9731,6400,0,0,0,217,134,83
"Humphreys County","Humphreys County, Mississippi","G2800530","2800530","11","28053","28","053",0,0,0,9077,5630,3447,0,0,0,234,192,42
"Issaquena County","Issaquena County, Mississippi","G2800550","2800550","11","28055","28","055",0,0,0,1397,766,631,0,0,0,46,3,43
"Itawamba County","Itawamba County, Mississippi","G2800570","2800570","11","28057","28","057",18734,2727,16007,1240,351,889,0,0,0,89,13,76
"Jackson County","Jackson County, Mississippi","G2800590","2800590","11","28059","28","059",93477,8591,84886,21619,5013,16606,549,197,352,1429,204,1225
"Jasper County","Jasper County, Mississippi","G2800610","2800610","11","28061","28","061",8729,1170,7559,8485,3476,5009,0,0,0,104,35,69
"Jefferson County","Jefferson County, Mississippi","G2800630","2800630","11","28063","28","063",1653,344,1309,7527,3430,4097,0,0,0,120,71,49
"Jefferson Davis County","Jefferson Davis County, Mississippi","G2800650","2800650","11","28065","28","065",6348,1024,5324,7335,2776,4559,0,0,0,59,55,4
"Jones County","Jones County, Mississippi","G2800670","2800670","11","28067","28","067",46271,5208,41063,13756,5241,8515,46,0,46,522,178,344
"Kemper County","Kemper County, Mississippi","G2800690","2800690","11","28069","28","069",4574,687,3887,5481,3026,2455,44,44,0,36,5,31
"Lafayette County","Lafayette County, Mississippi","G2800710","2800710","11","28071","28","071",19829,3548,16281,7508,2408,5100,0,0,0,248,117,131
"Lamar County","Lamar County, Mississippi","G2800730","2800730","11","28073","28","073",21032,3061,17971,2574,1099,1475,0,0,0,267,114,153
"Lauderdale County","Lauderdale County, Mississippi","G2800750","2800750","11","28075","28","075",50150,5391,44759,23568,10003,13565,45,9,36,797,245,552
"Lawrence County","Lawrence County, Mississippi","G2800770","2800770","11","28077","28","077",8590,1028,7562,0,0,0,0,0,0,66,14,52
"Leake County","Leake County, Mississippi","G2800790","2800790","11","28079","28","079",11439,2284,9155,6512,2925,3587,0,0,0,79,47,32
"Lee County","Lee County, Mississippi","G2800810","2800810","11","28081","28","081",44920,5491,39429,11612,3461,8151,0,0,0,326,72,254
"Leflore County","Leflore County, Mississippi","G2800830","2800830","11","28083","28","083",16375,1564,14811,22680,12059,10621,0,0,0,521,317,204
"Lincoln County","Lincoln County, Mississippi","G2800850","2800850","11","28085","28","085",20717,2704,18013,8977,3880,5097,0,0,0,277,112,165
"Lowndes County","Lowndes County, Mississippi","G2800870","2800870","11","28087","28","087",36239,3470,32769,19228,8765,10463,87,40,47,423,106,317
"Madison County","Madison County, Mississippi","G2800890","2800890","11","28089","28","089",17914,1268,16646,22555,10667,11888,0,0,0,300,140,160
"Marion County","Marion County, Mississippi","G2800910","2800910","11","28091","28","091",17754,2682,15072,7551,3587,3964,28,10,18,134,70,64
"Marshall County","Marshall County, Mississippi","G2800930","2800930","11","28093","28","093",13482,2029,11453,15025,7084,7941,0,0,0,214,68,146
"Monroe County","Monroe County, Mississippi","G2800950","2800950","11","28095","28","095",25333,3200,22133,10703,4484,6219,0,0,0,197,94,103
"Montgomery County","Montgomery County, Mississippi","G2800970","2800970","11","28097","28","097",7782,1284,6498,0,0,0,0,0,0,35,33,2
"Neshoba County","Neshoba County, Mississippi","G2800990","2800990","11","28099","28","099",16693,2784,13909,4247,1888,2359,2433,896,1537,93,8,85
"Newton County","Newton County, Mississippi","G2801010","2801010","11","28101","28","101",13630,2201,11429,5329,2353,2976,0,0,0,154,49,105
"Noxubee County","Noxubee County, Mississippi","G2801030","2801030","11","28103","28","103",4628,660,3968,8532,4528,4004,0,0,0,102,50,52
"Oktibbeha County","Oktibbeha County, Mississippi","G2801050","2801050","11","28105","28","105",19696,3382,16314,11477,5347,6130,0,0,0,269,115,154
"Panola County","Panola County, Mississippi","G2801070","2801070","11","28107","28","107",14197,2526,11671,13730,7043,6687,0,0,0,374,234,140
"Pearl River County","Pearl River County, Mississippi","G2801090","2801090","11","28109","28","109",28140,5141,22999,4897,2315,2582,72,35,37,329,115,214
"Perry County","Perry County, Mississippi","G2801110","2801110","11","28111","28","111",7694,1657,6037,2137,935,1202,0,0,0,151,97,54
"Pike County","Pike County, Mississippi","G2801130","2801130","11","28113","28","113",19994,2504,17490,15620,7217,8403,67,26,41,232,163,69
"Pontotoc County","Pontotoc County, Mississippi","G2801150","2801150","11","28115","28","115",17487,2928,14559,3256,1046,2210,0,0,0,115,9,106
"Prentiss County","Prentiss County, Mississippi","G2801170","2801170","11","28117","28","117",20979,3323,17656,2480,709,1771,58,58,0,44,7,37
"Quitman County","Quitman County, Mississippi","G2801190","2801190","11","28119","28","119",5520,965,4555,7040,4240,2800,0,0,0,64,37,27
"Rankin County","Rankin County, Mississippi","G2801210","2801210","11","28121","28","121",54929,4122,50807,11739,3790,7949,103,2,101,379,35,344
"Scott County","Scott County, Mississippi","G2801230","2801230","11","28123","28","123",15820,2630,13190,8571,4016,4555,0,0,0,273,47,226
"Sharkey County","Sharkey County, Mississippi","G2801250","2801250","11","28125","28","125",2721,588,2133,5198,2896,2302,0,0,0,166,118,48
"Simpson County","Simpson County, Mississippi","G2801270","2801270","11","28127","28","127",15956,2094,13862,7080,2628,4452,0,0,0,66,25,41
"Smith County","Smith County, Mississippi","G2801290","2801290","11","28129","28","129",11826,2219,9607,3172,1404,1768,30,0,30,76,11,65
"Stone County","Stone County, Mississippi","G2801310","2801310","11","28131","28","131",6929,1003,5926,2066,758,1308,34,34,0,34,17,17
"Sunflower County","Sunflower County, Mississippi","G2801330","2801330","11","28133","28","133",12105,1369,10736,19904,11281,8623,0,0,0,333,173,160
"Tallahatchie County","Tallahatchie County, Mississippi","G2801350","2801350","11","28135","28","135",7244,1797,5447,9777,5624,4153,0,0,0,132,64,68
"Tate County","Tate County, Mississippi","G2801370","2801370","11","28137","28","137",11583,1402,10181,7320,3481,3839,0,0,0,206,63,143
"Tippah County","Tippah County, Mississippi","G2801390","2801390","11","28139","28","139",15436,3391,12045,2882,1060,1822,0,0,0,56,7,49
"Tishomingo County","Tishomingo County, Mississippi","G2801410","2801410","11","28141","28","141",17618,2349,15269,681,115,566,85,12,73,69,2,67
"Tunica County","Tunica County, Mississippi","G2801430","2801430","11","28143","28","143",0,0,0,7009,4707,2302,0,0,0,114,114,0
"Union County","Union County, Mississippi","G2801450","2801450","11","28145","28","145",18583,3110,15473,2976,1214,1762,0,0,0,69,11,58
"Walthall County","Walthall County, Mississippi","G2801470","2801470","11","28147","28","147",7969,1484,6485,5636,2370,3266,0,0,0,125,39,86
"Warren County","Warren County, Mississippi","G2801490","2801490","11","28149","28","149",31355,1786,29569,19043,7696,11347,88,3,85,746,176,570
"Washington County","Washington County, Mississippi","G2801510","2801510","11","28151","28","151",31251,4010,27241,39831,19632,20199,80,4,76,690,236,454
"Wayne County","Wayne County, Mississippi","G2801530","2801530","11","28153","28","153",12638,2347,10291,6380,3203,3177,0,0,0,109,18,91
"Webster County","Webster County, Mississippi","G2801550","2801550","11","28155","28","155",8120,1103,7017,1989,878,1111,0,0,0,56,5,51
"Wilkinson County","Wilkinson County, Mississippi","G2801570","2801570","11","28157","28","157",0,0,0,6650,3104,3546,0,0,0,123,91,32
"Winston County","Winston County, Mississippi","G2801590","2801590","11","28159","28","159",11581,1596,9985,7628,3210,4418,111,24,87,168,125,43
"Yalobusha County","Yalobusha County, Mississippi","G2801610","2801610","11","28161","28","161",8068,1332,6736,0,0,0,0,0,0,99,14,85
"Yazoo County","Yazoo County, Mississippi","G2801630","2801630","11","28163","28","163",13047,1270,11777,13950,8537,5413,0,0,0,200,42,158
"Adair County","Adair County, Missouri","G2900010","2900010","11","29001","29","001",21464,3304,18160,124,98,26,0,0,0,137,37,100
"Andrew County","Andrew County, Missouri","G2900030","2900030","11","29003","29","003",13701,1196,12505,0,0,0,29,0,29,59,4,55
"Atchison County","Atchison County, Missouri","G2900050","2900050","11","29005","29","005",8182,1032,7150,0,0,0,0,0,0,57,12,45
"Audrain County","Audrain County, Missouri","G2900070","2900070","11","29007","29","007",24231,2550,21681,1453,417,1036,0,0,0,134,7,127
"Barry County","Barry County, Missouri","G2900090","2900090","11","29009","29","009",23915,3667,20248,0,0,0,70,16,54,129,0,129
"Barton County","Barton County, Missouri","G2900110","2900110","11","29011","29","011",10974,1588,9386,0,0,0,87,24,63,0,0,0
"Bates County","Bates County, Missouri","G2900130","2900130","11","29013","29","013",15384,2318,13066,115,45,70,0,0,0,82,45,37
"Benton County","Benton County, Missouri","G2900150","2900150","11","29015","29","015",11951,2045,9906,0,0,0,49,16,33,0,0,0
"Bollinger County","Bollinger County, Missouri","G2900170","2900170","11","29017","29","017",10142,2436,7706,0,0,0,0,0,0,0,0,0
"Boone County","Boone County, Missouri","G2900190","2900190","11","29019","29","019",80295,9055,71240,5869,1654,4215,218,47,171,1084,187,897
"Buchanan County","Buchanan County, Missouri","G2900210","2900210","11","29021","29","021",82347,8955,73392,2572,562,2010,243,64,179,1837,116,1721
"Butler County","Butler County, Missouri","G2900230","2900230","11","29023","29","023",34940,7921,27019,1867,918,949,0,0,0,146,21,125
"Caldwell County","Caldwell County, Missouri","G2900250","2900250","11","29025","29","025",8518,1235,7283,0,0,0,0,0,0,55,19,36
"Callaway County","Callaway County, Missouri","G2900270","2900270","11","29027","29","027",27562,2337,25225,1436,274,1162,75,19,56,99,14,85
"Camden County","Camden County, Missouri","G2900290","2900290","11","29029","29","029",19741,2849,16892,0,0,0,68,7,61,211,10,201
"Cape Girardeau County","Cape Girardeau County, Missouri","G2900310","2900310","11","29031","29","031",53048,5697,47351,2026,876,1150,60,0,60,336,69,267
"Carroll County","Carroll County, Missouri","G2900330","2900330","11","29033","29","033",11628,1834,9794,258,99,159,57,0,57,69,11,58
"Carter County","Carter County, Missouri","G2900350","2900350","11","29035","29","035",5308,1272,4036,0,0,0,0,0,0,36,0,36
"Cass County","Cass County, Missouri","G2900370","2900370","11","29037","29","037",49544,3917,45627,382,35,347,289,44,245,453,25,428
"Cedar County","Cedar County, Missouri","G2900390","2900390","11","29039","29","039",11533,1907,9626,0,0,0,0,0,0,69,66,3
"Chariton County","Chariton County, Missouri","G2900410","2900410","11","29041","29","041",9802,1392,8410,482,188,294,0,0,0,0,0,0
"Christian County","Christian County, Missouri","G2900430","2900430","11","29043","29","043",22127,2592,19535,0,0,0,115,33,82,93,10,83
"Clark County","Clark County, Missouri","G2900450","2900450","11","29045","29","045",8320,1253,7067,0,0,0,0,0,0,40,0,40
"Clay County","Clay County, Missouri","G2900470","2900470","11","29047","29","047",131081,6662,124419,1420,318,1102,658,82,576,2141,158,1983
"Clinton County","Clinton County, Missouri","G2900490","2900490","11","29049","29","049",15221,1284,13937,296,49,247,56,4,52,81,14,67
"Cole County","Cole County, Missouri","G2900510","2900510","11","29051","29","051",49989,3009,46980,1981,347,1634,52,21,31,368,33,335
"Cooper County","Cooper County, Missouri","G2900530","2900530","11","29053","29","053",13281,1368,11913,756,250,506,0,0,0,120,32,88
"Crawford County","Crawford County, Missouri","G2900550","2900550","11","29055","29","055",18054,3089,14965,0,0,0,60,7,53,127,16,111
"Dade County","Dade County, Missouri","G2900570","2900570","11","29057","29","057",7176,1069,6107,0,0,0,42,4,38,0,0,0
"Dallas County","Dallas County, Missouri","G2900590","2900590","11","29059","29","059",11757,2283,9474,0,0,0,126,4,122,69,1,68
"Daviess County","Daviess County, Missouri","G2900610","2900610","11","29061","29","061",8743,1558,7185,0,0,0,0,0,0,34,2,32
"De Kalb County","De Kalb County, Missouri","G2900630","2900630","11","29063","29","063",7990,1321,6669,0,0,0,0,0,0,52,7,45
"Dent County","Dent County, Missouri","G2900650","2900650","11","29065","29","065",14290,2887,11403,0,0,0,0,0,0,76,30,46
"Douglas County","Douglas County, Missouri","G2900670","2900670","11","29067","29","067",11345,2821,8524,0,0,0,0,0,0,86,0,86
"Dunklin County","Dunklin County, Missouri","G2900690","2900690","11","29069","29","069",33515,7189,26326,2317,1293,1024,39,6,33,180,80,100
"Franklin County","Franklin County, Missouri","G2900710","2900710","11","29071","29","071",69518,6351,63167,690,87,603,162,2,160,344,38,306
"Gasconade County","Gasconade County, Missouri","G2900730","2900730","11","29073","29","073",12909,1585,11324,0,0,0,0,0,0,67,18,49
"Gentry County","Gentry County, Missouri","G2900750","2900750","11","29075","29","075",7590,1283,6307,0,0,0,0,0,0,0,0,0
"Greene County","Greene County, Missouri","G2900770","2900770","11","29077","29","077",171372,21211,150161,2482,517,1965,1027,244,783,1134,211,923
"Grundy County","Grundy County, Missouri","G2900790","2900790","11","29079","29","079",11672,1937,9735,41,41,0,0,0,0,42,15,27
"Harrison County","Harrison County, Missouri","G2900810","2900810","11","29081","29","081",9822,1881,7941,0,0,0,0,0,0,36,17,19
"Henry County","Henry County, Missouri","G2900830","2900830","11","29083","29","083",18981,2563,16418,226,70,156,50,2,48,86,2,84
"Hickory County","Hickory County, Missouri","G2900850","2900850","11","29085","29","085",6312,1616,4696,0,0,0,0,0,0,0,0,0
"Holt County","Holt County, Missouri","G2900870","2900870","11","29087","29","087",6713,1074,5639,0,0,0,0,0,0,0,0,0
"Howard County","Howard County, Missouri","G2900890","2900890","11","29089","29","089",8530,993,7537,798,260,538,0,0,0,0,0,0
"Howell County","Howell County, Missouri","G2900910","2900910","11","29091","29","091",28231,6004,22227,51,0,51,166,48,118,126,41,85
"Iron County","Iron County, Missouri","G2900930","2900930","11","29093","29","093",10528,1779,8749,43,37,6,75,28,47,49,0,49
"Jackson County","Jackson County, Missouri","G2900950","2900950","11","29095","29","095",482012,36019,445993,123278,29723,93555,2920,407,2513,16019,2531,13488
"Jasper County","Jasper County, Missouri","G2900970","2900970","11","29097","29","097",82748,10698,72050,1015,346,669,603,173,430,434,144,290
"Jefferson County","Jefferson County, Missouri","G2900990","2900990","11","29099","29","099",143060,9221,133839,1018,281,737,353,84,269,788,29,759
"Johnson County","Johnson County, Missouri","G2901010","2901010","11","29101","29","101",31832,3999,27833,1455,309,1146,59,2,57,512,68,444
"Knox County","Knox County, Missouri","G2901030","2901030","11","29103","29","103",5429,1240,4189,0,0,0,0,0,0,0,0,0
"Laclede County","Laclede County, Missouri","G2901050","2901050","11","29105","29","105",23692,4051,19641,100,6,94,186,97,89,107,29,78
"Lafayette County","Lafayette County, Missouri","G2901070","2901070","11","29107","29","107",27975,2803,25172,813,199,614,109,12,97,99,11,88
"Lawrence County","Lawrence County, Missouri","G2901090","2901090","11","29109","29","109",28254,4203,24051,0,0,0,133,29,104,127,43,84
"Lewis County","Lewis County, Missouri","G2901110","2901110","11","29111","29","111",10067,1275,8792,325,133,192,0,0,0,51,20,31
"Lincoln County","Lincoln County, Missouri","G2901130","2901130","11","29113","29","113",21133,2125,19008,552,198,354,45,2,43,131,27,104
"Linn County","Linn County, Missouri","G2901150","2901150","11","29115","29","115",15007,1947,13060,94,63,31,34,5,29,75,8,67
"Livingston County","Livingston County, Missouri","G2901170","2901170","11","29117","29","117",15031,2213,12818,158,35,123,0,0,0,0,0,0
"Mcdonald County","Mcdonald County, Missouri","G2901190","2901190","11","29119","29","119",14565,3220,11345,0,0,0,204,47,157,110,71,39
"Macon County","Macon County, Missouri","G2901210","2901210","11","29121","29","121",15826,2047,13779,305,11,294,0,0,0,58,7,51
"Madison County","Madison County, Missouri","G2901230","2901230","11","29123","29","123",10525,2294,8231,0,0,0,0,0,0,66,60,6
"Maries County","Maries County, Missouri","G2901250","2901250","11","29125","29","125",7521,1180,6341,0,0,0,0,0,0,31,12,19
"Marion County","Marion County, Missouri","G2901270","2901270","11","29127","29","127",26315,2884,23431,1318,440,878,0,0,0,141,17,124
"Mercer County","Mercer County, Missouri","G2901290","2901290","11","29129","29","129",4625,932,3693,0,0,0,0,0,0,0,0,0
"Miller County","Miller County, Missouri","G2901310","2901310","11","29131","29","131",18293,2628,15665,0,0,0,55,7,48,39,27,12
"Mississippi County","Mississippi County, Missouri","G2901330","2901330","11","29133","29","133",12635,2142,10493,0,0,0,0,0,0,30,0,30
"Moniteau County","Moniteau County, Missouri","G2901350","2901350","11","29135","29","135",11637,1399,10238,66,19,47,0,0,0,30,9,21
"Monroe County","Monroe County, Missouri","G2901370","2901370","11","29137","29","137",9155,1457,7698,300,99,201,0,0,0,48,29,19
"Montgomery County","Montgomery County, Missouri","G2901390","2901390","11","29139","29","139",10992,1436,9556,359,85,274,0,0,0,55,2,53
"Morgan County","Morgan County, Missouri","G2901410","2901410","11","29141","29","141",13449,2401,11048,74,13,61,68,7,61,54,27,27
"New Madrid County","New Madrid County, Missouri","G2901430","2901430","11","29143","29","143",18981,4111,14870,3593,2081,1512,0,0,0,206,115,91
"Newton County","Newton County, Missouri","G2901450","2901450","11","29145","29","145",39431,5670,33761,161,28,133,412,32,380,206,46,160
"Nodaway County","Nodaway County, Missouri","G2901470","2901470","11","29147","29","147",19865,3335,16530,7,0,7,33,5,28,71,27,44
"Oregon County","Oregon County, Missouri","G2901490","2901490","11","29149","29","149",10050,2861,7189,0,0,0,0,0,0,38,0,38
"Osage County","Osage County, Missouri","G2901510","2901510","11","29151","29","151",11869,1496,10373,0,0,0,0,0,0,52,17,35
"Ozark County","Ozark County, Missouri","G2901530","2901530","11","29153","29","153",7836,1990,5846,0,0,0,70,10,60,49,36,13
"Pemiscot County","Pemiscot County, Missouri","G2901550","2901550","11","29155","29","155",18134,3877,14257,6504,4271,2233,0,0,0,176,73,103
"Perry County","Perry County, Missouri","G2901570","2901570","11","29157","29","157",16346,2037,14309,0,0,0,0,0,0,32,15,17
"Pettis County","Pettis County, Missouri","G2901590","2901590","11","29159","29","159",34194,3730,30464,1349,481,868,134,13,121,211,18,193
"Phelps County","Phelps County, Missouri","G2901610","2901610","11","29161","29","161",29705,4562,25143,188,91,97,60,4,56,239,71,168
"Pike County","Pike County, Missouri","G2901630","2901630","11","29163","29","163",16223,2652,13571,998,321,677,0,0,0,114,22,92
"Platte County","Platte County, Missouri","G2901650","2901650","11","29165","29","165",44598,2218,42380,455,78,377,134,10,124,666,99,567
"Polk County","Polk County, Missouri","G2901670","2901670","11","29167","29","167",17547,2922,14625,0,0,0,94,26,68,100,6,94
"Pulaski County","Pulaski County, Missouri","G2901690","2901690","11","29169","29","169",26741,3814,22927,2321,492,1829,257,110,147,917,176,741
"Putnam County","Putnam County, Missouri","G2901710","2901710","11","29171","29","171",5964,1246,4718,0,0,0,0,0,0,63,25,38
"Ralls County","Ralls County, Missouri","G2901730","2901730","11","29173","29","173",8644,923,7721,165,52,113,0,0,0,0,0,0
"Randolph County","Randolph County, Missouri","G2901750","2901750","11","29175","29","175",22746,2850,19896,1040,358,682,61,13,48,115,16,99
"Ray County","Ray County, Missouri","G2901770","2901770","11","29177","29","177",20649,1871,18778,309,80,229,141,0,141,122,4,118
"Reynolds County","Reynolds County, Missouri","G2901790","2901790","11","29179","29","179",7189,1741,5448,0,0,0,0,0,0,31,2,29
"Ripley County","Ripley County, Missouri","G2901810","2901810","11","29181","29","181",12259,3638,8621,0,0,0,37,23,14,65,15,50
"St. Charles County","St. Charles County, Missouri","G2901830","2901830","11","29183","29","183",139794,5843,133951,1988,417,1571,413,29,384,910,71,839
"St. Clair County","St. Clair County, Missouri","G2901850","2901850","11","29185","29","185",8356,1902,6454,0,0,0,73,23,50,0,0,0
"Ste. Genevieve County","Ste. Genevieve County, Missouri","G2901860","2901860","11","29186","29","186",14871,1516,13355,67,38,29,0,0,0,101,7,94
"St. Francois County","St. Francois County, Missouri","G2901870","2901870","11","29187","29","187",41168,5712,35456,155,49,106,0,0,0,337,12,325
"St. Louis County","St. Louis County, Missouri","G2901890","2901890","11","29189","29","189",842015,30590,811425,107591,15105,92486,1244,85,1159,8241,624,7617
"Saline County","Saline County, Missouri","G2901950","2901950","11","29195","29","195",22438,2606,19832,1155,237,918,45,16,29,91,22,69
"Schuyler County","Schuyler County, Missouri","G2901970","2901970","11","29197","29","197",0,0,0,0,0,0,0,0,0,62,0,62
"Scotland County","Scotland County, Missouri","G2901990","2901990","11","29199","29","199",5341,1083,4258,0,0,0,0,0,0,0,0,0
"Scott County","Scott County, Missouri","G2902010","2902010","11","29201","29","201",36102,4767,31335,3051,1762,1289,55,12,43,213,33,180
"Shannon County","Shannon County, Missouri","G2902030","2902030","11","29203","29","203",0,0,0,0,0,0,0,0,0,52,7,45
"Shelby County","Shelby County, Missouri","G2902050","2902050","11","29205","29","205",7530,1263,6267,64,20,44,0,0,0,0,0,0
"Stoddard County","Stoddard County, Missouri","G2902070","2902070","11","29207","29","207",27928,4678,23250,618,360,258,0,0,0,144,26,118
"Stone County","Stone County, Missouri","G2902090","2902090","11","29209","29","209",15318,2740,12578,0,0,0,160,57,103,35,3,32
"Sullivan County","Sullivan County, Missouri","G2902110","2902110","11","29211","29","211",7289,1507,5782,0,0,0,40,3,37,36,5,31
"Taney County","Taney County, Missouri","G2902130","2902130","11","29213","29","213",19258,2620,16638,0,0,0,101,30,71,95,53,42
"Texas County","Texas County, Missouri","G2902150","2902150","11","29215","29","215",20680,4286,16394,0,0,0,55,13,42,106,17,89
"Vernon County","Vernon County, Missouri","G2902170","2902170","11","29217","29","217",18527,2498,16029,0,0,0,88,13,75,129,29,100
"Warren County","Warren County, Missouri","G2902190","2902190","11","29219","29","219",14115,1200,12915,512,142,370,0,0,0,75,6,69
"Washington County","Washington County, Missouri","G2902210","2902210","11","29221","29","221",17713,3636,14077,99,32,67,68,43,25,62,0,62
"Wayne County","Wayne County, Missouri","G2902230","2902230","11","29223","29","223",11062,2806,8256,0,0,0,91,55,36,61,47,14
"Webster County","Webster County, Missouri","G2902250","2902250","11","29225","29","225",19916,3441,16475,0,0,0,65,14,51,132,10,122
"Worth County","Worth County, Missouri","G2902270","2902270","11","29227","29","227",0,0,0,0,0,0,0,0,0,0,0,0
"Wright County","Wright County, Missouri","G2902290","2902290","11","29229","29","229",15889,3698,12191,0,0,0,76,28,48,103,9,94
"St. Louis City","St. Louis City, Missouri","G2905100","2905100","11","29510","29","510",236992,27538,209454,203507,68446,135061,679,224,455,5226,1287,3939
"Beaverhead County","Beaverhead County, Montana","G3000010","3000010","11","30001","30","001",7753,908,6845,0,0,0,124,18,106,85,6,79
"Big Horn County","Big Horn County, Montana","G3000030","3000030","11","30003","30","003",5726,669,5057,0,0,0,5088,1619,3469,231,26,205
"Blaine County","Blaine County, Montana","G3000050","3000050","11","30005","30","005",4655,702,3953,0,0,0,2201,955,1246,0,0,0
"Broadwater County","Broadwater County, Montana","G3000070","3000070","11","30007","30","007",3206,481,2725,0,0,0,0,0,0,0,0,0
"Carbon County","Carbon County, Montana","G3000090","3000090","11","30009","30","009",7864,946,6918,0,0,0,46,28,18,33,10,23
"Carter County","Carter County, Montana","G3000110","3000110","11","30011","30","011",1773,442,1331,0,0,0,0,0,0,36,28,8
"Cascade County","Cascade County, Montana","G3000130","3000130","11","30013","30","013",74219,6688,67531,796,171,625,2684,1114,1570,1406,209,1197
"Chouteau County","Chouteau County, Montana","G3000150","3000150","11","30015","30","015",5846,693,5153,0,0,0,203,39,164,0,0,0
"Custer County","Custer County, Montana","G3000170","3000170","11","30017","30","017",12437,1597,10840,0,0,0,238,59,179,230,53,177
"Daniels County","Daniels County, Montana","G3000190","3000190","11","30019","30","019",2777,379,2398,0,0,0,0,0,0,0,0,0
"Dawson County","Dawson County, Montana","G3000210","3000210","11","30021","30","021",11504,851,10653,0,0,0,103,0,103,0,0,0
"Deer Lodge County","Deer Lodge County, Montana","G3000230","3000230","11","30023","30","023",11597,1190,10407,42,29,13,253,149,104,96,34,62
"Fallon County","Fallon County, Montana","G3000250","3000250","11","30025","30","025",3707,612,3095,0,0,0,0,0,0,65,0,65
"Fergus County","Fergus County, Montana","G3000270","3000270","11","30027","30","027",12236,2185,10051,0,0,0,149,24,125,96,0,96
"Flathead County","Flathead County, Montana","G3000290","3000290","11","30029","30","029",50596,4741,45855,48,13,35,513,70,443,380,17,363
"Gallatin County","Gallatin County, Montana","G3000310","3000310","11","30031","30","031",38419,4959,33460,0,0,0,434,149,285,250,44,206
"Garfield County","Garfield County, Montana","G3000330","3000330","11","30033","30","033",0,0,0,0,0,0,0,0,0,0,0,0
"Glacier County","Glacier County, Montana","G3000350","3000350","11","30035","30","035",5707,747,4960,0,0,0,0,0,0,53,7,46
"Golden Valley County","Golden Valley County, Montana","G3000370","3000370","11","30037","30","037",990,228,762,0,0,0,0,0,0,0,0,0
"Granite County","Granite County, Montana","G3000390","3000390","11","30039","30","039",2624,432,2192,0,0,0,37,11,26,0,0,0
"Hill County","Hill County, Montana","G3000410","3000410","11","30041","30","041",15178,1287,13891,0,0,0,2276,809,1467,141,27,114
"Jefferson County","Jefferson County, Montana","G3000430","3000430","11","30043","30","043",6546,465,6081,0,0,0,93,21,72,70,2,68
"Judith Basin County","Judith Basin County, Montana","G3000450","3000450","11","30045","30","045",0,0,0,0,0,0,0,0,0,0,0,0
"Lake County","Lake County, Montana","G3000470","3000470","11","30047","30","047",15754,2264,13490,32,10,22,3097,1320,1777,163,22,141
"Lewis And Clark County","Lewis And Clark County, Montana","G3000490","3000490","11","30049","30","049",40772,3492,37280,43,0,43,766,239,527,258,38,220
"Liberty County","Liberty County, Montana","G3000510","3000510","11","30051","30","051",2259,362,1897,0,0,0,0,0,0,0,0,0
"Lincoln County","Lincoln County, Montana","G3000530","3000530","11","30053","30","053",17278,1905,15373,0,0,0,218,18,200,189,22,167
"Mccone County","Mccone County, Montana","G3000550","3000550","11","30055","30","055",0,0,0,0,0,0,0,0,0,0,0,0
"Madison County","Madison County, Montana","G3000570","3000570","11","30057","30","057",5352,778,4574,0,0,0,0,0,0,76,0,76
"Meagher County","Meagher County, Montana","G3000590","3000590","11","30059","30","059",2134,344,1790,0,0,0,0,0,0,0,0,0
"Mineral County","Mineral County, Montana","G3000610","3000610","11","30061","30","061",3580,453,3127,0,0,0,38,12,26,45,1,44
"Missoula County","Missoula County, Montana","G3000630","3000630","11","30063","30","063",70952,7504,63448,47,13,34,1309,361,948,659,86,573
"Musselshell County","Musselshell County, Montana","G3000650","3000650","11","30065","30","065",4378,761,3617,0,0,0,0,0,0,0,0,0
"Park County","Park County, Montana","G3000670","3000670","11","30067","30","067",12439,1190,11249,0,0,0,0,0,0,67,0,67
"Petroleum County","Petroleum County, Montana","G3000690","3000690","11","30069","30","069",653,214,439,0,0,0,0,0,0,0,0,0
"Phillips County","Phillips County, Montana","G3000710","3000710","11","30071","30","071",4913,853,4060,0,0,0,345,57,288,0,0,0
"Pondera County","Pondera County, Montana","G3000730","3000730","11","30073","30","073",6001,596,5405,0,0,0,0,0,0,26,4,22
"Powder River County","Powder River County, Montana","G3000750","3000750","11","30075","30","075",2438,257,2181,0,0,0,42,4,38,0,0,0
"Powell County","Powell County, Montana","G3000770","3000770","11","30077","30","077",6179,683,5496,0,0,0,55,15,40,62,6,56
"Prairie County","Prairie County, Montana","G3000790","3000790","11","30079","30","079",1763,527,1236,0,0,0,0,0,0,0,0,0
"Ravalli County","Ravalli County, Montana","G3000810","3000810","11","30081","30","081",21748,3418,18330,42,15,27,251,46,205,311,52,259
"Richland County","Richland County, Montana","G3000830","3000830","11","30083","30","083",11875,1190,10685,0,0,0,97,19,78,260,9,251
"Roosevelt County","Roosevelt County, Montana","G3000850","3000850","11","30085","30","085",6452,380,6072,0,0,0,3812,1295,2517,67,22,45
"Rosebud County","Rosebud County, Montana","G3000870","3000870","11","30087","30","087",7426,710,6716,0,0,0,2352,1056,1296,67,0,67
"Sanders County","Sanders County, Montana","G3000890","3000890","11","30089","30","089",8422,995,7427,0,0,0,72,41,31,64,0,64
"Sheridan County","Sheridan County, Montana","G3000910","3000910","11","30091","30","091",5226,700,4526,0,0,0,39,13,26,34,11,23
"Silver Bow County","Silver Bow County, Montana","G3000930","3000930","11","30093","30","093",36428,3612,32816,70,29,41,518,149,369,872,161,711
"Stillwater County","Stillwater County, Montana","G3000950","3000950","11","30095","30","095",5442,740,4702,0,0,0,80,59,21,0,0,0
"Sweet Grass County","Sweet Grass County, Montana","G3000970","3000970","11","30097","30","097",3134,435,2699,0,0,0,0,0,0,0,0,0
"Teton County","Teton County, Montana","G3000990","3000990","11","30099","30","099",6273,908,5365,0,0,0,113,32,81,0,0,0
"Toole County","Toole County, Montana","G3001010","3001010","11","30101","30","101",5313,749,4564,0,0,0,0,0,0,36,0,36
"Treasure County","Treasure County, Montana","G3001030","3001030","11","30103","30","103",945,180,765,0,0,0,0,0,0,50,23,27
"Valley County","Valley County, Montana","G3001050","3001050","11","30105","30","105",9214,1140,8074,0,0,0,858,239,619,71,0,71
"Wheatland County","Wheatland County, Montana","G3001070","3001070","11","30107","30","107",2299,309,1990,0,0,0,0,0,0,0,0,0
"Wibaux County","Wibaux County, Montana","G3001090","3001090","11","30109","30","109",0,0,0,0,0,0,0,0,0,0,0,0
"Yellowstone County","Yellowstone County, Montana","G3001110","3001110","11","30111","30","111",101951,8765,93186,188,65,123,2267,617,1650,3021,671,2350
"Yellowstone National Park","Yellowstone National Park, Montana","G3001130","3001130","11","30113","30","113",275,24,251,0,0,0,0,0,0,0,0,0
"Adams County","Adams County, Nebraska","G3100010","3100010","11","31001","31","001",28845,2783,26062,87,0,87,31,23,8,291,28,263
"Antelope County","Antelope County, Nebraska","G3100030","3100030","11","31003","31","003",8555,1976,6579,0,0,0,0,0,0,0,0,0
"Arthur County","Arthur County, Nebraska","G3100050","3100050","11","31005","31","005",513,83,430,0,0,0,0,0,0,0,0,0
"Banner County","Banner County, Nebraska","G3100070","3100070","11","31007","31","007",0,0,0,0,0,0,0,0,0,0,0,0
"Blaine County","Blaine County, Nebraska","G3100090","3100090","11","31009","31","009",0,0,0,0,0,0,0,0,0,0,0,0
"Boone County","Boone County, Nebraska","G3100110","3100110","11","31011","31","011",0,0,0,0,0,0,0,0,0,0,0,0
"Box Butte County","Box Butte County, Nebraska","G3100130","3100130","11","31013","31","013",12912,864,12048,0,0,0,222,40,182,492,88,404
"Boyd County","Boyd County, Nebraska","G3100150","3100150","11","31015","31","015",3268,777,2491,0,0,0,0,0,0,0,0,0
"Brown County","Brown County, Nebraska","G3100170","3100170","11","31017","31","017",0,0,0,0,0,0,0,0,0,0,0,0
"Buffalo County","Buffalo County, Nebraska","G3100190","3100190","11","31019","31","019",31544,3420,28124,15,15,0,60,6,54,751,100,651
"Burt County","Burt County, Nebraska","G3100210","3100210","11","31021","31","021",8529,1324,7205,0,0,0,54,29,25,39,6,33
"Butler County","Butler County, Nebraska","G3100230","3100230","11","31023","31","023",9133,1136,7997,0,0,0,0,0,0,0,0,0
"Cass County","Cass County, Nebraska","G3100250","3100250","11","31025","31","025",19814,1422,18392,88,5,83,0,0,0,140,20,120
"Cedar County","Cedar County, Nebraska","G3100270","3100270","11","31027","31","027",11129,2184,8945,0,0,0,0,0,0,58,2,56
"Chase County","Chase County, Nebraska","G3100290","3100290","11","31029","31","029",4547,780,3767,0,0,0,33,2,31,68,15,53
"Cherry County","Cherry County, Nebraska","G3100310","3100310","11","31031","31","031",6579,841,5738,0,0,0,0,0,0,0,0,0
"Cheyenne County","Cheyenne County, Nebraska","G3100330","3100330","11","31033","31","033",9838,1175,8663,0,0,0,41,12,29,274,68,206
"Clay County","Clay County, Nebraska","G3100350","3100350","11","31035","31","035",7882,939,6943,0,0,0,0,0,0,53,12,41
"Colfax County","Colfax County, Nebraska","G3100370","3100370","11","31037","31","037",9652,1316,8336,0,0,0,0,0,0,194,2,192
"Cuming County","Cuming County, Nebraska","G3100390","3100390","11","31039","31","039",11420,1519,9901,0,0,0,0,0,0,50,8,42
"Custer County","Custer County, Nebraska","G3100410","3100410","11","31041","31","041",13587,2090,11497,0,0,0,45,0,45,34,14,20
"Dakota County","Dakota County, Nebraska","G3100430","3100430","11","31043","31","043",15753,1431,14322,0,0,0,176,105,71,481,33,448
"Dawes County","Dawes County, Nebraska","G3100450","3100450","11","31045","31","045",8562,1251,7311,67,46,21,82,33,49,90,25,65
"Dawson County","Dawson County, Nebraska","G3100470","3100470","11","31047","31","047",21472,1843,19629,0,0,0,0,0,0,649,45,604
"Deuel County","Deuel County, Nebraska","G3100490","3100490","11","31049","31","049",2383,246,2137,0,0,0,0,0,0,77,39,38
"Dixon County","Dixon County, Nebraska","G3100510","3100510","11","31051","31","051",7027,1336,5691,0,0,0,0,0,0,0,0,0
"Dodge County","Dodge County, Nebraska","G3100530","3100530","11","31053","31","053",34521,3008,31513,0,0,0,68,21,47,140,8,132
"Douglas County","Douglas County, Nebraska","G3100550","3100550","11","31055","31","055",342008,24643,317365,39134,12101,27033,1901,575,1326,8401,1558,6843
"Dundy County","Dundy County, Nebraska","G3100570","3100570","11","31057","31","057",2776,482,2294,0,0,0,0,0,0,0,0,0
"Fillmore County","Fillmore County, Nebraska","G3100590","3100590","11","31059","31","059",7665,840,6825,0,0,0,0,0,0,0,0,0
"Franklin County","Franklin County, Nebraska","G3100610","3100610","11","31061","31","061",4260,680,3580,0,0,0,0,0,0,0,0,0
"Frontier County","Frontier County, Nebraska","G3100630","3100630","11","31063","31","063",3552,552,3000,0,0,0,0,0,0,32,0,32
"Furnas County","Furnas County, Nebraska","G3100650","3100650","11","31065","31","065",6211,1122,5089,0,0,0,0,0,0,54,21,33
"Gage County","Gage County, Nebraska","G3100670","3100670","11","31067","31","067",23101,2390,20711,17,0,17,44,4,40,120,37,83
"Garden County","Garden County, Nebraska","G3100690","3100690","11","31069","31","069",2713,301,2412,0,0,0,0,0,0,0,0,0
"Garfield County","Garfield County, Nebraska","G3100710","3100710","11","31071","31","071",2353,413,1940,0,0,0,0,0,0,0,0,0
"Gosper County","Gosper County, Nebraska","G3100730","3100730","11","31073","31","073",2072,321,1751,0,0,0,0,0,0,0,0,0
"Grant County","Grant County, Nebraska","G3100750","3100750","11","31075","31","075",0,0,0,0,0,0,0,0,0,0,0,0
"Greeley County","Greeley County, Nebraska","G3100770","3100770","11","31077","31","077",0,0,0,0,0,0,0,0,0,0,0,0
"Hall County","Hall County, Nebraska","G3100790","3100790","11","31079","31","079",45783,2985,42798,122,7,115,187,64,123,1190,141,1049
"Hamilton County","Hamilton County, Nebraska","G3100810","3100810","11","31081","31","081",9032,947,8085,0,0,0,0,0,0,0,0,0
"Harlan County","Harlan County, Nebraska","G3100830","3100830","11","31083","31","083",0,0,0,0,0,0,0,0,0,0,0,0
"Hayes County","Hayes County, Nebraska","G3100850","3100850","11","31085","31","085",0,0,0,0,0,0,0,0,0,0,0,0
"Hitchcock County","Hitchcock County, Nebraska","G3100870","3100870","11","31087","31","087",3980,613,3367,0,0,0,0,0,0,30,0,30
"Holt County","Holt County, Nebraska","G3100890","3100890","11","31089","31","089",13297,2408,10889,0,0,0,0,0,0,36,7,29
"Hooker County","Hooker County, Nebraska","G3100910","3100910","11","31091","31","091",942,174,768,0,0,0,0,0,0,0,0,0
"Howard County","Howard County, Nebraska","G3100930","3100930","11","31093","31","093",6666,733,5933,0,0,0,0,0,0,0,0,0
"Jefferson County","Jefferson County, Nebraska","G3100950","3100950","11","31095","31","095",9563,1447,8116,0,0,0,0,0,0,50,24,26
"Johnson County","Johnson County, Nebraska","G3100970","3100970","11","31097","31","097",5188,930,4258,0,0,0,0,0,0,0,0,0
"Kearney County","Kearney County, Nebraska","G3100990","3100990","11","31099","31","099",6606,619,5987,0,0,0,0,0,0,123,5,118
"Keith County","Keith County, Nebraska","G3101010","3101010","11","31101","31","101",9113,819,8294,0,0,0,0,0,0,360,42,318
"Keya Paha County","Keya Paha County, Nebraska","G3101030","3101030","11","31103","31","103",1298,214,1084,0,0,0,0,0,0,0,0,0
"Kimball County","Kimball County, Nebraska","G3101050","3101050","11","31105","31","105",4776,604,4172,0,0,0,0,0,0,91,32,59
"Knox County","Knox County, Nebraska","G3101070","3101070","11","31107","31","107",10735,2090,8645,0,0,0,456,172,284,0,0,0
"Lancaster County","Lancaster County, Nebraska","G3101090","3101090","11","31109","31","109",174250,13978,160272,2568,708,1860,763,195,568,2408,236,2172
"Lincoln County","Lincoln County, Nebraska","G3101110","3101110","11","31111","31","111",34923,2417,32506,86,65,21,73,18,55,1637,201,1436
"Logan County","Logan County, Nebraska","G3101130","3101130","11","31113","31","113",952,243,709,0,0,0,0,0,0,0,0,0
"Loup County","Loup County, Nebraska","G3101150","3101150","11","31115","31","115",859,114,745,0,0,0,0,0,0,0,0,0
"Mcpherson County","Mcpherson County, Nebraska","G3101170","3101170","11","31117","31","117",593,117,476,0,0,0,0,0,0,0,0,0
"Madison County","Madison County, Nebraska","G3101190","3101190","11","31119","31","119",30100,2813,27287,31,0,31,102,4,98,133,23,110
"Merrick County","Merrick County, Nebraska","G3101210","3101210","11","31121","31","121",8750,1010,7740,0,0,0,0,0,0,54,0,54
"Morrill County","Morrill County, Nebraska","G3101230","3101230","11","31123","31","123",5761,1230,4531,0,0,0,28,15,13,337,107,230
"Nance County","Nance County, Nebraska","G3101250","3101250","11","31125","31","125",4648,968,3680,0,0,0,0,0,0,0,0,0
"Nemaha County","Nemaha County, Nebraska","G3101270","3101270","11","31127","31","127",7943,1222,6721,11,4,7,0,0,0,38,3,35
"Nuckolls County","Nuckolls County, Nebraska","G3101290","3101290","11","31129","31","129",6555,745,5810,0,0,0,0,0,0,0,0,0
"Otoe County","Otoe County, Nebraska","G3101310","3101310","11","31131","31","131",14705,1638,13067,0,0,0,0,0,0,42,20,22
"Pawnee County","Pawnee County, Nebraska","G3101330","3101330","11","31133","31","133",3848,747,3101,0,0,0,0,0,0,0,0,0
"Perkins County","Perkins County, Nebraska","G3101350","3101350","11","31135","31","135",3542,578,2964,0,0,0,0,0,0,82,9,73
"Phelps County","Phelps County, Nebraska","G3101370","3101370","11","31137","31","137",9487,925,8562,0,0,0,20,5,15,89,0,89
"Pierce County","Pierce County, Nebraska","G3101390","3101390","11","31139","31","139",8347,1136,7211,0,0,0,0,0,0,0,0,0
"Platte County","Platte County, Nebraska","G3101410","3101410","11","31141","31","141",28414,2293,26121,0,0,0,44,11,33,129,4,125
"Polk County","Polk County, Nebraska","G3101430","3101430","11","31143","31","143",6128,845,5283,0,0,0,34,24,10,0,0,0
"Red Willow County","Red Willow County, Nebraska","G3101450","3101450","11","31145","31","145",12291,1191,11100,0,0,0,0,0,0,277,38,239
"Richardson County","Richardson County, Nebraska","G3101470","3101470","11","31147","31","147",10843,1741,9102,0,0,0,139,22,117,66,8,58
"Rock County","Rock County, Nebraska","G3101490","3101490","11","31149","31","149",2339,327,2012,0,0,0,0,0,0,0,0,0
"Saline County","Saline County, Nebraska","G3101510","3101510","11","31151","31","151",12256,1474,10782,0,0,0,0,0,0,41,3,38
"Sarpy County","Sarpy County, Nebraska","G3101530","3101530","11","31153","31","153",78054,3679,74375,3385,311,3074,247,22,225,2314,62,2252
"Saunders County","Saunders County, Nebraska","G3101550","3101550","11","31155","31","155",18352,1776,16576,0,0,0,52,0,52,70,11,59
"Scotts Bluff County","Scotts Bluff County, Nebraska","G3101570","3101570","11","31157","31","157",34974,3540,31434,0,0,0,438,259,179,4701,1414,3287
"Seward County","Seward County, Nebraska","G3101590","3101590","11","31159","31","159",14195,1411,12784,18,18,0,95,41,54,70,31,39
"Sheridan County","Sheridan County, Nebraska","G3101610","3101610","11","31161","31","161",6893,770,6123,0,0,0,353,181,172,81,48,33
"Sherman County","Sherman County, Nebraska","G3101630","3101630","11","31163","31","163",4145,831,3314,0,0,0,0,0,0,0,0,0
"Sioux County","Sioux County, Nebraska","G3101650","3101650","11","31165","31","165",1837,247,1590,0,0,0,0,0,0,38,3,35
"Stanton County","Stanton County, Nebraska","G3101670","3101670","11","31167","31","167",6398,933,5465,0,0,0,0,0,0,0,0,0
"Thayer County","Thayer County, Nebraska","G3101690","3101690","11","31169","31","169",7283,812,6471,0,0,0,37,12,25,58,5,53
"Thomas County","Thomas County, Nebraska","G3101710","3101710","11","31171","31","171",968,101,867,0,0,0,0,0,0,0,0,0
"Thurston County","Thurston County, Nebraska","G3101730","3101730","11","31173","31","173",4655,799,3856,0,0,0,2400,913,1487,67,39,28
"Valley County","Valley County, Nebraska","G3101750","3101750","11","31175","31","175",5511,967,4544,0,0,0,0,0,0,0,0,0
"Washington County","Washington County, Nebraska","G3101770","3101770","11","31177","31","177",14789,1180,13609,31,1,30,0,0,0,85,7,78
"Wayne County","Wayne County, Nebraska","G3101790","3101790","11","31179","31","179",8579,1443,7136,0,0,0,50,6,44,24,0,24
"Webster County","Webster County, Nebraska","G3101810","3101810","11","31181","31","181",4710,723,3987,0,0,0,0,0,0,0,0,0
"Wheeler County","Wheeler County, Nebraska","G3101830","3101830","11","31183","31","183",1060,222,838,0,0,0,0,0,0,0,0,0
"York County","York County, Nebraska","G3101850","3101850","11","31185","31","185",14138,1419,12719,29,0,29,0,0,0,75,4,71
"Churchill County","Churchill County, Nevada","G3200010","3200010","11","32001","32","001",12354,1285,11069,35,0,35,666,172,494,553,47,506
"Clark County","Clark County, Nevada","G3200030","3200030","11","32003","32","003",389525,29390,360135,45605,9413,36192,3708,547,3161,34819,4443,30376
"Douglas County","Douglas County, Nevada","G3200050","3200050","11","32005","32","005",18625,1020,17605,0,0,0,447,37,410,711,26,685
"Elko County","Elko County, Nevada","G3200070","3200070","11","32007","32","007",14538,1115,13423,45,0,45,1382,594,788,1803,294,1509
"Esmeralda County","Esmeralda County, Nevada","G3200090","3200090","11","32009","32","009",707,60,647,0,0,0,0,0,0,70,15,55
"Eureka County","Eureka County, Nevada","G3200110","3200110","11","32011","32","011",1129,288,841,0,0,0,32,0,32,97,37,60
"Humboldt County","Humboldt County, Nevada","G3200130","3200130","11","32013","32","013",7921,722,7199,35,0,35,696,373,323,1388,267,1121
"Lander County","Lander County, Nevada","G3200150","3200150","11","32015","32","015",3682,465,3217,0,0,0,195,56,139,412,105,307
"Lincoln County","Lincoln County, Nevada","G3200170","3200170","11","32017","32","017",3441,353,3088,0,0,0,71,9,62,260,45,215
"Lyon County","Lyon County, Nevada","G3200190","3200190","11","32019","32","019",12744,1100,11644,0,0,0,508,108,400,684,155,529
"Mineral County","Mineral County, Nevada","G3200210","3200210","11","32021","32","021",4733,559,4174,384,45,339,627,58,569,448,74,374
"Nye County","Nye County, Nevada","G3200230","3200230","11","32023","32","023",8247,843,7404,30,0,30,422,92,330,493,153,340
"Pershing County","Pershing County, Nevada","G3200270","3200270","11","32027","32","027",2996,395,2601,0,0,0,227,60,167,404,64,340
"Storey County","Storey County, Nevada","G3200290","3200290","11","32029","32","029",1441,146,1295,0,0,0,40,0,40,31,6,25
"Washoe County","Washoe County, Nevada","G3200310","3200310","11","32031","32","031",175977,11255,164722,3673,733,2940,3516,632,2884,9327,939,8388
"White Pine County","White Pine County, Nevada","G3200330","3200330","11","32033","32","033",7596,736,6860,0,0,0,171,88,83,749,48,701
"Carson City","Carson City, Nevada","G3205100","3205100","11","32510","32","510",28317,1851,26466,167,22,145,945,154,791,1155,143,1012
"Belknap County","Belknap County, New Hampshire","G3300010","3300010","11","33001","33","001",41540,4081,37459,0,0,0,88,5,83,142,7,135
"Carroll County","Carroll County, New Hampshire","G3300030","3300030","11","33003","33","003",27623,3247,24376,0,0,0,40,14,26,102,19,83
"Cheshire County","Cheshire County, New Hampshire","G3300050","3300050","11","33005","33","005",59007,5845,53162,78,14,64,0,0,0,171,16,155
"Coos County","Coos County, New Hampshire","G3300070","3300070","11","33007","33","007",34592,4052,30540,0,0,0,49,14,35,63,21,42
"Grafton County","Grafton County, New Hampshire","G3300090","3300090","11","33009","33","009",59795,6587,53208,163,30,133,106,37,69,237,72,165
"Hillsborough County","Hillsborough County, New Hampshire","G3300110","3300110","11","33011","33","011",267587,18798,248789,1493,239,1254,300,95,205,2332,461,1871
"Merrimack County","Merrimack County, New Hampshire","G3300130","3300130","11","33013","33","013",93308,7428,85880,275,57,218,164,45,119,431,78,353
"Rockingham County","Rockingham County, New Hampshire","G3300150","3300150","11","33015","33","015",184746,11971,172775,1423,219,1204,313,15,298,977,69,908
"Strafford County","Strafford County, New Hampshire","G3300170","3300170","11","33017","33","017",78772,8112,70660,248,38,210,97,5,92,395,39,356
"Sullivan County","Sullivan County, New Hampshire","G3300190","3300190","11","33019","33","019",35522,3734,31788,0,0,0,48,13,35,128,23,105
"Atlantic County","Atlantic County, New Jersey","G3400010","3400010","11","34001","34","001",152425,13666,138759,33456,8483,24973,317,31,286,7559,2963,4596
"Bergen County","Bergen County, New Jersey","G3400030","3400030","11","34003","34","003",780828,29808,751020,32139,3409,28730,813,82,731,28516,2322,26194
"Burlington County","Burlington County, New Jersey","G3400050","3400050","11","34005","34","005",295643,15518,280125,40958,5339,35619,529,42,487,7929,943,6986
"Camden County","Camden County, New Jersey","G3400070","3400070","11","34007","34","007",380559,26290,354269,66104,20136,45968,614,102,512,21042,9993,11049
"Cape May County","Cape May County, New Jersey","G3400090","3400090","11","34009","34","009",73856,5978,67878,4939,1100,3839,122,36,86,1110,275,835
"Cumberland County","Cumberland County, New Jersey","G3400110","3400110","11","34011","34","011",100544,10114,90430,18652,5313,13339,850,149,701,12221,4630,7591
"Essex County","Essex County, New Jersey","G3400130","3400130","11","34013","34","013",483144,39713,443431,312415,95303,217112,1412,409,1003,76561,27710,48851
"Gloucester County","Gloucester County, New Jersey","G3400150","3400150","11","34015","34","015",178669,13452,165217,16490,3214,13276,353,70,283,2219,306,1913
"Hudson County","Hudson County, New Jersey","G3400170","3400170","11","34017","34","017",426426,55890,370536,68942,21660,47282,592,148,444,144786,37964,106822
"Hunterdon County","Hunterdon County, New Jersey","G3400190","3400190","11","34019","34","019",83940,3555,80385,413,95,318,56,0,56,730,92,638
"Mercer County","Mercer County, New Jersey","G3400210","3400210","11","34021","34","021",231265,12109,219156,53048,13368,39680,297,12,285,10236,2887,7349
"Middlesex County","Middlesex County, New Jersey","G3400230","3400230","11","34023","34","023",520630,26057,494573,32757,6315,26442,709,38,671,33341,7041,26300
"Monmouth County","Monmouth County, New Jersey","G3400250","3400250","11","34025","34","025",443495,25397,418098,41439,10238,31201,610,54,556,12683,2875,9808
"Morris County","Morris County, New Jersey","G3400270","3400270","11","34027","34","027",381471,12342,369129,9733,1241,8492,277,24,253,10696,666,10030
"Ocean County","Ocean County, New Jersey","G3400290","3400290","11","34029","34","029",329294,24373,304921,9167,2610,6557,502,54,448,8137,1687,6450
"Passaic County","Passaic County, New Jersey","G3400310","3400310","11","34031","34","031",351287,27485,323802,58206,19152,39054,615,97,518,61557,19275,42282
"Salem County","Salem County, New Jersey","G3400330","3400330","11","34033","34","033",53333,4776,48557,9457,2421,7036,249,46,203,1054,364,690
"Somerset County","Somerset County, New Jersey","G3400350","3400350","11","34035","34","035",185136,6497,178639,9871,816,9055,181,0,181,4197,284,3913
"Sussex County","Sussex County, New Jersey","G3400370","3400370","11","34037","34","037",113004,6149,106855,582,36,546,167,0,167,1957,108,1849
"Union County","Union County, New Jersey","G3400390","3400390","11","34039","34","039",404756,21809,382947,80254,13184,67070,467,125,342,40335,6696,33639
"Warren County","Warren County, New Jersey","G3400410","3400410","11","34041","34","041",81719,5141,76578,867,182,685,87,17,70,895,109,786
"Bernalillo County","Bernalillo County, New Mexico","G3500010","3500010","11","35001","35","001",338565,37013,301552,8559,2054,6505,10532,2815,7717,153166,28486,124680
"Catron County","Catron County, New Mexico","G3500030","3500030","11","35003","35","003",2422,540,1882,0,0,0,30,2,28,778,178,600
"Chaves County","Chaves County, New Mexico","G3500050","3500050","11","35005","35","005",43379,7153,36226,1160,425,735,300,92,208,15367,5143,10224
"Colfax County","Colfax County, New Mexico","G3500070","3500070","11","35007","35","007",11162,1398,9764,45,0,45,158,62,96,6374,1587,4787
"Curry County","Curry County, New Mexico","G3500090","3500090","11","35009","35","009",32702,3802,28900,2618,749,1869,227,29,198,8023,2371,5652
"De Baca County","De Baca County, New Mexico","G3500110","3500110","11","35011","35","011",2154,429,1725,0,0,0,0,0,0,750,237,513
"Dona Ana County","Dona Ana County, New Mexico","G3500130","3500130","11","35013","35","013",74415,14925,59490,1387,489,898,640,209,431,49083,14911,34172
"Eddy County","Eddy County, New Mexico","G3500150","3500150","11","35015","35","015",39666,4155,35511,768,276,492,419,117,302,14589,3689,10900
"Grant County","Grant County, New Mexico","G3500170","3500170","11","35017","35","017",21554,2753,18801,176,54,122,138,20,118,13231,2591,10640
"Guadalupe County","Guadalupe County, New Mexico","G3500190","3500190","11","35019","35","019",3675,1004,2671,0,0,0,0,0,0,3706,1190,2516
"Harding County","Harding County, New Mexico","G3500210","3500210","11","35021","35","021",1016,183,833,0,0,0,0,0,0,483,99,384
"Hidalgo County","Hidalgo County, New Mexico","G3500230","3500230","11","35023","35","023",5767,950,4817,0,0,0,0,0,0,2843,587,2256
"Lea County","Lea County, New Mexico","G3500250","3500250","11","35025","35","025",46005,3842,42163,2713,1128,1585,413,53,360,11825,2810,9015
"Lincoln County","Lincoln County, New Mexico","G3500270","3500270","11","35027","35","027",9881,1560,8321,0,0,0,55,0,55,2851,817,2034
"Los Alamos County","Los Alamos County, New Mexico","G3500280","3500280","11","35028","35","028",16672,670,16002,112,0,112,70,12,58,2075,120,1955
"Luna County","Luna County, New Mexico","G3500290","3500290","11","35029","35","029",13262,2871,10391,261,136,125,75,26,49,6162,2028,4134
"Mckinley County","Mckinley County, New Mexico","G3500310","3500310","11","35031","35","031",14814,1823,12991,387,42,345,36837,17813,19024,7520,1774,5746
"Mora County","Mora County, New Mexico","G3500330","3500330","11","35033","35","033",2489,911,1578,0,0,0,0,0,0,3640,1504,2136
"Otero County","Otero County, New Mexico","G3500350","3500350","11","35035","35","035",35392,4134,31258,1931,480,1451,2180,731,1449,9553,2178,7375
"Quay County","Quay County, New Mexico","G3500370","3500370","11","35037","35","037",8921,1431,7490,110,104,6,79,16,63,3738,898,2840
"Rio Arriba County","Rio Arriba County, New Mexico","G3500390","3500390","11","35039","35","039",12681,2943,9738,33,27,6,3323,1115,2208,21808,6371,15437
"Roosevelt County","Roosevelt County, New Mexico","G3500410","3500410","11","35041","35","041",12042,2810,9232,106,37,69,142,85,57,3153,1439,1714
"Sandoval County","Sandoval County, New Mexico","G3500430","3500430","11","35043","35","043",20842,2215,18627,272,11,261,9442,3438,6004,9536,1807,7729
"San Juan County","San Juan County, New Mexico","G3500450","3500450","11","35045","35","045",49361,4041,45320,145,48,97,26616,11894,14722,9489,1364,8125
"San Miguel County","San Miguel County, New Mexico","G3500470","3500470","11","35047","35","047",16195,4780,11415,40,31,9,161,48,113,17614,5815,11799
"Santa Fe County","Santa Fe County, New Mexico","G3500490","3500490","11","35049","35","049",58900,7365,51535,153,54,99,2028,318,1710,40892,6741,34151
"Sierra County","Sierra County, New Mexico","G3500510","3500510","11","35051","35","051",8110,1846,6264,0,0,0,44,7,37,2136,541,1595
"Socorro County","Socorro County, New Mexico","G3500530","3500530","11","35053","35","053",10204,2630,7574,86,57,29,1221,799,422,5830,1666,4164
"Taos County","Taos County, New Mexico","G3500550","3500550","11","35055","35","055",9338,2096,7242,0,0,0,1249,399,850,13378,4110,9268
"Torrance County","Torrance County, New Mexico","G3500570","3500570","11","35057","35","057",5462,1059,4403,0,0,0,67,8,59,3063,989,2074
"Union County","Union County, New Mexico","G3500590","3500590","11","35059","35","059",4592,978,3614,0,0,0,0,0,0,1437,408,1029
"Valencia County","Valencia County, New Mexico","G3500610","3500610","11","35061","35","061",43496,5294,38202,400,76,324,8516,2112,6404,26579,4652,21927
"Albany County","Albany County, New York","G3600010","3600010","11","36001","36","001",252436,22055,230381,18171,5205,12966,315,80,235,2620,709,1911
"Allegany County","Allegany County, New York","G3600030","3600030","11","36003","36","003",46227,6883,39344,109,24,85,208,45,163,169,43,126
"Bronx County","Bronx County, New York","G3600050","3600050","11","36005","36","005",534997,93744,441253,365022,117015,248007,2040,681,1359,390469,161277,229192
"Broome County","Broome County, New York","G3600070","3600070","11","36007","36","007",200947,16950,183997,2940,715,2225,406,34,372,1553,281,1272
"Cattaraugus County","Cattaraugus County, New York","G3600090","3600090","11","36009","36","009",80149,10514,69635,495,131,364,1701,502,1199,397,94,303
"Cayuga County","Cayuga County, New York","G3600110","3600110","11","36011","36","011",75131,8167,66964,1015,415,600,163,28,135,295,39,256
"Chautauqua County","Chautauqua County, New York","G3600130","3600130","11","36013","36","013",138725,14777,123948,1652,539,1113,404,52,352,2273,807,1466
"Chemung County","Chemung County, New York","G3600150","3600150","11","36015","36","015",90427,9263,81164,3076,996,2080,189,62,127,644,191,453
"Chenango County","Chenango County, New York","G3600170","3600170","11","36017","36","017",48059,5859,42200,232,72,160,0,0,0,259,73,186
"Clinton County","Clinton County, New York","G3600190","3600190","11","36019","36","019",71483,9546,61937,935,145,790,86,8,78,655,94,561
"Columbia County","Columbia County, New York","G3600210","3600210","11","36021","36","021",55681,5495,50186,1874,550,1324,95,7,88,482,41,441
"Cortland County","Cortland County, New York","G3600230","3600230","11","36023","36","023",44830,6530,38300,202,64,138,127,38,89,295,56,239
"Delaware County","Delaware County, New York","G3600250","3600250","11","36025","36","025",44190,6189,38001,149,48,101,106,21,85,254,50,204
"Dutchess County","Dutchess County, New York","G3600270","3600270","11","36027","36","027",210823,13751,197072,13770,2644,11126,478,64,414,4685,733,3952
"Erie County","Erie County, New York","G3600290","3600290","11","36029","36","029",877485,65955,811530,101288,35425,65863,4706,1257,3449,13419,3718,9701
"Essex County","Essex County, New York","G3600310","3600310","11","36031","36","031",35275,4709,30566,56,37,19,80,12,68,165,31,134
"Franklin County","Franklin County, New York","G3600330","3600330","11","36033","36","033",40922,6782,34140,0,0,0,2159,396,1763,89,12,77
"Fulton County","Fulton County, New York","G3600350","3600350","11","36035","36","035",53726,6275,47451,329,48,281,122,52,70,348,92,256
"Genesee County","Genesee County, New York","G3600370","3600370","11","36037","36","037",56556,4876,51680,1042,213,829,567,182,385,230,51,179
"Greene County","Greene County, New York","G3600390","3600390","11","36039","36","039",38739,4398,34341,781,220,561,70,6,64,343,115,228
"Hamilton County","Hamilton County, New York","G3600410","3600410","11","36041","36","041",5000,648,4352,0,0,0,0,0,0,0,0,0
"Herkimer County","Herkimer County, New York","G3600430","3600430","11","36043","36","043",65531,8327,57204,182,94,88,96,46,50,211,73,138
"Jefferson County","Jefferson County, New York","G3600450","3600450","11","36045","36","045",85907,11740,74167,281,5,276,222,102,120,533,133,400
"Kings County","Kings County, New York","G3600470","3600470","11","36047","36","047",1252416,203495,1048921,717689,228148,489541,3994,1360,2634,391074,164987,226087
"Lewis County","Lewis County, New York","G3600490","3600490","11","36049","36","049",24654,3225,21429,0,0,0,0,0,0,97,9,88
"Livingston County","Livingston County, New York","G3600510","3600510","11","36051","36","051",51531,5179,46352,544,41,503,172,29,143,237,116,121
"Madison County","Madison County, New York","G3600530","3600530","11","36053","36","053",59809,7357,52452,279,75,204,162,10,152,252,76,176
"Monroe County","Monroe County, New York","G3600550","3600550","11","36055","36","055",595873,36758,559115,69682,19475,50207,1858,385,1473,16034,4791,11243
"Montgomery County","Montgomery County, New York","G3600570","3600570","11","36057","36","057",51572,5272,46300,348,117,231,57,14,43,1597,450,1147
"Nassau County","Nassau County, New York","G3600590","3600590","11","36059","36","059",1194530,45631,1148899,87294,14816,72478,1195,176,1019,42890,4733,38157
"New York County","New York County, New York","G3600610","3600610","11","36061","36","061",845570,117996,727574,304978,102828,202150,3312,866,2446,331996,119976,212020
"Niagara County","Niagara County, New York","G3600630","3600630","11","36063","36","063",209215,15849,193366,10947,3134,7813,2389,516,1873,1734,398,1336
"Oneida County","Oneida County, New York","G3600650","3600650","11","36065","36","065",234455,23488,210967,6909,2605,4304,470,134,336,2373,759,1614
"Onondaga County","Onondaga County, New York","G3600670","3600670","11","36067","36","067",413120,32615,380505,29117,8871,20246,3285,819,2466,5009,1148,3861
"Ontario County","Ontario County, New York","G3600690","3600690","11","36069","36","069",83617,6126,77491,1169,336,833,128,26,102,937,281,656
"Orange County","Orange County, New York","G3600710","3600710","11","36071","36","071",228406,19200,209206,14573,4142,10431,570,164,406,10343,2376,7967
"Orleans County","Orleans County, New York","G3600730","3600730","11","36073","36","073",35546,3029,32517,1727,520,1207,187,84,103,307,146,161
"Oswego County","Oswego County, New York","G3600750","3600750","11","36075","36","075",107595,13118,94477,285,94,191,345,73,272,521,97,424
"Otsego County","Otsego County, New York","G3600770","3600770","11","36077","36","077",53156,8039,45117,301,101,200,101,10,91,446,159,287
"Putnam County","Putnam County, New York","G3600790","3600790","11","36079","36","079",75729,3117,72612,271,41,230,49,0,49,984,29,955
"Queens County","Queens County, New York","G3600810","3600810","11","36081","36","081",1335167,115866,1219301,349428,65387,284041,3519,717,2802,261843,48352,213491
"Rensselaer County","Rensselaer County, New York","G3600830","3600830","11","36083","36","083",141286,14949,126337,3944,995,2949,184,47,137,1040,220,820
"Richmond County","Richmond County, New York","G3600850","3600850","11","36085","36","085",308182,19251,288931,23951,6986,16965,378,65,313,18550,3419,15131
"Rockland County","Rockland County, New York","G3600870","3600870","11","36087","36","087",226748,12724,214024,16851,2091,14760,586,75,511,11620,2065,9555
"St. Lawrence County","St. Lawrence County, New York","G3600890","3600890","11","36089","36","089",103321,17696,85625,158,66,92,388,53,335,490,97,393
"Saratoga County","Saratoga County, New York","G3600910","3600910","11","36091","36","091",148421,11755,136666,1207,176,1031,271,64,207,907,124,783
"Schenectady County","Schenectady County, New York","G3600930","3600930","11","36093","36","093",140195,11269,128926,4484,1191,3293,326,41,285,1451,203,1248
"Schoharie County","Schoharie County, New York","G3600950","3600950","11","36095","36","095",27004,3571,23433,126,19,107,78,26,52,245,51,194
"Schuyler County","Schuyler County, New York","G3600970","3600970","11","36097","36","097",17111,1799,15312,46,7,39,69,22,47,73,16,57
"Seneca County","Seneca County, New York","G3600990","3600990","11","36099","36","099",31400,2633,28767,193,31,162,43,0,43,213,23,190
"Steuben County","Steuben County, New York","G3601010","3601010","11","36101","36","101",95892,11435,84457,939,290,649,195,38,157,329,111,218
"Suffolk County","Suffolk County, New York","G3601030","3601030","11","36103","36","103",1161374,66790,1094584,68078,12038,56040,2302,620,1682,57114,6745,50369
"Sullivan County","Sullivan County, New York","G3601050","3601050","11","36105","36","105",57303,7900,49403,3543,1137,2406,154,18,136,2205,528,1677
"Tioga County","Tioga County, New York","G3601070","3601070","11","36107","36","107",48581,4156,44425,407,42,365,59,41,18,238,100,138
"Tompkins County","Tompkins County, New York","G3601090","3601090","11","36109","36","109",71374,11414,59960,2084,817,1267,117,37,80,1113,391,722
"Ulster County","Ulster County, New York","G3601110","3601110","11","36111","36","111",145915,15291,130624,4909,1302,3607,281,61,220,4203,939,3264
"Warren County","Warren County, New York","G3601130","3601130","11","36113","36","113",53388,6704,46684,254,116,138,0,0,0,429,34,395
"Washington County","Washington County, New York","G3601150","3601150","11","36115","36","115",52343,6545,45798,92,0,92,50,18,32,210,40,170
"Wayne County","Wayne County, New York","G3601170","3601170","11","36117","36","117",79465,6516,72949,2503,649,1854,189,50,139,967,164,803
"Westchester County","Westchester County, New York","G3601190","3601190","11","36119","36","119",716116,36959,679157,99260,19415,79845,932,177,755,44006,7936,36070
"Wyoming County","Wyoming County, New York","G3601210","3601210","11","36121","36","121",37538,3476,34062,97,12,85,16,2,14,90,46,44
"Yates County","Yates County, New York","G3601230","3601230","11","36123","36","123",20559,2897,17662,88,27,61,0,0,0,184,61,123
"Alamance County","Alamance County, North Carolina","G3700010","3700010","11","37001","37","001",78247,6275,71972,18751,3791,14960,101,0,101,634,136,498
"Alexander County","Alexander County, North Carolina","G3700030","3700030","11","37003","37","003",23023,1842,21181,1580,290,1290,34,12,22,221,25,196
"Alleghany County","Alleghany County, North Carolina","G3700050","3700050","11","37005","37","005",9253,1795,7458,212,55,157,0,0,0,82,49,33
"Anson County","Anson County, North Carolina","G3700070","3700070","11","37007","37","007",13455,1240,12215,11827,2792,9035,0,0,0,265,80,185
"Ashe County","Ashe County, North Carolina","G3700090","3700090","11","37009","37","009",21982,5022,16960,182,46,136,0,0,0,162,4,158
"Avery County","Avery County, North Carolina","G3700110","3700110","11","37011","37","011",13423,2422,11001,34,13,21,43,0,43,87,36,51
"Beaufort County","Beaufort County, North Carolina","G3700130","3700130","11","37013","37","013",27381,3729,23652,12712,4695,8017,0,0,0,159,81,78
"Bertie County","Bertie County, North Carolina","G3700150","3700150","11","37015","37","015",8485,1124,7361,12437,5064,7373,85,0,85,303,132,171
"Bladen County","Bladen County, North Carolina","G3700170","3700170","11","37017","37","017",18151,2896,15255,11610,4637,6973,280,166,114,161,40,121
"Brunswick County","Brunswick County, North Carolina","G3700190","3700190","11","37019","37","019",27155,4381,22774,8206,2650,5556,0,0,0,316,87,229
"Buncombe County","Buncombe County, North Carolina","G3700210","3700210","11","37021","37","021",142942,15875,127067,13484,4331,9153,321,56,265,859,132,727
"Burke County","Burke County, North Carolina","G3700230","3700230","11","37023","37","023",64533,5977,58556,4632,974,3658,65,14,51,286,22,264
"Cabarrus County","Cabarrus County, North Carolina","G3700250","3700250","11","37025","37","025",72740,5105,67635,11494,2737,8757,169,0,169,536,73,463
"Caldwell County","Caldwell County, North Carolina","G3700270","3700270","11","37027","37","027",63308,6112,57196,3744,847,2897,103,6,97,373,64,309
"Camden County","Camden County, North Carolina","G3700290","3700290","11","37029","37","029",3938,543,3395,0,0,0,0,0,0,58,0,58
"Carteret County","Carteret County, North Carolina","G3700310","3700310","11","37031","37","031",36312,4325,31987,3670,1246,2424,68,15,53,367,85,282
"Caswell County","Caswell County, North Carolina","G3700330","3700330","11","37033","37","033",11450,1311,10139,8810,2631,6179,0,0,0,39,7,32
"Catawba County","Catawba County, North Carolina","G3700350","3700350","11","37035","37","035",93591,6369,87222,9387,2020,7367,71,22,49,645,69,576
"Chatham County","Chatham County, North Carolina","G3700370","3700370","11","37037","37","037",24073,1634,22439,8905,1383,7522,57,8,49,203,6,197
"Cherokee County","Cherokee County, North Carolina","G3700390","3700390","11","37039","37","039",18165,3982,14183,395,128,267,190,49,141,120,42,78
"Chowan County","Chowan County, North Carolina","G3700410","3700410","11","37041","37","041",7133,629,6504,5160,2343,2817,0,0,0,60,20,40
"Clay County","Clay County, North Carolina","G3700430","3700430","11","37043","37","043",6553,1499,5054,0,0,0,0,0,0,94,0,94
"Cleveland County","Cleveland County, North Carolina","G3700450","3700450","11","37045","37","045",64403,6426,57977,17053,4259,12794,0,0,0,477,85,392
"Columbus County","Columbus County, North Carolina","G3700470","3700470","11","37047","37","047",34060,5940,28120,15167,6848,8319,1132,545,587,457,159,298
"Craven County","Craven County, North Carolina","G3700490","3700490","11","37049","37","049",47361,5496,41865,18281,6656,11625,141,40,101,1013,215,798
"Cumberland County","Cumberland County, North Carolina","G3700510","3700510","11","37051","37","051",145403,14902,130501,66962,21148,45814,3500,842,2658,6998,1426,5572
"Currituck County","Currituck County, North Carolina","G3700530","3700530","11","37053","37","053",9167,1407,7760,1617,568,1049,61,23,38,120,20,100
"Dare County","Dare County, North Carolina","G3700550","3700550","11","37055","37","055",12434,1272,11162,809,216,593,0,0,0,36,0,36
"Davidson County","Davidson County, North Carolina","G3700570","3700570","11","37057","37","057",100234,9056,91178,11125,2687,8438,281,59,222,549,67,482
"Davie County","Davie County, North Carolina","G3700590","3700590","11","37059","37","059",21805,2016,19789,2437,613,1824,30,17,13,97,22,75
"Duplin County","Duplin County, North Carolina","G3700610","3700610","11","37061","37","061",26604,4340,22264,13856,5019,8837,56,0,56,243,117,126
"Durham County","Durham County, North Carolina","G3700630","3700630","11","37063","37","063",90497,6906,83591,52804,13153,39651,274,69,205,1289,219,1070
"Edgecombe County","Edgecombe County, North Carolina","G3700650","3700650","11","37065","37","065",27202,2623,24579,28070,8564,19506,0,0,0,494,153,341
"Forsyth County","Forsyth County, North Carolina","G3700670","3700670","11","37067","37","067",177174,12308,164866,57397,14711,42686,673,170,503,1557,271,1286
"Franklin County","Franklin County, North Carolina","G3700690","3700690","11","37069","37","069",16975,1974,15001,11957,3880,8077,49,12,37,349,122,227
"Gaston County","Gaston County, North Carolina","G3700710","3700710","11","37071","37","071",140427,12040,128387,19626,4520,15106,314,118,196,1078,248,830
"Gates County","Gates County, North Carolina","G3700730","3700730","11","37073","37","073",4165,329,3836,4579,1398,3181,0,0,0,60,0,60
"Graham County","Graham County, North Carolina","G3700750","3700750","11","37075","37","075",6837,1226,5611,0,0,0,376,187,189,0,0,0
"Granville County","Granville County, North Carolina","G3700770","3700770","11","37077","37","077",17220,1517,15703,13912,3901,10011,5,0,5,315,171,144
"Greene County","Greene County, North Carolina","G3700790","3700790","11","37079","37","079",8668,1059,7609,0,0,0,0,0,0,30,0,30
"Guilford County","Guilford County, North Carolina","G3700810","3700810","11","37081","37","081",228065,15531,212534,74217,17665,56552,1088,290,798,2071,465,1606
"Halifax County","Halifax County, North Carolina","G3700830","3700830","11","37083","37","083",27304,3430,23874,25262,12085,13177,1202,314,888,432,210,222
"Harnett County","Harnett County, North Carolina","G3700850","3700850","11","37085","37","085",43034,5558,37476,13251,5280,7971,455,127,328,765,196,569
"Haywood County","Haywood County, North Carolina","G3700870","3700870","11","37087","37","087",44869,6911,37958,758,177,581,0,0,0,261,67,194
"Henderson County","Henderson County, North Carolina","G3700890","3700890","11","37089","37","089",55726,6362,49364,1935,733,1202,126,25,101,308,40,268
"Hertford County","Hertford County, North Carolina","G3700910","3700910","11","37091","37","091",9624,1000,8624,12513,4347,8166,150,80,70,263,121,142
"Hoke County","Hoke County, North Carolina","G3700930","3700930","11","37093","37","093",8532,686,7846,8614,2661,5953,2499,763,1736,342,92,250
"Hyde County","Hyde County, North Carolina","G3700950","3700950","11","37095","37","095",3753,605,3148,2088,1053,1035,0,0,0,48,8,40
"Iredell County","Iredell County, North Carolina","G3700970","3700970","11","37097","37","097",67353,4990,62363,14119,3245,10874,101,25,76,734,129,605
"Jackson County","Jackson County, North Carolina","G3700990","3700990","11","37099","37","099",19966,3569,16397,315,58,257,2403,768,1635,716,325,391
"Johnston County","Johnston County, North Carolina","G3701010","3701010","11","37101","37","101",56076,7460,48616,13724,5035,8689,112,39,73,648,303,345
"Jones County","Jones County, North Carolina","G3701030","3701030","11","37103","37","103",5472,727,4745,0,0,0,0,0,0,75,8,67
"Lee County","Lee County, North Carolina","G3701050","3701050","11","37105","37","105",28154,2542,25612,7987,2318,5669,77,42,35,389,64,325
"Lenoir County","Lenoir County, North Carolina","G3701070","3701070","11","37107","37","107",35672,3592,32080,22081,7877,14204,0,0,0,528,231,297
"Lincoln County","Lincoln County, North Carolina","G3701090","3701090","11","37109","37","109",38144,3128,35016,3733,929,2804,54,0,54,200,35,165
"Mcdowell County","Mcdowell County, North Carolina","G3701110","3701110","11","37111","37","111",32866,3474,29392,1491,481,1010,73,27,46,188,61,127
"Macon County","Macon County, North Carolina","G3701130","3701130","11","37113","37","113",19725,3298,16427,299,163,136,0,0,0,75,35,40
"Madison County","Madison County, North Carolina","G3701150","3701150","11","37115","37","115",15769,4073,11696,109,16,93,0,0,0,0,0,0
"Martin County","Martin County, North Carolina","G3701170","3701170","11","37117","37","117",14182,1538,12644,11435,4612,6823,0,0,0,212,77,135
"Mecklenburg County","Mecklenburg County, North Carolina","G3701190","3701190","11","37119","37","119",285617,15569,270048,104831,26910,77921,1642,208,1434,3729,567,3162
"Mitchell County","Mitchell County, North Carolina","G3701210","3701210","11","37121","37","121",14263,2355,11908,30,12,18,34,16,18,147,83,64
"Montgomery County","Montgomery County, North Carolina","G3701230","3701230","11","37123","37","123",16598,1790,14808,5443,1328,4115,89,29,60,181,30,151
"Moore County","Moore County, North Carolina","G3701250","3701250","11","37125","37","125",38853,3749,35104,10349,2976,7373,277,55,222,349,97,252
"Nash County","Nash County, North Carolina","G3701270","3701270","11","37127","37","127",44191,3946,40245,21886,9150,12736,146,29,117,571,278,293
"New Hanover County","New Hanover County, North Carolina","G3701290","3701290","11","37129","37","129",78437,7983,70454,21990,7222,14768,285,64,221,751,183,568
"Northampton County","Northampton County, North Carolina","G3701310","3701310","11","37131","37","131",8185,953,7232,13257,5063,8194,0,0,0,260,99,161
"Onslow County","Onslow County, North Carolina","G3701330","3701330","11","37133","37","133",70884,9414,61470,16153,5370,10783,557,147,410,2825,574,2251
"Orange County","Orange County, North Carolina","G3701350","3701350","11","37135","37","135",54382,7580,46802,12108,2399,9709,169,30,139,717,123,594
"Pamlico County","Pamlico County, North Carolina","G3701370","3701370","11","37137","37","137",7029,946,6083,3236,1163,2073,100,11,89,81,15,66
"Pasquotank County","Pasquotank County, North Carolina","G3701390","3701390","11","37139","37","139",17380,1907,15473,9506,2872,6634,0,0,0,240,76,164
"Pender County","Pender County, North Carolina","G3701410","3701410","11","37141","37","141",13277,1697,11580,8462,2952,5510,0,0,0,126,38,88
"Perquimans County","Perquimans County, North Carolina","G3701430","3701430","11","37143","37","143",5812,832,4980,3546,1448,2098,0,0,0,84,39,45
"Person County","Person County, North Carolina","G3701450","3701450","11","37145","37","145",19665,1936,17729,8951,2786,6165,160,68,92,272,48,224
"Pitt County","Pitt County, North Carolina","G3701470","3701470","11","37147","37","147",53274,7844,45430,29696,11675,18021,52,19,33,804,303,501
"Polk County","Polk County, North Carolina","G3701490","3701490","11","37149","37","149",11572,1381,10191,1175,351,824,32,8,24,64,20,44
"Randolph County","Randolph County, North Carolina","G3701510","3701510","11","37151","37","151",85149,7017,78132,5425,1084,4341,289,7,282,395,51,344
"Richmond County","Richmond County, North Carolina","G3701530","3701530","11","37153","37","153",32374,2731,29643,11830,3911,7919,479,128,351,312,111,201
"Robeson County","Robeson County, North Carolina","G3701550","3701550","11","37155","37","155",39257,4653,34604,25159,9973,15186,35187,10119,25068,1164,510,654
"Rockingham County","Rockingham County, North Carolina","G3701570","3701570","11","37157","37","157",65589,6581,59008,16887,4003,12884,52,14,38,699,251,448
"Rowan County","Rowan County, North Carolina","G3701590","3701590","11","37159","37","159",80621,5909,74712,14707,3271,11436,203,28,175,473,72,401
"Rutherford County","Rutherford County, North Carolina","G3701610","3701610","11","37161","37","161",46667,5180,41487,6404,2072,4332,0,0,0,396,33,363
"Sampson County","Sampson County, North Carolina","G3701630","3701630","11","37163","37","163",31679,3811,27868,16462,6454,10008,864,125,739,407,145,262
"Scotland County","Scotland County, North Carolina","G3701650","3701650","11","37165","37","165",18170,1579,16591,10980,3250,7730,1967,557,1410,284,78,206
"Stanly County","Stanly County, North Carolina","G3701670","3701670","11","37167","37","167",41898,3695,38203,5487,1265,4222,0,0,0,249,37,212
"Stokes County","Stokes County, North Carolina","G3701690","3701690","11","37169","37","169",30494,3621,26873,2306,518,1788,0,0,0,148,42,106
"Surry County","Surry County, North Carolina","G3701710","3701710","11","37171","37","171",55807,7390,48417,2817,623,2194,71,0,71,376,115,261
"Swain County","Swain County, North Carolina","G3701730","3701730","11","37173","37","173",7522,1879,5643,0,0,0,2446,728,1718,0,0,0
"Transylvania County","Transylvania County, North Carolina","G3701750","3701750","11","37175","37","175",21395,2554,18841,1206,355,851,0,0,0,79,25,54
"Tyrrell County","Tyrrell County, North Carolina","G3701770","3701770","11","37177","37","177",2417,538,1879,0,0,0,0,0,0,0,0,0
"Union County","Union County, North Carolina","G3701790","3701790","11","37179","37","179",56989,4127,52862,11376,2880,8496,221,41,180,574,104,470
"Vance County","Vance County, North Carolina","G3701810","3701810","11","37181","37","181",20261,2167,18094,15617,5386,10231,82,6,76,325,161,164
"Wake County","Wake County, North Carolina","G3701830","3701830","11","37183","37","183",220687,13702,206985,60296,14128,46168,298,49,249,2107,325,1782
"Warren County","Warren County, North Carolina","G3701850","3701850","11","37185","37","185",5713,775,4938,9545,3889,5656,633,208,425,100,36,64
"Washington County","Washington County, North Carolina","G3701870","3701870","11","37187","37","187",8252,900,7352,6317,2265,4052,0,0,0,89,46,43
"Watauga County","Watauga County, North Carolina","G3701890","3701890","11","37189","37","189",27145,6132,21013,254,92,162,0,0,0,138,41,97
"Wayne County","Wayne County, North Carolina","G3701910","3701910","11","37191","37","191",61638,6028,55610,30239,10352,19887,219,24,195,1074,207,867
"Wilkes County","Wilkes County, North Carolina","G3701930","3701930","11","37193","37","193",55087,7366,47721,2873,624,2249,0,0,0,400,89,311
"Wilson County","Wilson County, North Carolina","G3701950","3701950","11","37195","37","195",38535,3696,34839,22533,8518,14015,31,7,24,491,247,244
"Yadkin County","Yadkin County, North Carolina","G3701970","3701970","11","37197","37","197",26643,3654,22989,1256,311,945,0,0,0,191,41,150
"Yancey County","Yancey County, North Carolina","G3701990","3701990","11","37199","37","199",14433,3348,11085,236,86,150,0,0,0,37,0,37
"Adams County","Adams County, North Dakota","G3800010","3800010","11","38001","38","001",3487,594,2893,0,0,0,0,0,0,0,0,0
"Barnes County","Barnes County, North Dakota","G3800030","3800030","11","38003","38","003",13251,1759,11492,0,0,0,57,19,38,0,0,0
"Benson County","Benson County, North Dakota","G3800050","3800050","11","38005","38","005",5636,705,4931,0,0,0,2211,1118,1093,0,0,0
"Billings County","Billings County, North Dakota","G3800070","3800070","11","38007","38","007",0,0,0,0,0,0,0,0,0,0,0,0
"Bottineau County","Bottineau County, North Dakota","G3800090","3800090","11","38009","38","009",8761,1105,7656,0,0,0,62,2,60,0,0,0
"Bowman County","Bowman County, North Dakota","G3800110","3800110","11","38011","38","011",4143,557,3586,0,0,0,0,0,0,0,0,0
"Burke County","Burke County, North Dakota","G3800130","3800130","11","38013","38","013",3771,686,3085,0,0,0,0,0,0,0,0,0
"Burleigh County","Burleigh County, North Dakota","G3800150","3800150","11","38015","38","015",52401,3779,48622,50,2,48,940,420,520,184,18,166
"Cass County","Cass County, North Dakota","G3800170","3800170","11","38017","38","017",83353,7254,76099,74,17,57,661,275,386,377,88,289
"Cavalier County","Cavalier County, North Dakota","G3800190","3800190","11","38019","38","019",7501,990,6511,0,0,0,0,0,0,0,0,0
"Dickey County","Dickey County, North Dakota","G3800210","3800210","11","38021","38","021",6701,1246,5455,0,0,0,0,0,0,0,0,0
"Divide County","Divide County, North Dakota","G3800230","3800230","11","38023","38","023",0,0,0,0,0,0,0,0,0,0,0,0
"Dunn County","Dunn County, North Dakota","G3800250","3800250","11","38025","38","025",4130,725,3405,0,0,0,450,249,201,54,11,43
"Eddy County","Eddy County, North Dakota","G3800270","3800270","11","38027","38","027",3465,453,3012,0,0,0,0,0,0,0,0,0
"Emmons County","Emmons County, North Dakota","G3800290","3800290","11","38029","38","029",5788,1427,4361,0,0,0,0,0,0,0,0,0
"Foster County","Foster County, North Dakota","G3800310","3800310","11","38031","38","031",0,0,0,0,0,0,0,0,0,0,0,0
"Golden Valley County","Golden Valley County, North Dakota","G3800330","3800330","11","38033","38","033",2330,332,1998,0,0,0,0,0,0,0,0,0
"Grand Forks County","Grand Forks County, North Dakota","G3800350","3800350","11","38035","38","035",57672,6024,51648,779,96,683,602,314,288,916,297,619
"Grant County","Grant County, North Dakota","G3800370","3800370","11","38037","38","037",4234,1365,2869,0,0,0,0,0,0,0,0,0
"Griggs County","Griggs County, North Dakota","G3800390","3800390","11","38039","38","039",3648,448,3200,0,0,0,0,0,0,0,0,0
"Hettinger County","Hettinger County, North Dakota","G3800410","3800410","11","38041","38","041",0,0,0,0,0,0,0,0,0,0,0,0
"Kidder County","Kidder County, North Dakota","G3800430","3800430","11","38043","38","043",3788,1082,2706,0,0,0,0,0,0,0,0,0
"La Moure County","La Moure County, North Dakota","G3800450","3800450","11","38045","38","045",6239,1050,5189,0,0,0,0,0,0,0,0,0
"Logan County","Logan County, North Dakota","G3800470","3800470","11","38047","38","047",0,0,0,0,0,0,0,0,0,0,0,0
"Mchenry County","Mchenry County, North Dakota","G3800490","3800490","11","38049","38","049",7788,1429,6359,0,0,0,0,0,0,0,0,0
"Mcintosh County","Mcintosh County, North Dakota","G3800510","3800510","11","38051","38","051",4702,1144,3558,0,0,0,0,0,0,0,0,0
"Mckenzie County","Mckenzie County, North Dakota","G3800530","3800530","11","38053","38","053",6102,727,5375,0,0,0,880,275,605,67,38,29
"Mclean County","Mclean County, North Dakota","G3800550","3800550","11","38055","38","055",11690,1461,10229,0,0,0,591,138,453,44,7,37
"Mercer County","Mercer County, North Dakota","G3800570","3800570","11","38057","38","057",8979,930,8049,0,0,0,117,25,92,0,0,0
"Morton County","Morton County, North Dakota","G3800590","3800590","11","38059","38","059",24533,2599,21934,0,0,0,84,25,59,108,21,87
"Mountrail County","Mountrail County, North Dakota","G3800610","3800610","11","38061","38","061",6573,893,5680,0,0,0,903,324,579,0,0,0
"Nelson County","Nelson County, North Dakota","G3800630","3800630","11","38063","38","063",5042,791,4251,0,0,0,0,0,0,0,0,0
"Oliver County","Oliver County, North Dakota","G3800650","3800650","11","38065","38","065",2427,364,2063,0,0,0,57,8,49,0,0,0
"Pembina County","Pembina County, North Dakota","G3800670","3800670","11","38067","38","067",10053,1205,8848,0,0,0,0,0,0,115,52,63
"Pierce County","Pierce County, North Dakota","G3800690","3800690","11","38069","38","069",5950,878,5072,0,0,0,0,0,0,0,0,0
"Ramsey County","Ramsey County, North Dakota","G3800710","3800710","11","38071","38","071",12184,1138,11046,0,0,0,303,36,267,33,0,33
"Ransom County","Ransom County, North Dakota","G3800730","3800730","11","38073","38","073",6408,761,5647,0,0,0,0,0,0,0,0,0
"Renville County","Renville County, North Dakota","G3800750","3800750","11","38075","38","075",3544,593,2951,0,0,0,0,0,0,0,0,0
"Richland County","Richland County, North Dakota","G3800770","3800770","11","38077","38","077",17200,1914,15286,0,0,0,177,20,157,67,25,42
"Rolette County","Rolette County, North Dakota","G3800790","3800790","11","38079","38","079",4814,629,4185,0,0,0,6919,2900,4019,32,25,7
"Sargent County","Sargent County, North Dakota","G3800810","3800810","11","38081","38","081",0,0,0,0,0,0,0,0,0,0,0,0
"Sheridan County","Sheridan County, North Dakota","G3800830","3800830","11","38083","38","083",0,0,0,0,0,0,0,0,0,0,0,0
"Sioux County","Sioux County, North Dakota","G3800850","3800850","11","38085","38","085",1264,266,998,0,0,0,2312,899,1413,0,0,0
"Slope County","Slope County, North Dakota","G3800870","3800870","11","38087","38","087",1155,264,891,0,0,0,0,0,0,0,0,0
"Stark County","Stark County, North Dakota","G3800890","3800890","11","38089","38","089",22677,2632,20045,0,0,0,57,33,24,67,0,67
"Steele County","Steele County, North Dakota","G3800910","3800910","11","38091","38","091",3104,371,2733,0,0,0,0,0,0,0,0,0
"Stutsman County","Stutsman County, North Dakota","G3800930","3800930","11","38093","38","093",22569,2549,20020,72,17,55,38,23,15,114,5,109
"Towner County","Towner County, North Dakota","G3800950","3800950","11","38095","38","095",3926,611,3315,0,0,0,0,0,0,0,0,0
"Traill County","Traill County, North Dakota","G3800970","3800970","11","38097","38","097",8958,780,8178,0,0,0,0,0,0,95,26,69
"Walsh County","Walsh County, North Dakota","G3800990","3800990","11","38099","38","099",14110,2172,11938,0,0,0,127,35,92,72,12,60
"Ward County","Ward County, North Dakota","G3801010","3801010","11","38101","38","101",53728,5208,48520,835,108,727,570,245,325,550,59,491
"Wells County","Wells County, North Dakota","G3801030","3801030","11","38103","38","103",6838,1181,5657,0,0,0,0,0,0,0,0,0
"Williams County","Williams County, North Dakota","G3801050","3801050","11","38105","38","105",21089,1763,19326,0,0,0,725,135,590,88,14,74
"Adams County","Adams County, Ohio","G3900010","3900010","11","39001","39","001",24075,5942,18133,0,0,0,0,0,0,137,40,97
"Allen County","Allen County, Ohio","G3900030","3900030","11","39003","39","003",98419,8065,90354,10569,3290,7279,174,89,85,1035,190,845
"Ashland County","Ashland County, Ohio","G3900050","3900050","11","39005","39","005",43696,3820,39876,282,56,226,31,1,30,218,15,203
"Ashtabula County","Ashtabula County, Ohio","G3900070","3900070","11","39007","39","007",98798,8498,90300,2859,638,2221,192,50,142,1083,287,796
"Athens County","Athens County, Ohio","G3900090","3900090","11","39009","39","009",46670,9630,37040,955,403,552,126,67,59,425,165,260
"Auglaize County","Auglaize County, Ohio","G3900110","3900110","11","39011","39","011",41895,2698,39197,22,0,22,0,0,0,104,22,82
"Belmont County","Belmont County, Ohio","G3900130","3900130","11","39013","39","013",80125,7277,72848,1626,311,1315,39,14,25,322,68,254
"Brown County","Brown County, Ohio","G3900150","3900150","11","39015","39","015",31117,4675,26442,345,32,313,50,10,40,113,22,91
"Butler County","Butler County, Ohio","G3900170","3900170","11","39017","39","017",233797,20744,213053,11937,3382,8555,380,58,322,1418,178,1240
"Carroll County","Carroll County, Ohio","G3900190","3900190","11","39019","39","019",25041,2490,22551,82,5,77,0,0,0,112,41,71
"Champaign County","Champaign County, Ohio","G3900210","3900210","11","39021","39","021",32026,3076,28950,911,182,729,38,0,38,204,15,189
"Clark County","Clark County, Ohio","G3900230","3900230","11","39023","39","023",132683,13368,119315,12915,3318,9597,339,162,177,921,147,774
"Clermont County","Clermont County, Ohio","G3900250","3900250","11","39025","39","025",126341,10163,116178,813,154,659,108,25,83,704,94,610
"Clinton County","Clinton County, Ohio","G3900270","3900270","11","39027","39","027",33088,3727,29361,667,66,601,0,0,0,255,14,241
"Columbiana County","Columbiana County, Ohio","G3900290","3900290","11","39029","39","029",111024,10372,100652,1338,315,1023,108,36,72,390,51,339
"Coshocton County","Coshocton County, Ohio","G3900310","3900310","11","39031","39","031",34918,3473,31445,444,120,324,0,0,0,98,33,65
"Crawford County","Crawford County, Ohio","G3900330","3900330","11","39033","39","033",48841,5059,43782,351,52,299,101,21,80,255,108,147
"Cuyahoga County","Cuyahoga County, Ohio","G3900350","3900350","11","39035","39","035",1116388,73654,1042734,336424,90763,245661,1866,353,1513,24074,6199,17875
"Darke County","Darke County, Ohio","G3900370","3900370","11","39037","39","037",53743,4778,48965,111,19,92,69,9,60,309,97,212
"Defiance County","Defiance County, Ohio","G3900390","3900390","11","39039","39","039",37742,2591,35151,146,42,104,95,5,90,2354,200,2154
"Delaware County","Delaware County, Ohio","G3900410","3900410","11","39041","39","041",49587,3161,46426,1069,172,897,27,6,21,235,37,198
"Erie County","Erie County, Ohio","G3900430","3900430","11","39043","39","043",72199,5145,67054,5773,1119,4654,82,0,82,1040,169,871
"Fairfield County","Fairfield County, Ohio","G3900450","3900450","11","39045","39","045",91964,6610,85354,304,1,303,113,24,89,275,22,253
"Fayette County","Fayette County, Ohio","G3900470","3900470","11","39047","39","047",26174,3726,22448,722,153,569,0,0,0,275,40,235
"Franklin County","Franklin County, Ohio","G3900490","3900490","11","39049","39","049",704013,67723,636290,126914,33550,93364,1314,354,960,7050,1583,5467
"Fulton County","Fulton County, Ohio","G3900510","3900510","11","39051","39","051",36565,2784,33781,0,0,0,0,0,0,1547,328,1219
"Gallia County","Gallia County, Ohio","G3900530","3900530","11","39053","39","053",27727,4129,23598,883,142,741,98,16,82,207,31,176
"Geauga County","Geauga County, Ohio","G3900550","3900550","11","39055","39","055",72735,3287,69448,997,183,814,0,0,0,313,5,308
"Greene County","Greene County, Ohio","G3900570","3900570","11","39057","39","057",115575,8072,107503,6809,1526,5283,225,16,209,726,73,653
"Guernsey County","Guernsey County, Ohio","G3900590","3900590","11","39059","39","059",40189,4996,35193,522,113,409,55,24,31,134,41,93
"Hamilton County","Hamilton County, Ohio","G3900610","3900610","11","39061","39","061",684948,48756,636192,162509,46551,115958,1060,270,790,5557,1154,4403
"Hancock County","Hancock County, Ohio","G3900630","3900630","11","39063","39","063",61913,3860,58053,341,61,280,166,11,155,1434,205,1229
"Hardin County","Hardin County, Ohio","G3900650","3900650","11","39065","39","065",30365,3899,26466,333,73,260,0,0,0,150,45,105
"Harrison County","Harrison County, Ohio","G3900670","3900670","11","39067","39","067",17328,1860,15468,496,102,394,0,0,0,75,10,65
"Henry County","Henry County, Ohio","G3900690","3900690","11","39069","39","069",27188,1502,25686,28,0,28,33,2,31,1129,169,960
"Highland County","Highland County, Ohio","G3900710","3900710","11","39071","39","071",32290,4751,27539,723,156,567,93,43,50,68,18,50
"Hocking County","Hocking County, Ohio","G3900730","3900730","11","39073","39","073",23787,2882,20905,152,38,114,0,0,0,133,30,103
"Holmes County","Holmes County, Ohio","G3900750","3900750","11","39075","39","075",28392,5182,23210,0,0,0,50,0,50,156,41,115
"Huron County","Huron County, Ohio","G3900770","3900770","11","39077","39","077",53222,3998,49224,462,41,421,80,6,74,750,36,714
"Jackson County","Jackson County, Ohio","G3900790","3900790","11","39079","39","079",30027,5012,25015,228,20,208,0,0,0,165,20,145
"Jefferson County","Jefferson County, Ohio","G3900810","3900810","11","39081","39","081",84856,7776,77080,4924,1413,3511,118,25,93,360,30,330
"Knox County","Knox County, Ohio","G3900830","3900830","11","39083","39","083",42851,4949,37902,205,27,178,65,11,54,99,21,78
"Lake County","Lake County, Ohio","G3900850","3900850","11","39085","39","085",206396,7797,198599,2770,578,2192,248,47,201,1025,39,986
"Lawrence County","Lawrence County, Ohio","G3900870","3900870","11","39087","39","087",61568,9404,52164,1399,137,1262,163,59,104,275,66,209
"Licking County","Licking County, Ohio","G3900890","3900890","11","39089","39","089",115334,9209,106125,1910,176,1734,236,96,140,536,71,465
"Logan County","Logan County, Ohio","G3900910","3900910","11","39091","39","091",37811,4126,33685,703,167,536,48,3,45,202,16,186
"Lorain County","Lorain County, Ohio","G3900930","3900930","11","39093","39","093",242538,15854,226684,19107,5056,14051,638,62,576,13011,2795,10216
"Lucas County","Lucas County, Ohio","G3900950","3900950","11","39095","39","095",390823,32466,358357,62990,19049,43941,1135,270,865,12578,2856,9722
"Madison County","Madison County, Ohio","G3900970","3900970","11","39097","39","097",30108,2873,27235,689,96,593,60,15,45,94,15,79
"Mahoning County","Mahoning County, Ohio","G3900990","3900990","11","39099","39","099",242762,18818,223944,40575,12238,28337,357,26,331,5313,1209,4104
"Marion County","Marion County, Ohio","G3901010","3901010","11","39101","39","101",64271,6654,57617,1391,367,1024,88,17,71,425,54,371
"Medina County","Medina County, Ohio","G3901030","3901030","11","39103","39","103",110674,4708,105966,822,107,715,139,22,117,681,52,629
"Meigs County","Meigs County, Ohio","G3901050","3901050","11","39105","39","105",23227,3861,19366,219,61,158,38,5,33,139,67,72
"Mercer County","Mercer County, Ohio","G3901070","3901070","11","39107","39","107",37669,2791,34878,0,0,0,82,12,70,342,21,321
"Miami County","Miami County, Ohio","G3901090","3901090","11","39109","39","109",87446,6307,81139,1785,409,1376,111,14,97,378,27,351
"Monroe County","Monroe County, Ohio","G3901110","3901110","11","39111","39","111",17277,2324,14953,0,0,0,0,0,0,0,0,0
"Montgomery County","Montgomery County, Ohio","G3901130","3901130","11","39113","39","113",462900,36711,426189,92879,24491,68388,744,156,588,3769,668,3101
"Morgan County","Morgan County, Ohio","G3901150","3901150","11","39115","39","115",13417,1893,11524,509,164,345,53,11,42,59,4,55
"Morrow County","Morrow County, Ohio","G3901170","3901170","11","39117","39","117",26037,2617,23420,29,0,29,0,0,0,111,6,105
"Muskingum County","Muskingum County, Ohio","G3901190","3901190","11","39119","39","119",77871,8887,68984,3537,787,2750,123,65,58,190,16,174
"Noble County","Noble County, Ohio","G3901210","3901210","11","39121","39","121",11141,1452,9689,0,0,0,0,0,0,0,0,0
"Ottawa County","Ottawa County, Ohio","G3901230","3901230","11","39123","39","123",38948,2291,36657,216,55,161,40,3,37,1207,186,1021
"Paulding County","Paulding County, Ohio","G3901250","3901250","11","39125","39","125",20635,1392,19243,211,93,118,0,0,0,484,41,443
"Perry County","Perry County, Ohio","G3901270","3901270","11","39127","39","127",30722,3855,26867,56,6,50,0,0,0,158,42,116
"Pickaway County","Pickaway County, Ohio","G3901290","3901290","11","39129","39","129",40813,4451,36362,342,18,324,48,16,32,219,44,175
"Pike County","Pike County, Ohio","G3901310","3901310","11","39131","39","131",21940,4501,17439,230,60,170,100,27,73,138,46,92
"Portage County","Portage County, Ohio","G3901330","3901330","11","39133","39","133",125692,11212,114480,2775,800,1975,156,29,127,559,92,467
"Preble County","Preble County, Ohio","G3901350","3901350","11","39135","39","135",37609,3461,34148,223,11,212,37,2,35,68,7,61
"Putnam County","Putnam County, Ohio","G3901370","3901370","11","39137","39","137",31924,2128,29796,0,0,0,0,0,0,1134,151,983
"Richland County","Richland County, Ohio","G3901390","3901390","11","39139","39","139",118819,9988,108831,8203,1865,6338,186,42,144,994,132,862
"Ross County","Ross County, Ohio","G3901410","3901410","11","39141","39","141",59148,6926,52222,2284,254,2030,59,9,50,322,123,199
"Sandusky County","Sandusky County, Ohio","G3901430","3901430","11","39143","39","143",60065,4120,55945,1342,269,1073,104,7,97,3127,545,2582
"Scioto County","Scioto County, Ohio","G3901450","3901450","11","39145","39","145",80110,14078,66032,1418,430,988,187,85,102,360,56,304
"Seneca County","Seneca County, Ohio","G3901470","3901470","11","39147","39","147",58020,4777,53243,1122,230,892,48,19,29,1316,166,1150
"Shelby County","Shelby County, Ohio","G3901490","3901490","11","39149","39","149",41773,3291,38482,473,159,314,0,0,0,94,28,66
"Stark County","Stark County, Ohio","G3901510","3901510","11","39151","39","151",345846,24741,321105,23716,6515,17201,613,172,441,3322,552,2770
"Summit County","Summit County, Ohio","G3901530","3901530","11","39153","39","153",457290,32664,424626,55764,15159,40605,623,130,493,2335,224,2111
"Trumbull County","Trumbull County, Ohio","G3901550","3901550","11","39155","39","155",224096,16011,208085,14492,3299,11193,214,6,208,1211,99,1112
"Tuscarawas County","Tuscarawas County, Ohio","G3901570","3901570","11","39157","39","157",82636,7332,75304,731,143,588,0,0,0,352,15,337
"Union County","Union County, Ohio","G3901590","3901590","11","39159","39","159",28326,2389,25937,192,10,182,0,0,0,99,23,76
"Van Wert County","Van Wert County, Ohio","G3901610","3901610","11","39161","39","161",29678,1925,27753,81,12,69,0,0,0,283,66,217
"Vinton County","Vinton County, Ohio","G3901630","3901630","11","39163","39","163",11357,1988,9369,0,0,0,0,0,0,0,0,0
"Warren County","Warren County, Ohio","G3901650","3901650","11","39165","39","165",94656,6853,87803,685,73,612,160,37,123,320,22,298
"Washington County","Washington County, Ohio","G3901670","3901670","11","39167","39","167",61500,5885,55615,879,157,722,0,0,0,194,70,124
"Wayne County","Wayne County, Ohio","G3901690","3901690","11","39169","39","169",92427,8094,84333,1040,129,911,30,6,24,459,51,408
"Williams County","Williams County, Ohio","G3901710","3901710","11","39171","39","171",35506,2770,32736,0,0,0,47,12,35,793,75,718
"Wood County","Wood County, Ohio","G3901730","3901730","11","39173","39","173",95989,9294,86695,927,327,600,193,42,151,2248,399,1849
"Wyandot County","Wyandot County, Ohio","G3901750","3901750","11","39175","39","175",22042,2247,19795,0,0,0,0,0,0,149,15,134
"Adair County","Adair County, Oklahoma","G4000010","4000010","11","40001","40","001",12061,2831,9230,0,0,0,6168,2222,3946,173,108,65
"Alfalfa County","Alfalfa County, Oklahoma","G4000030","4000030","11","40003","40","003",6767,775,5992,8,8,0,0,0,0,50,16,34
"Atoka County","Atoka County, Oklahoma","G4000050","4000050","11","40005","40","005",10039,2446,7593,388,193,195,1268,463,805,88,0,88
"Beaver County","Beaver County, Oklahoma","G4000070","4000070","11","40007","40","007",6615,960,5655,0,0,0,99,14,85,79,31,48
"Beckham County","Beckham County, Oklahoma","G4000090","4000090","11","40009","40","009",18030,2631,15399,394,211,183,155,29,126,415,102,313
"Blaine County","Blaine County, Oklahoma","G4000110","4000110","11","40011","40","011",11487,1528,9959,554,191,363,942,518,424,185,0,185
"Bryan County","Bryan County, Oklahoma","G4000130","4000130","11","40013","40","013",26618,5095,21523,448,151,297,2241,687,1554,236,39,197
"Caddo County","Caddo County, Oklahoma","G4000150","4000150","11","40015","40","015",23525,3886,19639,844,388,456,5213,2084,3129,1018,354,664
"Canadian County","Canadian County, Oklahoma","G4000170","4000170","11","40017","40","017",51648,3360,48288,1003,368,635,1702,289,1413,866,73,793
"Carter County","Carter County, Oklahoma","G4000190","4000190","11","40019","40","019",36382,4320,32062,3638,1530,2108,2397,597,1800,409,127,282
"Cherokee County","Cherokee County, Oklahoma","G4000210","4000210","11","40021","40","021",21195,4631,16564,221,62,159,7410,1707,5703,164,60,104
"Choctaw County","Choctaw County, Oklahoma","G4000230","4000230","11","40023","40","023",13052,2793,10259,2270,1080,1190,1635,536,1099,160,23,137
"Cimarron County","Cimarron County, Oklahoma","G4000250","4000250","11","40025","40","025",3460,451,3009,0,0,0,31,1,30,261,76,185
"Cleveland County","Cleveland County, Oklahoma","G4000270","4000270","11","40027","40","027",116827,10115,106712,1571,366,1205,3811,532,3279,2325,283,2042
"Coal County","Coal County, Oklahoma","G4000290","4000290","11","40029","40","029",5172,1241,3931,0,0,0,715,219,496,41,12,29
"Comanche County","Comanche County, Oklahoma","G4000310","4000310","11","40031","40","031",77243,8473,68770,13839,3452,10387,4364,1084,3280,5134,1159,3975
"Cotton County","Cotton County, Oklahoma","G4000330","4000330","11","40033","40","033",6491,1010,5481,182,110,72,498,154,344,180,33,147
"Craig County","Craig County, Oklahoma","G4000350","4000350","11","40035","40","035",11964,1470,10494,465,100,365,1764,394,1370,144,69,75
"Creek County","Creek County, Oklahoma","G4000370","4000370","11","40037","40","037",52498,5616,46882,2037,1001,1036,3508,562,2946,656,109,547
"Custer County","Custer County, Oklahoma","G4000390","4000390","11","40039","40","039",21719,2896,18823,792,299,493,961,347,614,854,353,501
"Delaware County","Delaware County, Oklahoma","G4000410","4000410","11","40041","40","041",18680,3342,15338,0,0,0,4907,1684,3223,132,40,92
"Dewey County","Dewey County, Oklahoma","G4000430","4000430","11","40043","40","043",5546,715,4831,0,0,0,253,172,81,54,0,54
"Ellis County","Ellis County, Oklahoma","G4000450","4000450","11","40045","40","045",5507,571,4936,0,0,0,40,7,33,52,5,47
"Garfield County","Garfield County, Oklahoma","G4000470","4000470","11","40047","40","047",57598,4335,53263,1809,546,1263,719,184,535,798,93,705
"Garvin County","Garvin County, Oklahoma","G4000490","4000490","11","40049","40","049",24847,3459,21388,696,304,392,1050,213,837,274,51,223
"Grady County","Grady County, Oklahoma","G4000510","4000510","11","40051","40","051",35872,4657,31215,1499,588,911,1006,201,805,533,78,455
"Grant County","Grant County, Oklahoma","G4000530","4000530","11","40053","40","053",6340,818,5522,0,0,0,55,7,48,0,0,0
"Greer County","Greer County, Oklahoma","G4000550","4000550","11","40055","40","055",6110,1237,4873,260,122,138,48,15,33,224,79,145
"Harmon County","Harmon County, Oklahoma","G4000570","4000570","11","40057","40","057",3637,674,2963,299,201,98,66,39,27,449,336,113
"Harper County","Harper County, Oklahoma","G4000590","4000590","11","40059","40","059",4576,447,4129,0,0,0,0,0,0,37,3,34
"Haskell County","Haskell County, Oklahoma","G4000610","4000610","11","40061","40","061",9892,1998,7894,35,27,8,983,232,751,60,14,46
"Hughes County","Hughes County, Oklahoma","G4000630","4000630","11","40063","40","063",11709,2532,9177,423,172,251,1938,729,1209,139,40,99
"Jackson County","Jackson County, Oklahoma","G4000650","4000650","11","40065","40","065",24659,3121,21538,2464,1124,1340,315,77,238,2605,1038,1567
"Jefferson County","Jefferson County, Oklahoma","G4000670","4000670","11","40067","40","067",7520,1407,6113,54,33,21,206,82,124,342,121,221
"Johnston County","Johnston County, Oklahoma","G4000690","4000690","11","40069","40","069",8605,2413,6192,215,96,119,1121,554,567,96,4,92
"Kay County","Kay County, Oklahoma","G4000710","4000710","11","40071","40","071",44914,3724,41190,907,255,652,2563,432,2131,799,57,742
"Kingfisher County","Kingfisher County, Oklahoma","G4000730","4000730","11","40073","40","073",13231,1205,12026,406,206,200,295,41,254,178,30,148
"Kiowa County","Kiowa County, Oklahoma","G4000750","4000750","11","40075","40","075",11028,2139,8889,610,395,215,439,165,274,504,218,286
"Latimer County","Latimer County, Oklahoma","G4000770","4000770","11","40077","40","077",7715,1726,5989,141,101,40,1305,510,795,71,0,71
"Le Flore County","Le Flore County, Oklahoma","G4000790","4000790","11","40079","40","079",35659,6839,28820,908,278,630,3075,852,2223,228,69,159
"Lincoln County","Lincoln County, Oklahoma","G4000810","4000810","11","40081","40","081",24538,3447,21091,804,231,573,801,136,665,249,76,173
"Logan County","Logan County, Oklahoma","G4000830","4000830","11","40083","40","083",21920,2281,19639,3257,1446,1811,423,24,399,357,85,272
"Love County","Love County, Oklahoma","G4000850","4000850","11","40085","40","085",6750,1032,5718,262,104,158,374,115,259,70,21,49
"Mcclain County","Mcclain County, Oklahoma","G4000870","4000870","11","40087","40","087",19062,2170,16892,207,48,159,683,77,606,171,16,155
"Mccurtain County","Mccurtain County, Oklahoma","G4000890","4000890","11","40089","40","089",28083,5836,22247,3770,1563,2207,3587,1133,2454,397,75,322
"Mcintosh County","Mcintosh County, Oklahoma","G4000910","4000910","11","40091","40","091",12270,2531,9739,1004,431,573,1891,606,1285,0,0,0
"Major County","Major County, Oklahoma","G4000930","4000930","11","40093","40","093",8480,924,7556,0,0,0,119,24,95,118,31,87
"Marshall County","Marshall County, Oklahoma","G4000950","4000950","11","40095","40","095",9384,1733,7651,179,19,160,752,245,507,85,45,40
"Mayes County","Mayes County, Oklahoma","G4000970","4000970","11","40097","40","097",27190,3751,23439,35,15,20,4278,1083,3195,276,19,257
"Murray County","Murray County, Oklahoma","G4000990","4000990","11","40099","40","099",10686,1462,9224,153,16,137,755,157,598,43,8,35
"Muskogee County","Muskogee County, Oklahoma","G4001010","4001010","11","40101","40","101",50417,7477,42940,9317,3650,5667,5212,1050,4162,679,287,392
"Noble County","Noble County, Oklahoma","G4001030","4001030","11","40103","40","103",10234,832,9402,235,153,82,750,238,512,64,42,22
"Nowata County","Nowata County, Oklahoma","G4001050","4001050","11","40105","40","105",9766,1086,8680,377,187,190,1096,198,898,0,0,0
"Okfuskee County","Okfuskee County, Oklahoma","G4001070","4001070","11","40107","40","107",7869,1637,6232,1303,429,874,1601,535,1066,97,48,49
"Oklahoma County","Oklahoma County, Oklahoma","G4001090","4001090","11","40109","40","109",462773,38080,424693,68479,16966,51513,14912,2223,12689,14282,2365,11917
"Okmulgee County","Okmulgee County, Oklahoma","G4001110","4001110","11","40111","40","111",29141,4593,24548,4671,1847,2824,3313,797,2516,543,198,345
"Osage County","Osage County, Oklahoma","G4001130","4001130","11","40113","40","113",30797,2937,27860,2883,380,2503,4685,865,3820,347,36,311
"Ottawa County","Ottawa County, Oklahoma","G4001150","4001150","11","40115","40","115",27262,4160,23102,14,4,10,4051,785,3266,240,99,141
"Pawnee County","Pawnee County, Oklahoma","G4001170","4001170","11","40117","40","117",14103,1642,12461,83,18,65,976,163,813,96,0,96
"Payne County","Payne County, Oklahoma","G4001190","4001190","11","40119","40","119",48811,7396,41415,1473,526,947,1504,461,1043,841,309,532
"Pittsburg County","Pittsburg County, Oklahoma","G4001210","4001210","11","40121","40","121",34049,5159,28890,1482,453,1029,2864,724,2140,308,47,261
"Pontotoc County","Pontotoc County, Oklahoma","G4001230","4001230","11","40123","40","123",27607,4050,23557,918,514,404,2402,699,1703,205,25,180
"Pottawatomie County","Pottawatomie County, Oklahoma","G4001250","4001250","11","40125","40","125",48129,6331,41798,1093,387,706,3968,846,3122,636,115,521
"Pushmataha County","Pushmataha County, Oklahoma","G4001270","4001270","11","40127","40","127",10186,2620,7566,174,157,17,1246,319,927,105,38,67
"Roger Mills County","Roger Mills County, Oklahoma","G4001290","4001290","11","40129","40","129",4427,562,3865,0,0,0,314,140,174,62,30,32
"Rogers County","Rogers County, Oklahoma","G4001310","4001310","11","40131","40","131",41212,3193,38019,354,111,243,4059,436,3623,398,58,340
"Seminole County","Seminole County, Oklahoma","G4001330","4001330","11","40133","40","133",21014,2858,18156,2083,981,1102,3660,1211,2449,176,45,131
"Sequoyah County","Sequoyah County, Oklahoma","G4001350","4001350","11","40135","40","135",25081,4497,20584,804,310,494,4429,1297,3132,108,12,96
"Stephens County","Stephens County, Oklahoma","G4001370","4001370","11","40137","40","137",40257,4378,35879,962,210,752,984,113,871,848,164,684
"Texas County","Texas County, Oklahoma","G4001390","4001390","11","40139","40","139",16389,1338,15051,16,10,6,208,9,199,1358,209,1149
"Tillman County","Tillman County, Oklahoma","G4001410","4001410","11","40141","40","141",9418,1609,7809,1238,543,695,271,108,163,1276,420,856
"Tulsa County","Tulsa County, Oklahoma","G4001430","4001430","11","40143","40","143",393265,29933,363332,43088,11247,31841,18757,3248,15509,7567,1458,6109
"Wagoner County","Wagoner County, Oklahoma","G4001450","4001450","11","40145","40","145",36643,3209,33434,1894,945,949,2693,386,2307,409,29,380
"Washington County","Washington County, Oklahoma","G4001470","4001470","11","40147","40","147",42883,2691,40192,1145,302,843,2689,427,2262,881,85,796
"Washita County","Washita County, Oklahoma","G4001490","4001490","11","40149","40","149",13130,1328,11802,69,22,47,142,37,105,325,148,177
"Woods County","Woods County, Oklahoma","G4001510","4001510","11","40151","40","151",9997,1103,8894,16,11,5,49,5,44,241,56,185
"Woodward County","Woodward County, Oklahoma","G4001530","4001530","11","40153","40","153",20268,1815,18453,31,31,0,209,33,176,447,48,399
"Baker County","Baker County, Oregon","G4100010","4100010","11","41001","41","001",15656,1950,13706,0,0,0,161,71,90,113,45,68
"Benton County","Benton County, Oregon","G4100030","4100030","11","41003","41","003",58052,7417,50635,378,85,293,404,106,298,1070,331,739
"Clackamas County","Clackamas County, Oregon","G4100050","4100050","11","41005","41","005",233071,13887,219184,881,87,794,1264,174,1090,3477,284,3193
"Clatsop County","Clatsop County, Oregon","G4100070","4100070","11","41007","41","007",30568,3377,27191,154,96,58,261,110,151,420,124,296
"Columbia County","Columbia County, Oregon","G4100090","4100090","11","41009","41","009",34521,3257,31264,0,0,0,485,21,464,500,65,435
"Coos County","Coos County, Oregon","G4100110","4100110","11","41011","41","011",61029,6288,54741,30,0,30,1201,205,996,1145,152,993
"Crook County","Crook County, Oregon","G4100130","4100130","11","41013","41","013",12428,1149,11279,0,0,0,215,20,195,304,124,180
"Curry County","Curry County, Oregon","G4100150","4100150","11","41015","41","015",16449,1956,14493,0,0,0,273,56,217,145,51,94
"Deschutes County","Deschutes County, Oregon","G4100170","4100170","11","41017","41","017",60446,5576,54870,56,35,21,419,52,367,977,225,752
"Douglas County","Douglas County, Oregon","G4100190","4100190","11","41019","41","019",90076,9784,80292,157,36,121,1174,225,949,1902,446,1456
"Gilliam County","Gilliam County, Oregon","G4100210","4100210","11","41021","41","021",1985,143,1842,0,0,0,0,0,0,41,2,39
"Grant County","Grant County, Oregon","G4100230","4100230","11","41023","41","023",7964,954,7010,0,0,0,99,31,68,127,28,99
"Harney County","Harney County, Oregon","G4100250","4100250","11","41025","41","025",7904,697,7207,0,0,0,215,0,215,259,10,249
"Hood River County","Hood River County, Oregon","G4100270","4100270","11","41027","41","027",14349,1362,12987,30,0,30,279,40,239,1021,86,935
"Jackson County","Jackson County, Oregon","G4100290","4100290","11","41029","41","029",124528,14246,110282,149,44,105,1623,425,1198,3792,933,2859
"Jefferson County","Jefferson County, Oregon","G4100310","4100310","11","41031","41","031",8961,903,8058,0,0,0,1990,510,1480,760,136,624
"Josephine County","Josephine County, Oregon","G4100330","4100330","11","41033","41","033",56947,8857,48090,0,0,0,618,117,501,1147,195,952
"Klamath County","Klamath County, Oregon","G4100350","4100350","11","41035","41","035",54686,6451,48235,362,149,213,1941,544,1397,1899,317,1582
"Lake County","Lake County, Oregon","G4100370","4100370","11","41037","41","037",7123,902,6221,0,0,0,118,59,59,242,49,193
"Lane County","Lane County, Oregon","G4100390","4100390","11","41039","41","039",258488,31307,227181,1332,243,1089,2748,634,2114,5652,1645,4007
"Lincoln County","Lincoln County, Oregon","G4100410","4100410","11","41041","41","041",33858,3870,29988,36,9,27,585,80,505,528,111,417
"Linn County","Linn County, Oregon","G4100430","4100430","11","41043","41","043",86678,10646,76032,195,36,159,835,206,629,1521,247,1274
"Malheur County","Malheur County, Oregon","G4100450","4100450","11","41045","41","045",22640,3456,19184,118,46,72,156,79,77,3734,986,2748
"Marion County","Marion County, Oregon","G4100470","4100470","11","41047","41","047",185053,18962,166091,1086,249,837,2002,436,1566,9353,2232,7121
"Morrow County","Morrow County, Oregon","G4100490","4100490","11","41049","41","049",7201,723,6478,0,0,0,44,5,39,347,58,289
"Multnomah County","Multnomah County, Oregon","G4100510","4100510","11","41051","41","051",496675,47837,448838,29435,8658,20777,5041,1222,3819,10508,2051,8457
"Polk County","Polk County, Oregon","G4100530","4100530","11","41053","41","053",41973,4725,37248,161,127,34,602,117,485,1533,281,1252
"Sherman County","Sherman County, Oregon","G4100550","4100550","11","41055","41","055",2126,290,1836,0,0,0,0,0,0,34,12,22
"Tillamook County","Tillamook County, Oregon","G4100570","4100570","11","41057","41","057",20369,2031,18338,0,0,0,277,46,231,218,34,184
"Umatilla County","Umatilla County, Oregon","G4100590","4100590","11","41059","41","059",53698,5056,48642,109,37,72,1568,523,1045,2646,592,2054
"Union County","Union County, Oregon","G4100610","4100610","11","41061","41","061",22905,2766,20139,86,75,11,165,58,107,237,50,187
"Wallowa County","Wallowa County, Oregon","G4100630","4100630","11","41063","41","063",7173,799,6374,0,0,0,0,0,0,50,2,48
"Wasco County","Wasco County, Oregon","G4100650","4100650","11","41065","41","065",20510,1909,18601,54,4,50,691,165,526,374,119,255
"Washington County","Washington County, Oregon","G4100670","4100670","11","41067","41","067",232499,12996,219503,1126,160,966,1319,198,1121,6351,1078,5273
"Wheeler County","Wheeler County, Oregon","G4100690","4100690","11","41069","41","069",1493,274,1219,0,0,0,0,0,0,0,0,0
"Yamhill County","Yamhill County, Oregon","G4100710","4100710","11","41071","41","071",51355,4892,46463,99,31,68,503,48,455,1789,329,1460
"Adams County","Adams County, Pennsylvania","G4200010","4200010","11","42001","42","001",64427,5136,59291,647,122,525,76,23,53,531,123,408
"Allegheny County","Allegheny County, Pennsylvania","G4200030","4200030","11","42003","42","003",1265913,86290,1179623,145989,42247,103742,1090,291,799,7865,1731,6134
"Armstrong County","Armstrong County, Pennsylvania","G4200050","4200050","11","42005","42","005",75963,7248,68715,867,142,725,0,0,0,227,14,213
"Beaver County","Beaver County, Pennsylvania","G4200070","4200070","11","42007","42","007",189445,11994,177451,11447,2947,8500,175,65,110,1077,106,971
"Bedford County","Bedford County, Pennsylvania","G4200090","4200090","11","42009","42","009",46215,6778,39437,146,13,133,37,16,21,97,10,87
"Berks County","Berks County, Pennsylvania","G4200110","4200110","11","42011","42","011",290129,20161,269968,7303,1884,5419,188,55,133,8659,4022,4637
"Blair County","Blair County, Pennsylvania","G4200130","4200130","11","42013","42","013",132825,14331,118494,975,233,742,76,44,32,270,72,198
"Bradford County","Bradford County, Pennsylvania","G4200150","4200150","11","42015","42","015",61647,8368,53279,91,12,79,39,18,21,205,83,122
"Bucks County","Bucks County, Pennsylvania","G4200170","4200170","11","42017","42","017",455657,23704,431953,11229,2683,8546,536,30,506,5177,1031,4146
"Butler County","Butler County, Pennsylvania","G4200190","4200190","11","42019","42","019",142017,10193,131824,609,96,513,89,56,33,328,48,280
"Cambria County","Cambria County, Pennsylvania","G4200210","4200210","11","42021","42","021",174407,16287,158120,3214,871,2343,69,23,46,1016,149,867
"Cameron County","Cameron County, Pennsylvania","G4200230","4200230","11","42023","42","023",6603,734,5869,0,0,0,0,0,0,0,0,0
"Carbon County","Carbon County, Pennsylvania","G4200250","4200250","11","42025","42","025",52610,4017,48593,28,0,28,0,0,0,313,18,295
"Centre County","Centre County, Pennsylvania","G4200270","4200270","11","42027","42","027",94822,15361,79461,986,452,534,69,27,42,736,249,487
"Chester County","Chester County, Pennsylvania","G4200290","4200290","11","42029","42","029",278992,15147,263845,20746,3437,17309,291,31,260,5416,1515,3901
"Clarion County","Clarion County, Pennsylvania","G4200310","4200310","11","42031","42","031",40144,4725,35419,73,45,28,40,14,26,158,34,124
"Clearfield County","Clearfield County, Pennsylvania","G4200330","4200330","11","42033","42","033",82330,8622,73708,257,11,246,0,0,0,229,24,205
"Clinton County","Clinton County, Pennsylvania","G4200350","4200350","11","42035","42","035",36872,4093,32779,87,41,46,0,0,0,137,43,94
"Columbia County","Columbia County, Pennsylvania","G4200370","4200370","11","42037","42","037",58474,6594,51880,150,66,84,0,0,0,174,82,92
"Crawford County","Crawford County, Pennsylvania","G4200390","4200390","11","42039","42","039",84603,9529,75074,974,285,689,146,69,77,360,47,313
"Cumberland County","Cumberland County, Pennsylvania","G4200410","4200410","11","42041","42","041",167216,9418,157798,1436,184,1252,121,55,66,776,76,700
"Dauphin County","Dauphin County, Pennsylvania","G4200430","4200430","11","42043","42","043",193583,13602,179981,30385,7850,22535,280,31,249,3325,962,2363
"Delaware County","Delaware County, Pennsylvania","G4200450","4200450","11","42045","42","045",486619,27410,459209,47534,11506,36028,386,76,310,3804,782,3022
"Elk County","Elk County, Pennsylvania","G4200470","4200470","11","42047","42","047",37916,2418,35498,0,0,0,0,0,0,0,0,0
"Erie County","Erie County, Pennsylvania","G4200490","4200490","11","42049","42","049",258550,22806,235744,11705,4156,7549,366,89,277,1877,654,1223
"Fayette County","Fayette County, Pennsylvania","G4200510","4200510","11","42051","42","051",152019,22671,129348,5835,1837,3998,137,73,64,574,149,425
"Forest County","Forest County, Pennsylvania","G4200530","4200530","11","42053","42","053",4954,594,4360,0,0,0,0,0,0,0,0,0
"Franklin County","Franklin County, Pennsylvania","G4200550","4200550","11","42055","42","055",108455,7874,100581,1937,324,1613,104,0,104,740,166,574
"Fulton County","Fulton County, Pennsylvania","G4200570","4200570","11","42057","42","057",12605,1755,10850,95,70,25,0,0,0,70,47,23
"Greene County","Greene County, Pennsylvania","G4200590","4200590","11","42059","42","059",39213,5383,33830,304,129,175,0,0,0,331,91,240
"Huntingdon County","Huntingdon County, Pennsylvania","G4200610","4200610","11","42061","42","061",39192,5263,33929,491,149,342,0,0,0,92,26,66
"Indiana County","Indiana County, Pennsylvania","G4200630","4200630","11","42063","42","063",85358,11467,73891,533,133,400,69,3,66,264,30,234
"Jefferson County","Jefferson County, Pennsylvania","G4200650","4200650","11","42065","42","065",47489,4816,42673,18,0,18,51,35,16,183,79,104
"Juniata County","Juniata County, Pennsylvania","G4200670","4200670","11","42067","42","067",18885,2397,16488,0,0,0,0,0,0,62,12,50
"Lackawanna County","Lackawanna County, Pennsylvania","G4200690","4200690","11","42069","42","069",220133,21372,198761,907,166,741,53,19,34,901,217,684
"Lancaster County","Lancaster County, Pennsylvania","G4200710","4200710","11","42071","42","071",336696,25491,311205,6535,1920,4615,391,92,299,8949,2691,6258
"Lawrence County","Lawrence County, Pennsylvania","G4200730","4200730","11","42073","42","073",101401,9495,91906,2959,829,2130,71,24,47,298,20,278
"Lebanon County","Lebanon County, Pennsylvania","G4200750","4200750","11","42075","42","075",103745,7418,96327,255,44,211,43,0,43,1479,477,1002
"Lehigh County","Lehigh County, Pennsylvania","G4200770","4200770","11","42077","42","077",257736,16412,241324,3963,1360,2603,192,49,143,6806,2668,4138
"Luzerne County","Luzerne County, Pennsylvania","G4200790","4200790","11","42079","42","079",333615,32337,301278,1563,854,709,105,0,105,1246,324,922
"Lycoming County","Lycoming County, Pennsylvania","G4200810","4200810","11","42081","42","081",113496,11807,101689,1415,448,967,117,40,77,320,82,238
"Mckean County","Mckean County, Pennsylvania","G4200830","4200830","11","42083","42","083",49390,5005,44385,0,0,0,112,39,73,93,30,63
"Mercer County","Mercer County, Pennsylvania","G4200850","4200850","11","42085","42","085",117910,9577,108333,5441,1598,3843,79,30,49,318,78,240
"Mifflin County","Mifflin County, Pennsylvania","G4200870","4200870","11","42087","42","087",46167,6027,40140,110,2,108,0,0,0,110,27,83
"Monroe County","Monroe County, Pennsylvania","G4200890","4200890","11","42089","42","089",65788,5433,60355,700,174,526,32,0,32,680,116,564
"Montgomery County","Montgomery County, Pennsylvania","G4200910","4200910","11","42091","42","091",590447,24865,565582,27531,3961,23570,507,74,433,5209,743,4466
"Montour County","Montour County, Pennsylvania","G4200930","4200930","11","42093","42","093",15301,1335,13966,0,0,0,0,0,0,29,2,27
"Northampton County","Northampton County, Pennsylvania","G4200950","4200950","11","42095","42","095",210937,14667,196270,3700,1180,2520,135,97,38,6657,2281,4376
"Northumberland County","Northumberland County, Pennsylvania","G4200970","4200970","11","42097","42","097",99077,11209,87868,91,45,46,85,61,24,214,99,115
"Perry County","Perry County, Pennsylvania","G4200990","4200990","11","42099","42","099",35223,2932,32291,0,0,0,0,0,0,162,13,149
"Philadelphia County","Philadelphia County, Pennsylvania","G4201010","4201010","11","42101","42","101",964213,112352,851861,629153,202364,426789,2703,882,1821,63244,29013,34231
"Pike County","Pike County, Pennsylvania","G4201030","4201030","11","42103","42","103",18024,1616,16408,57,11,46,0,0,0,241,49,192
"Potter County","Potter County, Pennsylvania","G4201050","4201050","11","42105","42","105",17246,2645,14601,61,25,36,0,0,0,83,17,66
"Schuylkill County","Schuylkill County, Pennsylvania","G4201070","4201070","11","42107","42","107",158471,17004,141467,329,70,259,54,40,14,588,142,446
"Snyder County","Snyder County, Pennsylvania","G4201090","4201090","11","42109","42","109",30699,3264,27435,18,4,14,35,8,27,67,10,57
"Somerset County","Somerset County, Pennsylvania","G4201110","4201110","11","42111","42","111",79762,9320,70442,52,11,41,49,13,36,205,16,189
"Sullivan County","Sullivan County, Pennsylvania","G4201130","4201130","11","42113","42","113",6178,961,5217,43,37,6,0,0,0,0,0,0
"Susquehanna County","Susquehanna County, Pennsylvania","G4201150","4201150","11","42115","42","115",37413,4818,32595,0,0,0,73,10,63,152,13,139
"Tioga County","Tioga County, Pennsylvania","G4201170","4201170","11","42117","42","117",38959,5964,32995,91,29,62,0,0,0,108,45,63
"Union County","Union County, Pennsylvania","G4201190","4201190","11","42119","42","119",27853,2615,25238,65,0,65,17,4,13,75,8,67
"Venango County","Venango County, Pennsylvania","G4201210","4201210","11","42121","42","121",61911,5322,56589,228,53,175,0,0,0,187,47,140
"Warren County","Warren County, Pennsylvania","G4201230","4201230","11","42123","42","123",45917,3900,42017,0,0,0,83,21,62,92,6,86
"Washington County","Washington County, Pennsylvania","G4201250","4201250","11","42125","42","125",204945,16993,187952,7019,1809,5210,249,81,168,1444,172,1272
"Wayne County","Wayne County, Pennsylvania","G4201270","4201270","11","42127","42","127",34594,4255,30339,21,4,17,0,0,0,148,13,135
"Westmoreland County","Westmoreland County, Pennsylvania","G4201290","4201290","11","42129","42","129",379741,27496,352245,6328,1187,5141,269,42,227,1202,158,1044
"Wyoming County","Wyoming County, Pennsylvania","G4201310","4201310","11","42131","42","131",25771,2782,22989,63,0,63,0,0,0,89,10,79
"York County","York County, Pennsylvania","G4201330","4201330","11","42133","42","133",297150,18552,278598,9086,2489,6597,188,27,161,2464,670,1794
"Bristol County","Bristol County, Rhode Island","G4400010","4400010","11","44001","44","001",44398,2803,41595,124,0,124,30,0,30,914,121,793
"Kent County","Kent County, Rhode Island","G4400030","4400030","11","44003","44","003",150999,10582,140417,567,118,449,162,0,162,968,226,742
"Newport County","Newport County, Rhode Island","G4400050","4400050","11","44005","44","005",72965,6491,66474,2884,665,2219,516,307,209,1234,180,1054
"Providence County","Providence County, Rhode Island","G4400070","4400070","11","44007","44","007",515429,54085,461344,21893,7218,14675,1710,630,1080,14549,4231,10318
"Washington County","Washington County, Rhode Island","G4400090","4400090","11","44009","44","009",85567,6860,78707,501,54,447,676,135,541,670,88,582
"Abbeville County","Abbeville County, South Carolina","G4500010","4500010","11","45001","45","001",14557,1264,13293,7408,2006,5402,32,0,32,183,52,131
"Aiken County","Aiken County, South Carolina","G4500030","4500030","11","45003","45","003",78349,6796,71553,25958,6714,19244,164,47,117,632,143,489
"Allendale County","Allendale County, South Carolina","G4500050","4500050","11","45005","45","005",3941,375,3566,6642,3053,3589,0,0,0,206,45,161
"Anderson County","Anderson County, South Carolina","G4500070","4500070","11","45007","45","007",108792,10533,98259,22538,5874,16664,50,22,28,878,108,770
"Bamberg County","Bamberg County, South Carolina","G4500090","4500090","11","45009","45","009",0,0,0,9521,3687,5834,0,0,0,82,2,80
"Barnwell County","Barnwell County, South Carolina","G4500110","4500110","11","45011","45","011",11486,1359,10127,8115,2502,5613,0,0,0,158,34,124
"Beaufort County","Beaufort County, South Carolina","G4500130","4500130","11","45013","45","013",36508,2569,33939,19510,6982,12528,103,44,59,1393,292,1101
"Berkeley County","Berkeley County, South Carolina","G4500150","4500150","11","45015","45","015",68301,6116,62185,22962,7187,15775,239,39,200,1404,212,1192
"Calhoun County","Calhoun County, South Carolina","G4500170","4500170","11","45017","45","017",5498,411,5087,6694,2272,4422,0,0,0,117,78,39
"Charleston County","Charleston County, South Carolina","G4500190","4500190","11","45019","45","019",163396,13402,149994,92876,32680,60196,427,98,329,3314,815,2499
"Cherokee County","Cherokee County, South Carolina","G4500210","4500210","11","45021","45","021",32314,3426,28888,7837,2183,5654,104,94,10,337,141,196
"Chester County","Chester County, South Carolina","G4500230","4500230","11","45023","45","023",18389,1446,16943,11572,3394,8178,33,0,33,177,48,129
"Chesterfield County","Chesterfield County, South Carolina","G4500250","4500250","11","45025","45","025",25468,3154,22314,12398,4207,8191,76,57,19,526,162,364
"Clarendon County","Clarendon County, South Carolina","G4500270","4500270","11","45027","45","027",11515,1488,10027,15672,6497,9175,0,0,0,482,209,273
"Colleton County","Colleton County, South Carolina","G4500290","4500290","11","45029","45","029",17063,2110,14953,14398,5976,8422,121,24,97,416,178,238
"Darlington County","Darlington County, South Carolina","G4500310","4500310","11","45031","45","031",36827,4327,32500,24893,9862,15031,55,25,30,581,264,317
"Dillon County","Dillon County, South Carolina","G4500330","4500330","11","45033","45","033",17248,2963,14285,12955,5879,7076,449,298,151,310,210,100
"Dorchester County","Dorchester County, South Carolina","G4500350","4500350","11","45035","45","035",42547,2938,39609,14642,4668,9974,408,84,324,784,237,547
"Edgefield County","Edgefield County, South Carolina","G4500370","4500370","11","45037","45","037",8652,1814,6838,8694,2701,5993,0,0,0,309,160,149
"Fairfield County","Fairfield County, South Carolina","G4500390","4500390","11","45039","45","039",8347,800,7547,11932,3680,8252,0,0,0,214,109,105
"Florence County","Florence County, South Carolina","G4500410","4500410","11","45041","45","041",67642,7391,60251,40718,15858,24860,54,5,49,893,434,459
"Georgetown County","Georgetown County, South Carolina","G4500430","4500430","11","45043","45","043",23192,2103,21089,18923,7053,11870,0,0,0,465,213,252
"Greenville County","Greenville County, South Carolina","G4500450","4500450","11","45045","45","045",228347,19410,208937,49538,13342,36196,387,54,333,1930,503,1427
"Greenwood County","Greenwood County, South Carolina","G4500470","4500470","11","45047","45","047",39907,3124,36783,16527,4616,11911,63,0,63,343,43,300
"Hampton County","Hampton County, South Carolina","G4500490","4500490","11","45049","45","049",8558,1053,7505,9515,4064,5451,0,0,0,208,69,139
"Horry County","Horry County, South Carolina","G4500510","4500510","11","45051","45","051",77047,8995,68052,22145,8837,13308,145,27,118,1219,345,874
"Jasper County","Jasper County, South Carolina","G4500530","4500530","11","45053","45","053",6104,788,5316,8156,3353,4803,30,0,30,160,87,73
"Kershaw County","Kershaw County, South Carolina","G4500550","4500550","11","45055","45","055",26547,2537,24010,12088,3810,8278,0,0,0,302,55,247
"Lancaster County","Lancaster County, South Carolina","G4500570","4500570","11","45057","45","057",39886,3005,36881,12842,2901,9941,75,0,75,379,95,284
"Laurens County","Laurens County, South Carolina","G4500590","4500590","11","45059","45","059",34076,2567,31509,14863,3140,11723,54,7,47,355,33,322
"Lee County","Lee County, South Carolina","G4500610","4500610","11","45061","45","061",7314,879,6435,11559,4836,6723,0,0,0,265,73,192
"Lexington County","Lexington County, South Carolina","G4500630","4500630","11","45063","45","063",124318,8772,115546,13493,4314,9179,299,93,206,891,201,690
"Mccormick County","Mccormick County, South Carolina","G4500650","4500650","11","45065","45","065",0,0,0,4726,1609,3117,0,0,0,138,18,120
"Marion County","Marion County, South Carolina","G4500670","4500670","11","45067","45","067",16215,1955,14260,17626,6950,10676,0,0,0,273,156,117
"Marlboro County","Marlboro County, South Carolina","G4500690","4500690","11","45069","45","069",16391,2244,14147,14509,5317,9192,433,152,281,258,48,210
"Newberry County","Newberry County, South Carolina","G4500710","4500710","11","45071","45","071",20676,1699,18977,9773,2134,7639,0,0,0,338,7,331
"Oconee County","Oconee County, South Carolina","G4500730","4500730","11","45073","45","073",43271,5563,37708,4868,1172,3696,54,25,29,381,56,325
"Orangeburg County","Orangeburg County, South Carolina","G4500750","4500750","11","45075","45","075",35161,3905,31256,43395,17117,26278,117,26,91,1077,539,538
"Pickens County","Pickens County, South Carolina","G4500770","4500770","11","45077","45","077",67047,6438,60609,5366,1273,4093,102,6,96,474,64,410
"Richland County","Richland County, South Carolina","G4500790","4500790","11","45079","45","079",142568,11677,130891,91183,23902,67281,294,48,246,3106,824,2282
"Saluda County","Saluda County, South Carolina","G4500810","4500810","11","45081","45","081",10271,1499,8772,5688,2037,3651,0,0,0,106,5,101
"Spartanburg County","Spartanburg County, South Carolina","G4500830","4500830","11","45083","45","083",156523,14948,141575,39745,12053,27692,187,49,138,1436,295,1141
"Sumter County","Sumter County, South Carolina","G4500850","4500850","11","45085","45","085",46687,3656,43031,37586,16224,21362,207,12,195,1233,457,776
"Union County","Union County, South Carolina","G4500870","4500870","11","45087","45","087",21588,1763,19825,9050,1885,7165,42,0,42,358,62,296
"Williamsburg County","Williamsburg County, South Carolina","G4500890","4500890","11","45089","45","089",14289,1542,12747,23726,9098,14628,0,0,0,802,318,484
"York County","York County, South Carolina","G4500910","4500910","11","45091","45","091",78986,5429,73557,23143,5702,17441,1351,229,1122,712,130,582
"Aurora County","Aurora County, South Dakota","G4600030","4600030","11","46003","46","003",3423,824,2599,0,0,0,0,0,0,0,0,0
"Beadle County","Beadle County, South Dakota","G4600050","4600050","11","46005","46","005",18714,2509,16205,0,0,0,153,109,44,0,0,0
"Bennett County","Bennett County, South Dakota","G4600070","4600070","11","46007","46","007",1865,371,1494,0,0,0,0,0,0,0,0,0
"Bon Homme County","Bon Homme County, South Dakota","G4600090","4600090","11","46009","46","009",7239,1578,5661,0,0,0,192,91,101,0,0,0
"Brookings County","Brookings County, South Dakota","G4600110","4600110","11","46011","46","011",21225,3710,17515,0,0,0,68,15,53,42,6,36
"Brown County","Brown County, South Dakota","G4600130","4600130","11","46013","46","013",34431,3808,30623,0,0,0,853,167,686,81,0,81
"Brule County","Brule County, South Dakota","G4600150","4600150","11","46015","46","015",4872,1200,3672,0,0,0,272,74,198,44,1,43
"Buffalo County","Buffalo County, South Dakota","G4600170","4600170","11","46017","46","017",525,176,349,0,0,0,1241,574,667,0,0,0
"Butte County","Butte County, South Dakota","G4600190","4600190","11","46019","46","019",7969,1240,6729,0,0,0,132,54,78,279,88,191
"Campbell County","Campbell County, South Dakota","G4600210","4600210","11","46021","46","021",0,0,0,0,0,0,0,0,0,0,0,0
"Charles Mix County","Charles Mix County, South Dakota","G4600230","4600230","11","46023","46","023",7792,1879,5913,0,0,0,1644,841,803,32,12,20
"Clark County","Clark County, South Dakota","G4600250","4600250","11","46025","46","025",4834,1243,3591,0,0,0,0,0,0,0,0,0
"Clay County","Clay County, South Dakota","G4600270","4600270","11","46027","46","027",10759,2008,8751,33,7,26,278,121,157,0,0,0
"Codington County","Codington County, South Dakota","G4600290","4600290","11","46029","46","029",20383,2229,18154,0,0,0,74,16,58,0,0,0
"Corson County","Corson County, South Dakota","G4600310","4600310","11","46031","46","031",2714,795,1919,0,0,0,0,0,0,0,0,0
"Custer County","Custer County, South Dakota","G4600330","4600330","11","46033","46","033",5575,713,4862,0,0,0,108,56,52,32,0,32
"Davison County","Davison County, South Dakota","G4600350","4600350","11","46035","46","035",16813,2164,14649,0,0,0,349,231,118,89,15,74
"Day County","Day County, South Dakota","G4600370","4600370","11","46037","46","037",7562,1311,6251,0,0,0,417,245,172,0,0,0
"Deuel County","Deuel County, South Dakota","G4600390","4600390","11","46039","46","039",5189,1225,3964,0,0,0,0,0,0,0,0,0
"Dewey County","Dewey County, South Dakota","G4600410","4600410","11","46041","46","041",2229,459,1770,0,0,0,3067,1406,1661,0,0,0
"Douglas County","Douglas County, South Dakota","G4600430","4600430","11","46043","46","043",4051,1166,2885,0,0,0,34,23,11,0,0,0
"Edmunds County","Edmunds County, South Dakota","G4600450","4600450","11","46045","46","045",5006,1217,3789,0,0,0,0,0,0,0,0,0
"Fall River County","Fall River County, South Dakota","G4600470","4600470","11","46047","46","047",7688,1292,6396,0,0,0,377,199,178,165,100,65
"Faulk County","Faulk County, South Dakota","G4600490","4600490","11","46049","46","049",3258,1021,2237,0,0,0,0,0,0,0,0,0
"Grant County","Grant County, South Dakota","G4600510","4600510","11","46051","46","051",8826,1168,7658,0,0,0,0,0,0,30,3,27
"Gregory County","Gregory County, South Dakota","G4600530","4600530","11","46053","46","053",5743,1390,4353,0,0,0,0,0,0,0,0,0
"Haakon County","Haakon County, South Dakota","G4600550","4600550","11","46055","46","055",2730,569,2161,0,0,0,0,0,0,0,0,0
"Hamlin County","Hamlin County, South Dakota","G4600570","4600570","11","46057","46","057",5065,1197,3868,0,0,0,0,0,0,0,0,0
"Hand County","Hand County, South Dakota","G4600590","4600590","11","46059","46","059",4865,1380,3485,0,0,0,0,0,0,0,0,0
"Hanson County","Hanson County, South Dakota","G4600610","4600610","11","46061","46","061",0,0,0,0,0,0,0,0,0,0,0,0
"Harding County","Harding County, South Dakota","G4600630","4600630","11","46063","46","063",0,0,0,0,0,0,0,0,0,0,0,0
"Hughes County","Hughes County, South Dakota","G4600650","4600650","11","46065","46","065",13047,811,12236,0,0,0,766,171,595,69,13,56
"Hutchinson County","Hutchinson County, South Dakota","G4600670","4600670","11","46067","46","067",8975,2100,6875,0,0,0,40,15,25,28,7,21
"Hyde County","Hyde County, South Dakota","G4600690","4600690","11","46069","46","069",1932,436,1496,0,0,0,0,0,0,0,0,0
"Jackson County","Jackson County, South Dakota","G4600710","4600710","11","46071","46","071",1908,329,1579,0,0,0,0,0,0,0,0,0
"Jerauld County","Jerauld County, South Dakota","G4600730","4600730","11","46073","46","073",0,0,0,0,0,0,0,0,0,0,0,0
"Jones County","Jones County, South Dakota","G4600750","4600750","11","46075","46","075",0,0,0,0,0,0,0,0,0,0,0,0
"Kingsbury County","Kingsbury County, South Dakota","G4600770","4600770","11","46077","46","077",6471,1294,5177,0,0,0,0,0,0,0,0,0
"Lake County","Lake County, South Dakota","G4600790","4600790","11","46079","46","079",10010,1509,8501,0,0,0,68,7,61,0,0,0
"Lawrence County","Lawrence County, South Dakota","G4600810","4600810","11","46081","46","081",17104,2361,14743,0,0,0,293,95,198,225,25,200
"Lincoln County","Lincoln County, South Dakota","G4600830","4600830","11","46083","46","083",13586,1481,12105,0,0,0,28,8,20,0,0,0
"Lyman County","Lyman County, South Dakota","G4600850","4600850","11","46085","46","085",2952,706,2246,0,0,0,891,389,502,0,0,0
"Mccook County","Mccook County, South Dakota","G4600870","4600870","11","46087","46","087",6254,1192,5062,0,0,0,0,0,0,0,0,0
"Mcpherson County","Mcpherson County, South Dakota","G4600890","4600890","11","46089","46","089",3965,1080,2885,0,0,0,0,0,0,0,0,0
"Marshall County","Marshall County, South Dakota","G4600910","4600910","11","46091","46","091",5064,1061,4003,0,0,0,0,0,0,0,0,0
"Meade County","Meade County, South Dakota","G4600930","4600930","11","46093","46","093",18382,1964,16418,335,48,287,186,7,179,239,18,221
"Mellette County","Mellette County, South Dakota","G4600950","4600950","11","46095","46","095",1343,277,1066,0,0,0,0,0,0,0,0,0
"Miner County","Miner County, South Dakota","G4600970","4600970","11","46097","46","097",0,0,0,0,0,0,0,0,0,0,0,0
"Minnehaha County","Minnehaha County, South Dakota","G4600990","4600990","11","46099","46","099",103767,8479,95288,260,67,193,914,490,424,439,88,351
"Moody County","Moody County, South Dakota","G4601010","4601010","11","46101","46","101",6222,993,5229,0,0,0,348,57,291,0,0,0
"Pennington County","Pennington County, South Dakota","G4601030","4601030","11","46103","46","103",63662,6574,57088,905,93,812,3591,1565,2026,1168,233,935
"Perkins County","Perkins County, South Dakota","G4601050","4601050","11","46105","46","105",4595,889,3706,0,0,0,55,10,45,0,0,0
"Potter County","Potter County, South Dakota","G4601070","4601070","11","46107","46","107",0,0,0,0,0,0,0,0,0,0,0,0
"Roberts County","Roberts County, South Dakota","G4601090","4601090","11","46109","46","109",8586,1758,6828,0,0,0,1989,1047,942,0,0,0
"Sanborn County","Sanborn County, South Dakota","G4601110","4601110","11","46111","46","111",3121,1110,2011,0,0,0,0,0,0,0,0,0
"Shannon County","Shannon County, South Dakota","G4601130","4601130","11","46113","46","113",675,158,517,0,0,0,10449,4835,5614,130,9,121
"Spink County","Spink County, South Dakota","G4601150","4601150","11","46115","46","115",8506,1659,6847,0,0,0,54,48,6,0,0,0
"Stanley County","Stanley County, South Dakota","G4601170","4601170","11","46117","46","117",2415,307,2108,0,0,0,114,23,91,0,0,0
"Sully County","Sully County, South Dakota","G4601190","4601190","11","46119","46","119",1978,432,1546,0,0,0,0,0,0,0,0,0
"Todd County","Todd County, South Dakota","G4601210","4601210","11","46121","46","121",1631,342,1289,0,0,0,5577,2800,2777,0,0,0
"Tripp County","Tripp County, South Dakota","G4601230","4601230","11","46123","46","123",6608,1383,5225,0,0,0,0,0,0,0,0,0
"Turner County","Turner County, South Dakota","G4601250","4601250","11","46125","46","125",8988,1374,7614,0,0,0,53,19,34,0,0,0
"Union County","Union County, South Dakota","G4601270","4601270","11","46127","46","127",10684,1384,9300,0,0,0,55,15,40,51,20,31
"Walworth County","Walworth County, South Dakota","G4601290","4601290","11","46129","46","129",6354,865,5489,0,0,0,343,96,247,46,46,0
"Yankton County","Yankton County, South Dakota","G4601350","4601350","11","46135","46","135",17297,1612,15685,0,0,0,321,140,181,28,2,26
"Ziebach County","Ziebach County, South Dakota","G4601370","4601370","11","46137","46","137",962,304,658,0,0,0,1337,700,637,0,0,0
"Anderson County","Anderson County, Tennessee","G4700010","4700010","11","47001","47","001",63357,8817,54540,2535,770,1765,219,60,159,463,126,337
"Bedford County","Bedford County, Tennessee","G4700030","4700030","11","47003","47","003",24498,3227,21271,3008,666,2342,0,0,0,180,54,126
"Benton County","Benton County, Tennessee","G4700050","4700050","11","47005","47","005",14294,2249,12045,371,167,204,0,0,0,43,12,31
"Bledsoe County","Bledsoe County, Tennessee","G4700070","4700070","11","47007","47","007",8544,2084,6460,111,18,93,0,0,0,95,61,34
"Blount County","Blount County, Tennessee","G4700090","4700090","11","47009","47","009",74034,8997,65037,2336,655,1681,132,46,86,521,112,409
"Bradley County","Bradley County, Tennessee","G4700110","4700110","11","47011","47","011",63074,8369,54705,2552,637,1915,256,121,135,499,144,355
"Campbell County","Campbell County, Tennessee","G4700130","4700130","11","47013","47","013",34463,8530,25933,186,46,140,71,40,31,267,130,137
"Cannon County","Cannon County, Tennessee","G4700150","4700150","11","47015","47","015",9895,1716,8179,239,63,176,0,0,0,66,33,33
"Carroll County","Carroll County, Tennessee","G4700170","4700170","11","47017","47","017",24487,3926,20561,3229,800,2429,0,0,0,200,44,156
"Carter County","Carter County, Tennessee","G4700190","4700190","11","47019","47","019",48806,9158,39648,412,100,312,26,0,26,191,51,140
"Cheatham County","Cheatham County, Tennessee","G4700210","4700210","11","47021","47","021",20829,2181,18648,572,145,427,0,0,0,193,9,184
"Chester County","Chester County, Tennessee","G4700230","4700230","11","47023","47","023",10264,1718,8546,0,0,0,0,0,0,68,22,46
"Claiborne County","Claiborne County, Tennessee","G4700250","4700250","11","47025","47","025",23664,6913,16751,320,129,191,69,9,60,97,15,82
"Clay County","Clay County, Tennessee","G4700270","4700270","11","47027","47","027",7414,1942,5472,0,0,0,0,0,0,0,0,0
"Cocke County","Cocke County, Tennessee","G4700290","4700290","11","47029","47","029",27927,7611,20316,649,270,379,0,0,0,208,69,139
"Coffee County","Coffee County, Tennessee","G4700310","4700310","11","47031","47","031",36454,5264,31190,1192,146,1046,0,0,0,158,41,117
"Crockett County","Crockett County, Tennessee","G4700330","4700330","11","47033","47","033",11989,1826,10163,2819,1403,1416,0,0,0,122,62,60
"Cumberland County","Cumberland County, Tennessee","G4700350","4700350","11","47035","47","035",28377,6227,22150,0,0,0,47,13,34,238,62,176
"Davidson County","Davidson County, Tennessee","G4700370","4700370","11","47037","47","037",353210,28277,324933,99864,27350,72514,720,98,622,3115,601,2514
"Decatur County","Decatur County, Tennessee","G4700390","4700390","11","47039","47","039",10373,1866,8507,390,174,216,0,0,0,109,14,95
"De Kalb County","De Kalb County, Tennessee","G4700410","4700410","11","47041","47","041",13234,3034,10200,232,55,177,0,0,0,124,32,92
"Dickson County","Dickson County, Tennessee","G4700430","4700430","11","47043","47","043",28072,3261,24811,1706,334,1372,44,6,38,246,18,228
"Dyer County","Dyer County, Tennessee","G4700450","4700450","11","47045","47","045",30267,4120,26147,4057,1482,2575,53,12,41,294,53,241
"Fayette County","Fayette County, Tennessee","G4700470","4700470","11","47047","47","047",12211,1443,10768,12645,6091,6554,0,0,0,327,234,93
"Fentress County","Fentress County, Tennessee","G4700490","4700490","11","47049","47","049",14687,4919,9768,0,0,0,0,0,0,119,25,94
"Franklin County","Franklin County, Tennessee","G4700510","4700510","11","47051","47","051",28602,4435,24167,2252,608,1644,40,21,19,324,131,193
"Gibson County","Gibson County, Tennessee","G4700530","4700530","11","47053","47","053",39406,5184,34222,9346,3977,5369,82,6,76,274,86,188
"Giles County","Giles County, Tennessee","G4700550","4700550","11","47055","47","055",20682,3000,17682,3409,1012,2397,0,0,0,126,80,46
"Grainger County","Grainger County, Tennessee","G4700570","4700570","11","47057","47","057",16269,3747,12522,293,48,245,0,0,0,77,29,48
"Greene County","Greene County, Tennessee","G4700590","4700590","11","47059","47","059",51638,9046,42592,1006,354,652,84,45,39,239,125,114
"Grundy County","Grundy County, Tennessee","G4700610","4700610","11","47061","47","061",13690,3498,10192,0,0,0,34,2,32,135,52,83
"Hamblen County","Hamblen County, Tennessee","G4700630","4700630","11","47063","47","063",46388,7125,39263,2173,441,1732,76,17,59,346,76,270
"Hamilton County","Hamilton County, Tennessee","G4700650","4700650","11","47065","47","065",223552,20029,203523,54425,17373,37052,451,149,302,1888,643,1245
"Hancock County","Hancock County, Tennessee","G4700670","4700670","11","47067","47","067",6863,2948,3915,0,0,0,0,0,0,80,71,9
"Hardeman County","Hardeman County, Tennessee","G4700690","4700690","11","47069","47","069",14327,2644,11683,8365,3562,4803,0,0,0,406,195,211
"Hardin County","Hardin County, Tennessee","G4700710","4700710","11","47071","47","071",21081,4096,16985,0,0,0,0,0,0,272,51,221
"Hawkins County","Hawkins County, Tennessee","G4700730","4700730","11","47073","47","073",42694,7712,34982,807,265,542,0,0,0,148,10,138
"Haywood County","Haywood County, Tennessee","G4700750","4700750","11","47075","47","075",0,0,0,10342,5013,5329,0,0,0,301,143,158
"Henderson County","Henderson County, Tennessee","G4700770","4700770","11","47077","47","077",19256,3235,16021,1887,489,1398,32,6,26,164,27,137
"Henry County","Henry County, Tennessee","G4700790","4700790","11","47079","47","079",25148,3173,21975,3080,1072,2008,66,14,52,186,54,132
"Hickman County","Hickman County, Tennessee","G4700810","4700810","11","47081","47","081",13784,1826,11958,575,98,477,56,8,48,76,6,70
"Houston County","Houston County, Tennessee","G4700830","4700830","11","47083","47","083",6474,1074,5400,316,118,198,0,0,0,46,30,16
"Humphreys County","Humphreys County, Tennessee","G4700850","4700850","11","47085","47","085",15191,1816,13375,624,235,389,0,0,0,58,7,51
"Jackson County","Jackson County, Tennessee","G4700870","4700870","11","47087","47","087",9316,2315,7001,0,0,0,0,0,0,65,15,50
"Jefferson County","Jefferson County, Tennessee","G4700890","4700890","11","47089","47","089",28856,4751,24105,875,333,542,0,0,0,167,80,87
"Johnson County","Johnson County, Tennessee","G4700910","4700910","11","47091","47","091",13575,3584,9991,80,11,69,0,0,0,53,36,17
"Knox County","Knox County, Tennessee","G4700930","4700930","11","47093","47","093",279336,35495,243841,26239,9116,17123,734,296,438,1973,569,1404
"Lake County","Lake County, Tennessee","G4700950","4700950","11","47095","47","095",5885,1478,4407,1412,800,612,0,0,0,59,27,32
"Lauderdale County","Lauderdale County, Tennessee","G4700970","4700970","11","47097","47","097",16479,2813,13666,7081,3073,4008,88,0,88,192,140,52
"Lawrence County","Lawrence County, Tennessee","G4700990","4700990","11","47099","47","099",33250,5440,27810,478,137,341,42,31,11,205,45,160
"Lewis County","Lewis County, Tennessee","G4701010","4701010","11","47101","47","101",8869,1849,7020,204,72,132,0,0,0,44,26,18
"Lincoln County","Lincoln County, Tennessee","G4701030","4701030","11","47103","47","103",23515,3441,20074,2596,866,1730,39,7,32,70,30,40
"Loudon County","Loudon County, Tennessee","G4701050","4701050","11","47105","47","105",27693,3564,24129,442,49,393,0,0,0,142,48,94
"Mcminn County","Mcminn County, Tennessee","G4701070","4701070","11","47107","47","107",39309,6135,33174,1983,438,1545,102,39,63,139,14,125
"Mcnairy County","Mcnairy County, Tennessee","G4701090","4701090","11","47109","47","109",20882,3703,17179,1461,388,1073,0,0,0,146,8,138
"Macon County","Macon County, Tennessee","G4701110","4701110","11","47111","47","111",15503,2548,12955,0,0,0,0,0,0,114,26,88
"Madison County","Madison County, Tennessee","G4701130","4701130","11","47113","47","113",50560,5060,45500,21401,7645,13756,0,0,0,438,197,241
"Marion County","Marion County, Tennessee","G4701150","4701150","11","47115","47","115",23047,4171,18876,1115,372,743,0,0,0,119,61,58
"Marshall County","Marshall County, Tennessee","G4701170","4701170","11","47117","47","117",17469,1957,15512,0,0,0,0,0,0,57,32,25
"Maury County","Maury County, Tennessee","G4701190","4701190","11","47119","47","119",41914,5079,36835,8397,2706,5691,0,0,0,396,45,351
"Meigs County","Meigs County, Tennessee","G4701210","4701210","11","47121","47","121",7304,1038,6266,116,24,92,0,0,0,0,0,0
"Monroe County","Monroe County, Tennessee","G4701230","4701230","11","47123","47","123",27314,5333,21981,841,111,730,37,12,25,88,7,81
"Montgomery County","Montgomery County, Tennessee","G4701250","4701250","11","47125","47","125",63794,6723,57071,12571,3100,9471,228,76,152,1653,338,1315
"Moore County","Moore County, Tennessee","G4701270","4701270","11","47127","47","127",4294,717,3577,0,0,0,0,0,0,0,0,0
"Morgan County","Morgan County, Tennessee","G4701290","4701290","11","47129","47","129",16017,4085,11932,0,0,0,0,0,0,70,42,28
"Obion County","Obion County, Tennessee","G4701310","4701310","11","47131","47","131",29312,3842,25470,3033,1131,1902,69,27,42,294,75,219
"Overton County","Overton County, Tennessee","G4701330","4701330","11","47133","47","133",17322,4366,12956,37,23,14,48,25,23,100,37,63
"Perry County","Perry County, Tennessee","G4701350","4701350","11","47135","47","135",5923,887,5036,0,0,0,0,0,0,0,0,0
"Pickett County","Pickett County, Tennessee","G4701370","4701370","11","47137","47","137",4303,1205,3098,0,0,0,52,35,17,34,6,28
"Polk County","Polk County, Tennessee","G4701390","4701390","11","47139","47","139",13568,2629,10939,0,0,0,0,0,0,72,0,72
"Putnam County","Putnam County, Tennessee","G4701410","4701410","11","47141","47","141",43210,7127,36083,587,123,464,63,7,56,305,23,282
"Rhea County","Rhea County, Tennessee","G4701430","4701430","11","47143","47","143",22816,4395,18421,694,223,471,73,37,36,160,32,128
"Roane County","Roane County, Tennessee","G4701450","4701450","11","47145","47","145",46449,5973,40476,1469,337,1132,0,0,0,365,35,330
"Robertson County","Robertson County, Tennessee","G4701470","4701470","11","47147","47","147",31705,3553,28152,4863,1325,3538,43,0,43,193,96,97
"Rutherford County","Rutherford County, Tennessee","G4701490","4701490","11","47149","47","149",70701,6547,64154,7919,2372,5547,130,45,85,503,96,407
"Scott County","Scott County, Tennessee","G4701510","4701510","11","47151","47","151",19036,5390,13646,0,0,0,79,72,7,174,46,128
"Sequatchie County","Sequatchie County, Tennessee","G4701530","4701530","11","47153","47","153",8482,1882,6600,0,0,0,0,0,0,56,24,32
"Sevier County","Sevier County, Tennessee","G4701550","4701550","11","47155","47","155",40788,6142,34646,142,50,92,101,6,95,243,45,198
"Shelby County","Shelby County, Tennessee","G4701570","4701570","11","47157","47","157",431397,30508,400889,318628,116330,202298,884,139,745,6673,2101,4572
"Smith County","Smith County, Tennessee","G4701590","4701590","11","47159","47","159",14227,1806,12421,592,100,492,0,0,0,153,8,145
"Stewart County","Stewart County, Tennessee","G4701610","4701610","11","47161","47","161",8460,1583,6877,168,24,144,0,0,0,78,32,46
"Sullivan County","Sullivan County, Tennessee","G4701630","4701630","11","47163","47","163",139603,17418,122185,2651,804,1847,262,86,176,826,121,705
"Sumner County","Sumner County, Tennessee","G4701650","4701650","11","47165","47","165",80073,7048,73025,4709,1219,3490,105,0,105,478,117,361
"Tipton County","Tipton County, Tennessee","G4701670","4701670","11","47167","47","167",23817,2601,21216,8727,3953,4774,45,20,25,196,56,140
"Trousdale County","Trousdale County, Tennessee","G4701690","4701690","11","47169","47","169",5190,387,4803,0,0,0,0,0,0,35,15,20
"Unicoi County","Unicoi County, Tennessee","G4701710","4701710","11","47171","47","171",16230,2438,13792,0,0,0,0,0,0,54,19,35
"Union County","Union County, Tennessee","G4701730","4701730","11","47173","47","173",11671,2845,8826,0,0,0,0,0,0,44,33,11
"Van Buren County","Van Buren County, Tennessee","G4701750","4701750","11","47175","47","175",4693,802,3891,0,0,0,0,0,0,0,0,0
"Warren County","Warren County, Tennessee","G4701770","4701770","11","47177","47","177",31209,5140,26069,1201,423,778,0,0,0,117,14,103
"Washington County","Washington County, Tennessee","G4701790","4701790","11","47179","47","179",81320,11121,70199,2799,676,2123,93,5,88,570,107,463
"Wayne County","Wayne County, Tennessee","G4701810","4701810","11","47181","47","181",13628,2459,11169,152,83,69,0,0,0,105,18,87
"Weakley County","Weakley County, Tennessee","G4701830","4701830","11","47183","47","183",28382,4322,24060,1566,486,1080,50,0,50,364,189,175
"White County","White County, Tennessee","G4701850","4701850","11","47185","47","185",18892,3298,15594,431,62,369,0,0,0,145,28,117
"Williamson County","Williamson County, Tennessee","G4701870","4701870","11","47187","47","187",52028,3614,48414,5198,1194,4004,66,10,56,310,17,293
"Wilson County","Wilson County, Tennessee","G4701890","4701890","11","47189","47","189",50511,4535,45976,4775,1404,3371,61,17,44,163,24,139
"Anderson County","Anderson County, Texas","G4800010","4800010","11","48001","48","001",26361,3201,23160,6236,2674,3562,78,1,77,1069,323,746
"Andrews County","Andrews County, Texas","G4800030","4800030","11","48003","48","003",11333,1155,10178,202,0,202,98,6,92,2902,589,2313
"Angelina County","Angelina County, Texas","G4800050","4800050","11","48005","48","005",50677,4835,45842,9452,3253,6199,68,15,53,3945,638,3307
"Aransas County","Aransas County, Texas","G4800070","4800070","11","48007","48","007",12649,1863,10786,248,50,198,71,15,56,2721,503,2218
"Archer County","Archer County, Texas","G4800090","4800090","11","48009","48","009",7054,583,6471,47,2,45,86,3,83,100,18,82
"Armstrong County","Armstrong County, Texas","G4800110","4800110","11","48011","48","011",1935,177,1758,0,0,0,0,0,0,55,38,17
"Atascosa County","Atascosa County, Texas","G4800130","4800130","11","48013","48","013",22525,5096,17429,93,37,56,63,21,42,11942,4390,7552
"Austin County","Austin County, Texas","G4800150","4800150","11","48015","48","015",14163,1409,12754,2572,1236,1336,46,32,14,956,250,706
"Bailey County","Bailey County, Texas","G4800170","4800170","11","48017","48","017",6336,884,5452,146,130,16,0,0,0,2750,1053,1697
"Bandera County","Bandera County, Texas","G4800190","4800190","11","48019","48","019",6742,826,5916,0,0,0,0,0,0,834,204,630
"Bastrop County","Bastrop County, Texas","G4800210","4800210","11","48021","48","021",18312,2100,16212,4158,1588,2570,32,11,21,3203,1063,2140
"Baylor County","Baylor County, Texas","G4800230","4800230","11","48023","48","023",4449,531,3918,172,64,108,0,0,0,293,103,190
"Bee County","Bee County, Texas","G4800250","4800250","11","48025","48","025",21052,4363,16689,532,139,393,62,0,62,11769,4224,7545
"Bell County","Bell County, Texas","G4800270","4800270","11","48027","48","027",112141,12922,99219,21659,6769,14890,659,111,548,16094,4767,11327
"Bexar County","Bexar County, Texas","G4800290","4800290","11","48029","48","029",777608,128401,649207,64232,17148,47084,2845,718,2127,455409,124956,330453
"Blanco County","Blanco County, Texas","G4800310","4800310","11","48031","48","031",4381,385,3996,38,7,31,0,0,0,432,88,344
"Borden County","Borden County, Texas","G4800330","4800330","11","48033","48","033",803,117,686,0,0,0,0,0,0,116,64,52
"Bosque County","Bosque County, Texas","G4800350","4800350","11","48035","48","035",12247,1772,10475,274,82,192,46,5,41,689,201,488
"Bowie County","Bowie County, Texas","G4800370","4800370","11","48037","48","037",57021,5888,51133,16281,6020,10261,286,54,232,759,123,636
"Brazoria County","Brazoria County, Texas","G4800390","4800390","11","48039","48","039",141499,9042,132457,10161,2705,7456,603,75,528,21031,3610,17421
"Brazos County","Brazos County, Texas","G4800410","4800410","11","48041","48","041",68890,13606,55284,10182,3782,6400,265,39,226,9147,2397,6750
"Brewster County","Brewster County, Texas","G4800430","4800430","11","48043","48","043",5878,1208,4670,0,0,0,0,0,0,3117,965,2152
"Briscoe County","Briscoe County, Texas","G4800450","4800450","11","48045","48","045",2268,494,1774,46,27,19,0,0,0,447,262,185
"Brooks County","Brooks County, Texas","G4800470","4800470","11","48047","48","047",7313,2045,5268,0,0,0,0,0,0,7186,2347,4839
"Brown County","Brown County, Texas","G4800490","4800490","11","48049","48","049",28352,3381,24971,1373,496,877,65,7,58,2432,366,2066
"Burleson County","Burleson County, Texas","G4800510","4800510","11","48051","48","051",8784,852,7932,2643,1213,1430,45,33,12,1233,174,1059
"Burnet County","Burnet County, Texas","G4800530","4800530","11","48053","48","053",16747,2412,14335,349,162,187,63,0,63,1273,713,560
"Caldwell County","Caldwell County, Texas","G4800550","4800550","11","48055","48","055",16534,3198,13336,3768,2333,1435,40,8,32,7679,2909,4770
"Calhoun County","Calhoun County, Texas","G4800570","4800570","11","48057","48","057",16808,2070,14738,534,106,428,41,0,41,6582,1813,4769
"Callahan County","Callahan County, Texas","G4800590","4800590","11","48059","48","059",10557,1252,9305,0,0,0,0,0,0,344,38,306
"Cameron County","Cameron County, Texas","G4800610","4800610","11","48061","48","061",162697,47128,115569,888,294,594,379,46,333,160424,61065,99359
"Camp County","Camp County, Texas","G4800630","4800630","11","48063","48","063",6790,708,6082,2350,873,1477,0,0,0,99,37,62
"Carson County","Carson County, Texas","G4800650","4800650","11","48065","48","065",6446,577,5869,0,0,0,57,3,54,247,28,219
"Cass County","Cass County, Texas","G4800670","4800670","11","48067","48","067",22427,2785,19642,6390,2438,3952,104,34,70,246,57,189
"Castro County","Castro County, Texas","G4800690","4800690","11","48069","48","069",7636,1538,6098,344,226,118,0,0,0,4067,1637,2430
"Chambers County","Chambers County, Texas","G4800710","4800710","11","48071","48","071",15294,1421,13873,2640,1081,1559,182,24,158,654,161,493
"Cherokee County","Cherokee County, Texas","G4800730","4800730","11","48073","48","073",28833,3607,25226,6583,2438,4145,44,32,12,1188,437,751
"Childress County","Childress County, Texas","G4800750","4800750","11","48075","48","075",6231,825,5406,364,59,305,0,0,0,678,278,400
"Clay County","Clay County, Texas","G4800770","4800770","11","48077","48","077",9318,1123,8195,95,8,87,34,0,34,96,48,48
"Cochran County","Cochran County, Texas","G4800790","4800790","11","48079","48","079",3263,517,2746,309,192,117,0,0,0,1677,693,984
"Coke County","Coke County, Texas","G4800810","4800810","11","48081","48","081",2715,281,2434,0,0,0,43,0,43,403,94,309
"Coleman County","Coleman County, Texas","G4800830","4800830","11","48083","48","083",9133,1451,7682,399,211,188,0,0,0,918,256,662
"Collin County","Collin County, Texas","G4800850","4800850","11","48085","48","085",132512,6876,125636,5838,1709,4129,587,31,556,6981,1379,5602
"Collingsworth County","Collingsworth County, Texas","G4800870","4800870","11","48087","48","087",3892,800,3092,334,280,54,35,7,28,554,257,297
"Colorado County","Colorado County, Texas","G4800890","4800890","11","48089","48","089",13622,1762,11860,3412,1464,1948,0,0,0,2633,642,1991
"Comal County","Comal County, Texas","G4800910","4800910","11","48091","48","091",33053,2833,30220,343,50,293,129,6,123,8668,1493,7175
"Comanche County","Comanche County, Texas","G4800930","4800930","11","48093","48","093",11562,1761,9801,0,0,0,0,0,0,1343,420,923
"Concho County","Concho County, Texas","G4800950","4800950","11","48095","48","095",2287,398,1889,0,0,0,0,0,0,806,323,483
"Cooke County","Cooke County, Texas","G4800970","4800970","11","48097","48","097",25408,2659,22749,1069,350,719,220,19,201,471,110,361
"Coryell County","Coryell County, Texas","G4800990","4800990","11","48099","48","099",35320,4443,30877,4706,1196,3510,290,56,234,3326,708,2618
"Cottle County","Cottle County, Texas","G4801010","4801010","11","48101","48","101",2610,504,2106,195,118,77,0,0,0,417,204,213
"Crane County","Crane County, Texas","G4801030","4801030","11","48103","48","103",3813,320,3493,38,8,30,0,0,0,1128,316,812
"Crockett County","Crockett County, Texas","G4801050","4801050","11","48105","48","105",3198,252,2946,0,0,0,0,0,0,2048,371,1677
"Crosby County","Crosby County, Texas","G4801070","4801070","11","48107","48","107",6337,1227,5110,476,210,266,0,0,0,3278,1546,1732
"Culberson County","Culberson County, Texas","G4801090","4801090","11","48109","48","109",2919,428,2491,0,0,0,0,0,0,2097,518,1579
"Dallam County","Dallam County, Texas","G4801110","4801110","11","48111","48","111",5769,935,4834,164,45,119,0,0,0,1093,424,669
"Dallas County","Dallas County, Texas","G4801130","4801130","11","48113","48","113",1142424,72748,1069676,281777,67558,214219,7275,982,6293,152612,28858,123754
"Dawson County","Dawson County, Texas","G4801150","4801150","11","48115","48","115",13426,2497,10929,569,130,439,0,0,0,6087,2365,3722
"Deaf Smith County","Deaf Smith County, Texas","G4801170","4801170","11","48117","48","117",17661,3014,14647,395,33,362,60,25,35,8598,2868,5730
"Delta County","Delta County, Texas","G4801190","4801190","11","48119","48","119",4284,679,3605,383,247,136,0,0,0,0,0,0
"Denton County","Denton County, Texas","G4801210","4801210","11","48121","48","121",126573,8061,118512,5025,1560,3465,496,42,454,5730,680,5050
"De Witt County","De Witt County, Texas","G4801230","4801230","11","48123","48","123",14890,2820,12070,2003,935,1068,36,17,19,4335,1831,2504
"Dickens County","Dickens County, Texas","G4801250","4801250","11","48125","48","125",2974,633,2341,155,73,82,0,0,0,587,359,228
"Dimmit County","Dimmit County, Texas","G4801270","4801270","11","48127","48","127",9165,3250,5915,45,18,27,67,9,58,8801,3857,4944
"Donley County","Donley County, Texas","G4801290","4801290","11","48129","48","129",3689,585,3104,150,110,40,0,0,0,126,58,68
"Duval County","Duval County, Texas","G4801310","4801310","11","48131","48","131",11513,3072,8441,0,0,0,0,0,0,10532,3056,7476
"Eastland County","Eastland County, Texas","G4801330","4801330","11","48133","48","133",17944,2900,15044,175,80,95,62,19,43,794,242,552
"Ector County","Ector County, Texas","G4801350","4801350","11","48135","48","135",97922,8714,89208,5016,1617,3399,889,107,782,24714,4957,19757
"Edwards County","Edwards County, Texas","G4801370","4801370","11","48137","48","137",1629,390,1239,0,0,0,0,0,0,960,568,392
"Ellis County","Ellis County, Texas","G4801390","4801390","11","48139","48","139",47621,3940,43681,7350,2653,4697,200,17,183,5604,1303,4301
"El Paso County","El Paso County, Texas","G4801410","4801410","11","48141","48","141",336378,66982,269396,14899,2976,11923,1662,514,1148,294637,86028,208609
"Erath County","Erath County, Texas","G4801430","4801430","11","48143","48","143",20292,3105,17187,144,37,107,39,0,39,904,377,527
"Falls County","Falls County, Texas","G4801450","4801450","11","48145","48","145",11520,1708,9812,4798,1951,2847,0,0,0,1635,682,953
"Fannin County","Fannin County, Texas","G4801470","4801470","11","48147","48","147",21525,2824,18701,1789,870,919,67,24,43,282,87,195
"Fayette County","Fayette County, Texas","G4801490","4801490","11","48149","48","149",16412,2234,14178,1674,826,848,0,0,0,934,167,767
"Fisher County","Fisher County, Texas","G4801510","4801510","11","48151","48","151",4963,649,4314,196,95,101,0,0,0,1075,396,679
"Floyd County","Floyd County, Texas","G4801530","4801530","11","48153","48","153",7117,1489,5628,455,206,249,0,0,0,3324,1542,1782
"Foard County","Foard County, Texas","G4801550","4801550","11","48155","48","155",1849,257,1592,96,78,18,0,0,0,238,65,173
"Fort Bend County","Fort Bend County, Texas","G4801570","4801570","11","48157","48","157",92060,5000,87060,19228,3320,15908,363,71,292,26037,4792,21245
"Franklin County","Franklin County, Texas","G4801590","4801590","11","48159","48","159",6322,819,5503,378,49,329,0,0,0,62,27,35
"Freestone County","Freestone County, Texas","G4801610","4801610","11","48161","48","161",11090,1397,9693,3143,1093,2050,0,0,0,212,60,152
"Frio County","Frio County, Texas","G4801630","4801630","11","48163","48","163",11129,3121,8008,47,0,47,0,0,0,9388,3825,5563
"Gaines County","Gaines County, Texas","G4801650","4801650","11","48165","48","165",11430,2197,9233,264,111,153,0,0,0,3935,1560,2375
"Galveston County","Galveston County, Texas","G4801670","4801670","11","48167","48","167",146436,9729,136707,36027,9014,27013,615,84,531,23380,3251,20129
"Garza County","Garza County, Texas","G4801690","4801690","11","48169","48","169",3926,476,3450,326,74,252,113,86,27,1276,503,773
"Gillespie County","Gillespie County, Texas","G4801710","4801710","11","48171","48","171",12746,1758,10988,34,0,34,34,0,34,1347,560,787
"Glasscock County","Glasscock County, Texas","G4801730","4801730","11","48173","48","173",1074,193,881,0,0,0,0,0,0,376,202,174
"Goliad County","Goliad County, Texas","G4801750","4801750","11","48175","48","175",3809,500,3309,469,121,348,0,0,0,1828,644,1184
"Gonzales County","Gonzales County, Texas","G4801770","4801770","11","48177","48","177",13178,2558,10620,1926,810,1116,0,0,0,4799,1936,2863
"Gray County","Gray County, Texas","G4801790","4801790","11","48179","48","179",24364,2118,22246,999,321,678,198,37,161,1089,158,931
"Grayson County","Grayson County, Texas","G4801810","4801810","11","48181","48","181",80220,6668,73552,6057,1686,4371,805,92,713,1069,286,783
"Gregg County","Gregg County, Texas","G4801830","4801830","11","48183","48","183",77885,6024,71861,17489,5520,11969,397,97,300,1991,521,1470
"Grimes County","Grimes County, Texas","G4801850","4801850","11","48185","48","185",9317,1343,7974,3734,1945,1789,0,0,0,1279,444,835
"Guadalupe County","Guadalupe County, Texas","G4801870","4801870","11","48187","48","187",38867,4971,33896,3026,1132,1894,98,78,20,11776,3375,8401
"Hale County","Hale County, Texas","G4801890","4801890","11","48189","48","189",28342,4840,23502,1815,749,1066,129,44,85,12583,4175,8408
"Hall County","Hall County, Texas","G4801910","4801910","11","48191","48","191",4744,1131,3613,423,286,137,0,0,0,835,458,377
"Hamilton County","Hamilton County, Texas","G4801930","4801930","11","48193","48","193",7763,1302,6461,0,0,0,0,0,0,271,155,116
"Hansford County","Hansford County, Texas","G4801950","4801950","11","48195","48","195",5734,496,5238,0,0,0,49,7,42,722,247,475
"Hardeman County","Hardeman County, Texas","G4801970","4801970","11","48197","48","197",5510,779,4731,515,308,207,0,0,0,510,157,353
"Hardin County","Hardin County, Texas","G4801990","4801990","11","48199","48","199",36200,3038,33162,4070,1570,2500,49,0,49,560,17,543
"Harris County","Harris County, Texas","G4802010","4802010","11","48201","48","201",1692140,104978,1587162,466816,101866,364950,6762,806,5956,365868,62289,303579
"Harrison County","Harrison County, Texas","G4802030","4802030","11","48203","48","203",34407,3160,31247,15939,5755,10184,158,0,158,821,169,652
"Hartley County","Hartley County, Texas","G4802050","4802050","11","48205","48","205",3758,295,3463,0,0,0,0,0,0,173,105,68
"Haskell County","Haskell County, Texas","G4802070","4802070","11","48207","48","207",6437,995,5442,333,212,121,34,23,11,1195,512,683
"Hays County","Hays County, Texas","G4802090","4802090","11","48209","48","209",29424,6066,23358,1029,310,719,78,11,67,11800,2928,8872
"Hemphill County","Hemphill County, Texas","G4802110","4802110","11","48211","48","211",4952,365,4587,0,0,0,0,0,0,545,90,455
"Henderson County","Henderson County, Texas","G4802130","4802130","11","48213","48","213",37091,3963,33128,4375,1392,2983,108,24,84,488,79,409
"Hidalgo County","Hidalgo County, Texas","G4802150","4802150","11","48215","48","215",238776,81369,157407,532,173,359,328,93,235,229263,93660,135603
"Hill County","Hill County, Texas","G4802170","4802170","11","48217","48","217",20859,2601,18258,2491,989,1502,105,46,59,1363,427,936
"Hockley County","Hockley County, Texas","G4802190","4802190","11","48219","48","219",19053,3417,15636,886,442,444,207,83,124,6183,2083,4100
"Hood County","Hood County, Texas","G4802210","4802210","11","48221","48","221",17120,1469,15651,0,0,0,0,0,0,487,118,369
"Hopkins County","Hopkins County, Texas","G4802230","4802230","11","48223","48","223",22039,2807,19232,2529,742,1787,58,14,44,335,151,184
"Houston County","Houston County, Texas","G4802250","4802250","11","48225","48","225",12895,1848,11047,5747,2764,2983,33,7,26,314,119,195
"Howard County","Howard County, Texas","G4802270","4802270","11","48227","48","227",25982,2803,23179,1244,602,642,115,58,57,6652,1918,4734
"Hudspeth County","Hudspeth County, Texas","G4802290","4802290","11","48229","48","229",2504,735,1769,0,0,0,0,0,0,1587,632,955
"Hunt County","Hunt County, Texas","G4802310","4802310","11","48231","48","231",45514,5437,40077,6565,2790,3775,141,22,119,1293,306,987
"Hutchinson County","Hutchinson County, Texas","G4802330","4802330","11","48233","48","233",24282,1587,22695,748,246,502,377,21,356,1186,145,1041
"Irion County","Irion County, Texas","G4802350","4802350","11","48235","48","235",1320,160,1160,0,0,0,0,0,0,257,22,235
"Jack County","Jack County, Texas","G4802370","4802370","11","48237","48","237",7124,791,6333,74,0,74,0,0,0,116,43,73
"Jackson County","Jackson County, Texas","G4802390","4802390","11","48239","48","239",10998,1202,9796,1360,466,894,0,0,0,2509,700,1809
"Jasper County","Jasper County, Texas","G4802410","4802410","11","48241","48","241",24497,2729,21768,5899,2053,3846,61,0,61,322,59,263
"Jeff Davis County","Jeff Davis County, Texas","G4802430","4802430","11","48243","48","243",1515,395,1120,0,0,0,0,0,0,777,290,487
"Jefferson County","Jefferson County, Texas","G4802450","4802450","11","48245","48","245",171167,10551,160616,69994,20577,49417,441,69,372,10081,1470,8611
"Jim Hogg County","Jim Hogg County, Texas","G4802470","4802470","11","48247","48","247",4838,1137,3701,0,0,0,0,0,0,4665,1136,3529
"Jim Wells County","Jim Wells County, Texas","G4802490","4802490","11","48249","48","249",32578,6458,26120,227,62,165,62,6,56,24430,6557,17873
"Johnson County","Johnson County, Texas","G4802510","4802510","11","48251","48","251",63346,4714,58632,1732,381,1351,173,42,131,2740,575,2165
"Jones County","Jones County, Texas","G4802530","4802530","11","48253","48","253",14313,1854,12459,666,338,328,30,0,30,2484,669,1815
"Karnes County","Karnes County, Texas","G4802550","4802550","11","48255","48","255",11288,2439,8849,321,103,218,0,0,0,5806,2152,3654
"Kaufman County","Kaufman County, Texas","G4802570","4802570","11","48257","48","257",29409,2499,26910,6848,2761,4087,66,0,66,1468,301,1167
"Kendall County","Kendall County, Texas","G4802590","4802590","11","48259","48","259",9636,1035,8601,0,0,0,60,0,60,1406,553,853
"Kenedy County","Kenedy County, Texas","G4802610","4802610","11","48261","48","261",457,159,298,0,0,0,0,0,0,446,172,274
"Kent County","Kent County, Texas","G4802630","4802630","11","48263","48","263",1044,194,850,0,0,0,0,0,0,93,28,65
"Kerr County","Kerr County, Texas","G4802650","4802650","11","48265","48","265",25756,2886,22870,719,155,564,97,18,79,3859,964,2895
"Kimble County","Kimble County, Texas","G4802670","4802670","11","48267","48","267",3861,535,3326,0,0,0,0,0,0,683,253,430
"King County","King County, Texas","G4802690","4802690","11","48269","48","269",364,25,339,0,0,0,0,0,0,37,26,11
"Kinney County","Kinney County, Texas","G4802710","4802710","11","48271","48","271",1832,581,1251,80,40,40,0,0,0,1310,664,646
"Kleberg County","Kleberg County, Texas","G4802730","4802730","11","48273","48","273",26333,5522,20811,1105,269,836,103,35,68,16683,5412,11271
"Knox County","Knox County, Texas","G4802750","4802750","11","48275","48","275",4190,643,3547,370,265,105,0,0,0,941,438,503
"Lamar County","Lamar County, Texas","G4802770","4802770","11","48277","48","277",34744,5015,29729,6153,2963,3190,207,94,113,268,55,213
"Lamb County","Lamb County, Texas","G4802790","4802790","11","48279","48","279",13908,2229,11679,1151,602,549,60,18,42,5640,2099,3541
"Lampasas County","Lampasas County, Texas","G4802810","4802810","11","48281","48","281",10697,1567,9130,190,27,163,56,7,49,1284,510,774
"La Salle County","La Salle County, Texas","G4802830","4802830","11","48283","48","283",4619,1776,2843,0,0,0,0,0,0,4064,1916,2148
"Lavaca County","Lavaca County, Texas","G4802850","4802850","11","48285","48","285",16529,2212,14317,1440,696,744,49,13,36,1295,243,1052
"Lee County","Lee County, Texas","G4802870","4802870","11","48287","48","287",8632,790,7842,1656,1013,643,0,0,0,550,118,432
"Leon County","Leon County, Texas","G4802890","4802890","11","48289","48","289",7489,1303,6186,1878,954,924,0,0,0,245,86,159
"Liberty County","Liberty County, Texas","G4802910","4802910","11","48291","48","291",39436,4270,35166,6743,1972,4771,140,19,121,810,228,582
"Limestone County","Limestone County, Texas","G4802930","4802930","11","48293","48","293",13744,2382,11362,4350,1767,2583,35,21,14,482,207,275
"Lipscomb County","Lipscomb County, Texas","G4802950","4802950","11","48295","48","295",3663,453,3210,0,0,0,0,0,0,299,66,233
"Live Oak County","Live Oak County, Texas","G4802970","4802970","11","48297","48","297",9003,1409,7594,0,0,0,43,0,43,3049,936,2113
"Llano County","Llano County, Texas","G4802990","4802990","11","48299","48","299",9473,995,8478,0,0,0,115,56,59,282,89,193
"Loving County","Loving County, Texas","G4803010","4803010","11","48301","48","301",0,0,0,0,0,0,0,0,0,32,0,32
"Lubbock County","Lubbock County, Texas","G4803030","4803030","11","48303","48","303",164282,18627,145655,14747,4565,10182,618,95,523,40641,10834,29807
"Lynn County","Lynn County, Texas","G4803050","4803050","11","48305","48","305",6634,1268,5366,277,84,193,0,0,0,3258,1470,1788
"Mcculloch County","Mcculloch County, Texas","G4803070","4803070","11","48307","48","307",7550,1360,6190,207,50,157,0,0,0,1652,664,988
"Mclennan County","Mclennan County, Texas","G4803090","4803090","11","48309","48","309",128830,16544,112286,26268,9374,16894,365,114,251,14361,3816,10545
"Mcmullen County","Mcmullen County, Texas","G4803110","4803110","11","48311","48","311",0,0,0,0,0,0,0,0,0,269,49,220
"Madison County","Madison County, Texas","G4803130","4803130","11","48313","48","313",6347,836,5511,1756,946,810,9,5,4,416,83,333
"Marion County","Marion County, Texas","G4803150","4803150","11","48315","48","315",6683,1041,5642,0,0,0,0,0,0,81,43,38
"Martin County","Martin County, Texas","G4803170","4803170","11","48317","48","317",3824,417,3407,91,53,38,0,0,0,1606,456,1150
"Mason County","Mason County, Texas","G4803190","4803190","11","48319","48","319",3187,498,2689,0,0,0,0,0,0,598,315,283
"Matagorda County","Matagorda County, Texas","G4803210","4803210","11","48321","48","321",28054,2608,25446,5500,1709,3791,161,11,150,7894,1132,6762
"Maverick County","Maverick County, Texas","G4803230","4803230","11","48323","48","323",25099,9337,15762,0,0,0,714,548,166,28304,11493,16811
"Medina County","Medina County, Texas","G4803250","4803250","11","48325","48","325",20575,4145,16430,129,89,40,96,24,72,9930,3622,6308
"Menard County","Menard County, Texas","G4803270","4803270","11","48327","48","327",2032,540,1492,0,0,0,0,0,0,663,339,324
"Midland County","Midland County, Texas","G4803290","4803290","11","48329","48","329",68091,4028,64063,7213,1926,5287,278,25,253,12242,2164,10078
"Milam County","Milam County, Texas","G4803310","4803310","11","48331","48","331",18006,2866,15140,3016,1608,1408,51,4,47,2429,991,1438
"Mills County","Mills County, Texas","G4803330","4803330","11","48333","48","333",4046,726,3320,0,0,0,0,0,0,302,117,185
"Mitchell County","Mitchell County, Texas","G4803350","4803350","11","48335","48","335",7073,1089,5984,467,277,190,0,0,0,2277,854,1423
"Montague County","Montague County, Texas","G4803370","4803370","11","48337","48","337",16706,2161,14545,0,0,0,122,31,91,183,49,134
"Montgomery County","Montgomery County, Texas","G4803390","4803390","11","48339","48","339",119835,7636,112199,6026,1992,4034,417,10,407,4116,411,3705
"Moore County","Moore County, Texas","G4803410","4803410","11","48341","48","341",15275,1521,13754,38,7,31,174,27,147,3220,591,2629
"Morris County","Morris County, Texas","G4803430","4803430","11","48343","48","343",11076,981,10095,3156,1126,2030,82,8,74,252,110,142
"Motley County","Motley County, Texas","G4803450","4803450","11","48345","48","345",1770,447,1323,103,78,25,0,0,0,152,88,64
"Nacogdoches County","Nacogdoches County, Texas","G4803470","4803470","11","48347","48","347",33970,5345,28625,7713,2682,5031,98,11,87,1332,438,894
"Navarro County","Navarro County, Texas","G4803490","4803490","11","48349","48","349",26573,2936,23637,6840,2792,4048,100,13,87,1298,412,886
"Newton County","Newton County, Texas","G4803510","4803510","11","48351","48","351",9930,1256,8674,3158,1452,1706,0,0,0,60,0,60
"Nolan County","Nolan County, Texas","G4803530","4803530","11","48353","48","353",14423,1988,12435,821,271,550,31,0,31,3377,886,2491
"Nueces County","Nueces County, Texas","G4803550","4803550","11","48355","48","355",217082,32357,184725,11953,3551,8402,856,228,628,130042,31359,98683
"Ochiltree County","Ochiltree County, Texas","G4803570","4803570","11","48357","48","357",9089,609,8480,0,0,0,110,65,45,897,251,646
"Oldham County","Oldham County, Texas","G4803590","4803590","11","48359","48","359",1853,175,1678,0,0,0,0,0,0,96,3,93
"Orange County","Orange County, Texas","G4803610","4803610","11","48361","48","361",75302,5981,69321,6830,2210,4620,270,20,250,1940,367,1573
"Palo Pinto County","Palo Pinto County, Texas","G4803630","4803630","11","48363","48","363",21685,2277,19408,769,232,537,35,0,35,1288,276,1012
"Panola County","Panola County, Texas","G4803650","4803650","11","48365","48","365",16167,1545,14622,4009,1382,2627,32,6,26,255,87,168
"Parker County","Parker County, Texas","G4803670","4803670","11","48367","48","367",42411,4288,38123,346,114,232,188,22,166,1383,357,1026
"Parmer County","Parmer County, Texas","G4803690","4803690","11","48369","48","369",9119,1675,7444,173,86,87,0,0,0,3592,1202,2390
"Pecos County","Pecos County, Texas","G4803710","4803710","11","48371","48","371",11665,1968,9697,67,32,35,35,30,5,7081,1908,5173
"Polk County","Polk County, Texas","G4803730","4803730","11","48373","48","373",19398,2822,16576,3797,1540,2257,581,155,426,902,414,488
"Potter County","Potter County, Texas","G4803750","4803750","11","48375","48","375",82623,8936,73687,7882,2164,5718,668,103,565,11445,2456,8989
"Presidio County","Presidio County, Texas","G4803770","4803770","11","48377","48","377",4192,1521,2671,0,0,0,0,0,0,3971,1969,2002
"Rains County","Rains County, Texas","G4803790","4803790","11","48379","48","379",4468,708,3760,271,96,175,51,0,51,70,0,70
"Randall County","Randall County, Texas","G4803810","4803810","11","48381","48","381",70634,3667,66967,398,81,317,185,0,185,3310,396,2914
"Reagan County","Reagan County, Texas","G4803830","4803830","11","48383","48","383",3262,458,2804,163,68,95,0,0,0,1291,370,921
"Real County","Real County, Texas","G4803850","4803850","11","48385","48","385",2369,777,1592,0,0,0,0,0,0,552,346,206
"Red River County","Red River County, Texas","G4803870","4803870","11","48387","48","387",12308,2462,9846,3232,1505,1727,126,25,101,313,238,75
"Reeves County","Reeves County, Texas","G4803890","4803890","11","48389","48","389",10318,1923,8395,445,85,360,0,0,0,9642,3245,6397
"Refugio County","Refugio County, Texas","G4803910","4803910","11","48391","48","391",7705,1150,6555,732,310,422,0,0,0,3534,981,2553
"Roberts County","Roberts County, Texas","G4803930","4803930","11","48393","48","393",1171,108,1063,0,0,0,0,0,0,32,15,17
"Robertson County","Robertson County, Texas","G4803950","4803950","11","48395","48","395",8838,1150,7688,4668,2301,2367,0,0,0,1369,481,888
"Rockwall County","Rockwall County, Texas","G4803970","4803970","11","48397","48","397",13434,835,12599,748,255,493,0,0,0,476,96,380
"Runnels County","Runnels County, Texas","G4803990","4803990","11","48399","48","399",10296,1835,8461,214,56,158,21,8,13,2273,783,1490
"Rusk County","Rusk County, Texas","G4804010","4804010","11","48401","48","401",31317,2751,28566,8884,2850,6034,114,14,100,686,185,501
"Sabine County","Sabine County, Texas","G4804030","4804030","11","48403","48","403",7252,1233,6019,0,0,0,0,0,0,155,24,131
"San Augustine County","San Augustine County, Texas","G4804050","4804050","11","48405","48","405",5902,937,4965,2576,1080,1496,56,24,32,129,82,47
"San Jacinto County","San Jacinto County, Texas","G4804070","4804070","11","48407","48","407",8916,1277,7639,2400,1342,1058,0,0,0,133,24,109
"San Patricio County","San Patricio County, Texas","G4804090","4804090","11","48409","48","409",49415,8408,41007,608,138,470,126,0,126,26730,8307,18423
"San Saba County","San Saba County, Texas","G4804110","4804110","11","48411","48","411",5334,1130,4204,36,11,25,0,0,0,944,404,540
"Schleicher County","Schleicher County, Texas","G4804130","4804130","11","48413","48","413",2611,410,2201,39,8,31,0,0,0,731,206,525
"Scurry County","Scurry County, Texas","G4804150","4804150","11","48415","48","415",14896,1321,13575,644,129,515,50,0,50,3367,955,2412
"Shackelford County","Shackelford County, Texas","G4804170","4804170","11","48417","48","417",3672,428,3244,31,5,26,0,0,0,211,33,178
"Shelby County","Shelby County, Texas","G4804190","4804190","11","48419","48","419",17904,2944,14960,4872,1955,2917,0,0,0,180,15,165
"Sherman County","Sherman County, Texas","G4804210","4804210","11","48421","48","421",2904,223,2681,0,0,0,0,0,0,364,100,264
"Smith County","Smith County, Texas","G4804230","4804230","11","48423","48","423",95639,8010,87629,27371,7755,19616,333,26,307,3999,1274,2725
"Somervell County","Somervell County, Texas","G4804250","4804250","11","48425","48","425",3888,391,3497,0,0,0,70,10,60,287,65,222
"Starr County","Starr County, Texas","G4804270","4804270","11","48427","48","427",24145,12328,11817,0,0,0,49,49,0,26252,13550,12702
"Stephens County","Stephens County, Texas","G4804290","4804290","11","48429","48","429",9133,1131,8002,324,95,229,0,0,0,570,279,291
"Sterling County","Sterling County, Texas","G4804310","4804310","11","48431","48","431",1086,172,914,0,0,0,0,0,0,274,97,177
"Stonewall County","Stonewall County, Texas","G4804330","4804330","11","48433","48","433",2198,350,1848,45,8,37,0,0,0,171,32,139
"Sutton County","Sutton County, Texas","G4804350","4804350","11","48435","48","435",4907,816,4091,0,0,0,0,0,0,2059,614,1445
"Swisher County","Swisher County, Texas","G4804370","4804370","11","48437","48","437",7773,1360,6413,453,308,145,0,0,0,2670,1231,1439
"Tarrant County","Tarrant County, Texas","G4804390","4804390","11","48439","48","439",701044,45998,655046,98686,24496,74190,4274,445,3829,66855,11786,55069
"Taylor County","Taylor County, Texas","G4804410","4804410","11","48441","48","441",89283,8755,80528,6135,1813,4322,336,64,272,12523,2982,9541
"Terrell County","Terrell County, Texas","G4804430","4804430","11","48443","48","443",1460,262,1198,0,0,0,0,0,0,691,169,522
"Terry County","Terry County, Texas","G4804450","4804450","11","48445","48","445",12155,2497,9658,487,137,350,36,0,36,4936,2132,2804
"Throckmorton County","Throckmorton County, Texas","G4804470","4804470","11","48447","48","447",1916,361,1555,0,0,0,0,0,0,108,27,81
"Titus County","Titus County, Texas","G4804490","4804490","11","48449","48","449",17700,1786,15914,2942,817,2125,0,0,0,600,202,398
"Tom Green County","Tom Green County, Texas","G4804510","4804510","11","48451","48","451",68490,7283,61207,3007,646,2361,408,46,362,17568,3815,13753
"Travis County","Travis County, Texas","G4804530","4804530","11","48453","48","453",314655,36007,278648,42838,10729,32109,1800,391,1409,70187,15689,54498
"Trinity County","Trinity County, Texas","G4804550","4804550","11","48455","48","455",7336,1099,6237,1847,782,1065,0,0,0,80,7,73
"Tyler County","Tyler County, Texas","G4804570","4804570","11","48457","48","457",13826,1867,11959,2071,723,1348,61,0,61,105,45,60
"Upshur County","Upshur County, Texas","G4804590","4804590","11","48459","48","459",23816,2403,21413,4377,1472,2905,126,24,102,173,64,109
"Upton County","Upton County, Texas","G4804610","4804610","11","48461","48","461",3614,497,3117,108,93,15,0,0,0,1294,433,861
"Uvalde County","Uvalde County, Texas","G4804630","4804630","11","48463","48","463",18145,4671,13474,98,12,86,51,28,23,12195,5000,7195
"Val Verde County","Val Verde County, Texas","G4804650","4804650","11","48465","48","465",29414,8351,21063,474,154,320,88,24,64,22373,9322,13051
"Van Zandt County","Van Zandt County, Texas","G4804670","4804670","11","48467","48","467",29301,3538,25763,1266,304,962,33,0,33,568,157,411
"Victoria County","Victoria County, Texas","G4804690","4804690","11","48469","48","469",54540,5409,49131,4684,1188,3496,212,64,148,20781,5246,15535
"Walker County","Walker County, Texas","G4804710","4804710","11","48471","48","471",22611,3599,19012,6376,2357,4019,133,0,133,1445,373,1072
"Waller County","Waller County, Texas","G4804730","4804730","11","48473","48","473",10738,993,9745,5477,1694,3783,0,0,0,1010,186,824
"Ward County","Ward County, Texas","G4804750","4804750","11","48475","48","475",11560,1310,10250,365,118,247,97,31,66,3718,730,2988
"Washington County","Washington County, Texas","G4804770","4804770","11","48477","48","477",15413,1409,14004,4654,1893,2761,31,0,31,492,54,438
"Webb County","Webb County, Texas","G4804790","4804790","11","48479","48","479",89616,29761,59855,57,14,43,133,58,75,89811,31435,58376
"Wharton County","Wharton County, Texas","G4804810","4804810","11","48481","48","481",30202,3437,26765,6597,2764,3833,0,0,0,8678,2299,6379
"Wheeler County","Wheeler County, Texas","G4804830","4804830","11","48483","48","483",6643,862,5781,180,92,88,45,0,45,290,125,165
"Wichita County","Wichita County, Texas","G4804850","4804850","11","48485","48","485",98336,9343,88993,9691,3560,6131,590,65,525,7575,1725,5850
"Wilbarger County","Wilbarger County, Texas","G4804870","4804870","11","48487","48","487",12899,2003,10896,1275,694,581,143,28,115,1412,605,807
"Willacy County","Willacy County, Texas","G4804890","4804890","11","48489","48","489",12020,3913,8107,112,72,40,0,0,0,14033,5658,8375
"Williamson County","Williamson County, Texas","G4804910","4804910","11","48491","48","491",64528,4687,59841,4095,1251,2844,140,13,127,9526,2066,7460
"Wilson County","Wilson County, Texas","G4804930","4804930","11","48493","48","493",14646,2535,12111,167,69,98,71,2,69,6079,1661,4418
"Winkler County","Winkler County, Texas","G4804950","4804950","11","48495","48","495",7749,877,6872,230,72,158,0,0,0,2566,378,2188
"Wise County","Wise County, Texas","G4804970","4804970","11","48497","48","497",25032,2882,22150,228,95,133,107,33,74,1355,340,1015
"Wood County","Wood County, Texas","G4804990","4804990","11","48499","48","499",21445,2854,18591,1963,542,1421,73,11,62,270,70,200
"Yoakum County","Yoakum County, Texas","G4805010","4805010","11","48501","48","501",7040,1112,5928,130,45,85,45,43,2,2281,615,1666
"Young County","Young County, Texas","G4805030","4805030","11","48503","48","503",17965,1952,16013,258,78,180,53,0,53,717,136,581
"Zapata County","Zapata County, Texas","G4805050","4805050","11","48505","48","505",6186,1684,4502,0,0,0,0,0,0,5042,1671,3371
"Zavala County","Zavala County, Texas","G4805070","4805070","11","48507","48","507",9417,3413,6004,0,0,0,0,0,0,10383,4343,6040
"Beaver County","Beaver County, Utah","G4900010","4900010","11","49001","49","001",4301,615,3686,0,0,0,0,0,0,74,34,40
"Box Elder County","Box Elder County, Utah","G4900030","4900030","11","49003","49","003",30624,2349,28275,40,0,40,567,88,479,1282,262,1020
"Cache County","Cache County, Utah","G4900050","4900050","11","49005","49","005",54081,6512,47569,204,136,68,109,28,81,477,148,329
"Carbon County","Carbon County, Utah","G4900070","4900070","11","49007","49","007",20967,1430,19537,58,27,31,135,28,107,2372,322,2050
"Daggett County","Daggett County, Utah","G4900090","4900090","11","49009","49","009",0,0,0,0,0,0,0,0,0,0,0,0
"Davis County","Davis County, Utah","G4900110","4900110","11","49011","49","011",137369,7567,129802,2338,948,1390,691,211,480,5405,1030,4375
"Duchesne County","Duchesne County, Utah","G4900130","4900130","11","49013","49","013",12123,1453,10670,0,0,0,228,47,181,123,21,102
"Emery County","Emery County, Utah","G4900150","4900150","11","49015","49","015",11119,868,10251,0,0,0,109,20,89,196,36,160
"Garfield County","Garfield County, Utah","G4900170","4900170","11","49017","49","017",3532,430,3102,0,0,0,65,4,61,41,0,41
"Grand County","Grand County, Utah","G4900190","4900190","11","49019","49","019",7895,868,7027,0,0,0,150,10,140,352,74,278
"Iron County","Iron County, Utah","G4900210","4900210","11","49021","49","021",16602,2222,14380,0,0,0,432,230,202,249,146,103
"Juab County","Juab County, Utah","G4900230","4900230","11","49023","49","023",5439,674,4765,0,0,0,0,0,0,74,7,67
"Kane County","Kane County, Utah","G4900250","4900250","11","49025","49","025",3967,671,3296,0,0,0,33,16,17,31,6,25
"Millard County","Millard County, Utah","G4900270","4900270","11","49027","49","027",8604,1232,7372,0,0,0,75,43,32,136,62,74
"Morgan County","Morgan County, Utah","G4900290","4900290","11","49029","49","029",4882,332,4550,0,0,0,0,0,0,39,0,39
"Piute County","Piute County, Utah","G4900310","4900310","11","49031","49","031",1310,148,1162,0,0,0,0,0,0,0,0,0
"Rich County","Rich County, Utah","G4900330","4900330","11","49033","49","033",2075,297,1778,0,0,0,0,0,0,0,0,0
"Salt Lake County","Salt Lake County, Utah","G4900350","4900350","11","49035","49","035",577456,45267,532189,3916,992,2924,4437,1234,3203,30122,4844,25278
"San Juan County","San Juan County, Utah","G4900370","4900370","11","49037","49","037",6330,796,5534,0,0,0,5572,3026,2546,377,69,308
"Sanpete County","Sanpete County, Utah","G4900390","4900390","11","49039","49","039",13708,2128,11580,11,2,9,191,4,187,265,107,158
"Sevier County","Sevier County, Utah","G4900410","4900410","11","49041","49","041",14428,1420,13008,0,0,0,141,21,120,87,14,73
"Summit County","Summit County, Utah","G4900430","4900430","11","49043","49","043",9977,774,9203,0,0,0,101,0,101,239,12,227
"Tooele County","Tooele County, Utah","G4900450","4900450","11","49045","49","045",23681,1583,22098,223,35,188,412,151,261,2345,332,2013
"Uintah County","Uintah County, Utah","G4900470","4900470","11","49047","49","047",18337,2147,16190,0,0,0,1912,519,1393,581,52,529
"Utah County","Utah County, Utah","G4900490","4900490","11","49049","49","049",204069,30371,173698,97,38,59,1733,671,1062,5053,1268,3785
"Wasatch County","Wasatch County, Utah","G4900510","4900510","11","49051","49","051",8358,827,7531,0,0,0,53,11,42,100,28,72
"Washington County","Washington County, Utah","G4900530","4900530","11","49053","49","053",25242,3980,21262,0,0,0,162,19,143,309,96,213
"Wayne County","Wayne County, Utah","G4900550","4900550","11","49055","49","055",1884,414,1470,0,0,0,0,0,0,0,0,0
"Weber County","Weber County, Utah","G4900570","4900570","11","49057","49","057",133872,11094,122778,2290,526,1764,747,175,572,8357,1887,6470
"Addison County","Addison County, Vermont","G5000010","5000010","11","50001","50","001",27040,3324,23716,33,7,26,33,6,27,131,39,92
"Bennington County","Bennington County, Vermont","G5000030","5000030","11","50003","50","003",32040,2937,29103,83,5,78,0,0,0,167,26,141
"Caledonia County","Caledonia County, Vermont","G5000050","5000050","11","50005","50","005",24931,3813,21118,0,0,0,0,0,0,58,1,57
"Chittenden County","Chittenden County, Vermont","G5000070","5000070","11","50007","50","007",106727,11009,95718,347,13,334,140,21,119,804,94,710
"Essex County","Essex County, Vermont","G5000090","5000090","11","50009","50","009",6183,1060,5123,0,0,0,0,0,0,0,0,0
"Franklin County","Franklin County, Vermont","G5000110","5000110","11","50011","50","011",33679,4833,28846,72,51,21,426,195,231,121,28,93
"Grand Isle County","Grand Isle County, Vermont","G5000130","5000130","11","50013","50","013",4546,548,3998,0,0,0,0,0,0,0,0,0
"Lamoille County","Lamoille County, Vermont","G5000150","5000150","11","50015","50","015",15996,2366,13630,37,3,34,0,0,0,96,37,59
"Orange County","Orange County, Vermont","G5000170","5000170","11","50017","50","017",21868,2974,18894,0,0,0,35,21,14,126,2,124
"Orleans County","Orleans County, Vermont","G5000190","5000190","11","50019","50","019",22946,3856,19090,0,0,0,0,0,0,80,4,76
"Rutland County","Rutland County, Vermont","G5000210","5000210","11","50021","50","021",55554,6153,49401,81,0,81,90,24,66,263,54,209
"Washington County","Washington County, Vermont","G5000230","5000230","11","50023","50","023",49199,5581,43618,78,29,49,84,35,49,844,50,794
"Windham County","Windham County, Vermont","G5000250","5000250","11","50025","50","025",35584,4556,31028,61,7,54,26,7,19,171,33,138
"Windsor County","Windsor County, Vermont","G5000270","5000270","11","50027","50","027",49687,5218,44469,185,43,142,0,0,0,155,47,108
"Accomack County","Accomack County, Virginia","G5100010","5100010","11","51001","51","001",19398,2410,16988,11359,4095,7264,0,0,0,482,153,329
"Albemarle County","Albemarle County, Virginia","G5100030","5100030","11","51003","51","003",44733,3685,41048,5670,1288,4382,54,0,54,384,75,309
"Alleghany County","Alleghany County, Virginia","G5100050","5100050","11","51005","51","005",13853,1361,12492,303,54,249,0,0,0,47,0,47
"Amelia County","Amelia County, Virginia","G5100070","5100070","11","51007","51","007",5147,384,4763,3189,624,2565,0,0,0,74,9,65
"Amherst County","Amherst County, Virginia","G5100090","5100090","11","51009","51","009",20489,1506,18983,5703,1105,4598,102,38,64,200,43,157
"Appomattox County","Appomattox County, Virginia","G5100110","5100110","11","51011","51","011",9095,733,8362,2744,477,2267,0,0,0,100,23,77
"Arlington County","Arlington County, Virginia","G5100130","5100130","11","51013","51","013",124789,7160,117629,12834,1900,10934,327,44,283,8568,1232,7336
"Augusta County","Augusta County, Virginia","G5100150","5100150","11","51015","51","015",49621,4781,44840,1804,334,1470,51,0,51,367,28,339
"Bath County","Bath County, Virginia","G5100170","5100170","11","51017","51","017",5161,558,4603,543,162,381,0,0,0,30,6,24
"Bedford County","Bedford County, Virginia","G5100190","5100190","11","51019","51","019",30547,2338,28209,3906,843,3063,0,0,0,170,77,93
"Bland County","Bland County, Virginia","G5100210","5100210","11","51021","51","021",5813,723,5090,0,0,0,0,0,0,28,4,24
"Botetourt County","Botetourt County, Virginia","G5100230","5100230","11","51023","51","023",21915,1574,20341,1048,176,872,0,0,0,108,0,108
"Brunswick County","Brunswick County, Virginia","G5100250","5100250","11","51025","51","025",6655,754,5901,8463,2921,5542,0,0,0,209,137,72
"Buchanan County","Buchanan County, Virginia","G5100270","5100270","11","51027","51","027",37536,7015,30521,40,36,4,0,0,0,182,78,104
"Buckingham County","Buckingham County, Virginia","G5100290","5100290","11","51029","51","029",6761,953,5808,0,0,0,0,0,0,324,36,288
"Campbell County","Campbell County, Virginia","G5100310","5100310","11","51031","51","031",38156,2863,35293,6799,1448,5351,74,0,74,238,26,212
"Caroline County","Caroline County, Virginia","G5100330","5100330","11","51033","51","033",9858,947,8911,7573,2004,5569,159,0,159,177,5,172
"Carroll County","Carroll County, Virginia","G5100350","5100350","11","51035","51","035",26842,4332,22510,0,0,0,0,0,0,98,22,76
"Charles City County","Charles City County, Virginia","G5100360","5100360","11","51036","51","036",1410,180,1230,4634,661,3973,552,6,546,61,6,55
"Charlotte County","Charlotte County, Virginia","G5100370","5100370","11","51037","51","037",7470,1064,6406,4679,2013,2666,0,0,0,115,21,94
"Chesterfield County","Chesterfield County, Virginia","G5100410","5100410","11","51041","51","041",125239,4519,120720,11686,1734,9952,180,13,167,1001,122,879
"Clarke County","Clarke County, Virginia","G5100430","5100430","11","51043","51","043",8550,752,7798,1058,181,877,0,0,0,0,0,0
"Craig County","Craig County, Virginia","G5100450","5100450","11","51045","51","045",3948,403,3545,0,0,0,0,0,0,74,27,47
"Culpeper County","Culpeper County, Virginia","G5100470","5100470","11","51047","51","047",17545,1726,15819,4566,1690,2876,0,0,0,196,20,176
"Cumberland County","Cumberland County, Virginia","G5100490","5100490","11","51049","51","049",4451,630,3821,0,0,0,0,0,0,104,74,30
"Dickenson County","Dickenson County, Virginia","G5100510","5100510","11","51051","51","051",19652,3428,16224,68,16,52,0,0,0,160,17,143
"Dinwiddie County","Dinwiddie County, Virginia","G5100530","5100530","11","51053","51","053",12081,920,11161,8288,1813,6475,0,0,0,103,28,75
"Essex County","Essex County, Virginia","G5100570","5100570","11","51057","51","057",5077,465,4612,3480,896,2584,87,34,53,61,11,50
"Fairfax County","Fairfax County, Virginia","G5100590","5100590","11","51059","51","059",528187,16639,511548,31841,3877,27964,1365,61,1304,19754,1181,18573
"Fauquier County","Fauquier County, Virginia","G5100610","5100610","11","51061","51","061",29811,2313,27498,5550,1434,4116,0,0,0,186,21,165
"Floyd County","Floyd County, Virginia","G5100630","5100630","11","51063","51","063",11073,1737,9336,312,20,292,0,0,0,41,6,35
"Fluvanna County","Fluvanna County, Virginia","G5100650","5100650","11","51065","51","065",7108,956,6152,2969,931,2038,0,0,0,52,5,47
"Franklin County","Franklin County, Virginia","G5100670","5100670","11","51067","51","067",30078,2745,27333,4041,778,3263,0,0,0,247,28,219
"Frederick County","Frederick County, Virginia","G5100690","5100690","11","51069","51","069",33527,3260,30267,407,75,332,0,0,0,99,26,73
"Giles County","Giles County, Virginia","G5100710","5100710","11","51071","51","071",17263,2098,15165,328,38,290,0,0,0,106,54,52
"Gloucester County","Gloucester County, Virginia","G5100730","5100730","11","51073","51","073",16758,1567,15191,3036,724,2312,32,0,32,159,17,142
"Goochland County","Goochland County, Virginia","G5100750","5100750","11","51075","51","075",7194,668,6526,3913,836,3077,0,0,0,145,42,103
"Grayson County","Grayson County, Virginia","G5100770","5100770","11","51077","51","077",15860,2182,13678,548,106,442,0,0,0,62,0,62
"Greene County","Greene County, Virginia","G5100790","5100790","11","51079","51","079",7040,679,6361,561,245,316,0,0,0,62,55,7
"Greensville County","Greensville County, Virginia","G5100810","5100810","11","51081","51","081",0,0,0,6113,2073,4040,0,0,0,67,67,0
"Halifax County","Halifax County, Virginia","G5100830","5100830","11","51083","51","083",18113,2177,15936,12103,3640,8463,85,11,74,138,22,116
"Hanover County","Hanover County, Virginia","G5100850","5100850","11","51085","51","085",42560,2555,40005,6392,1270,5122,54,6,48,306,97,209
"Henrico County","Henrico County, Virginia","G5100870","5100870","11","51087","51","087",149061,7864,141197,26701,2981,23720,404,60,344,1224,145,1079
"Henry County","Henry County, Virginia","G5100890","5100890","11","51089","51","089",43914,3452,40462,13322,2143,11179,0,0,0,432,126,306
"Highland County","Highland County, Virginia","G5100910","5100910","11","51091","51","091",2917,439,2478,0,0,0,0,0,0,0,0,0
"Isle Of Wight County","Isle Of Wight County, Virginia","G5100930","5100930","11","51093","51","093",12543,1065,11478,8770,2006,6764,0,0,0,43,0,43
"James City County","James City County, Virginia","G5100950","5100950","11","51095","51","095",15250,1032,14218,5848,1353,4495,35,0,35,294,55,239
"King And Queen County","King And Queen County, Virginia","G5100970","5100970","11","51097","51","097",3156,366,2790,2753,697,2056,48,3,45,39,0,39
"King George County","King George County, Virginia","G5100990","5100990","11","51099","51","099",7983,825,7158,2365,549,1816,0,0,0,127,0,127
"King William County","King William County, Virginia","G5101010","5101010","11","51101","51","101",5813,430,5383,3214,763,2451,211,35,176,77,2,75
"Lancaster County","Lancaster County, Virginia","G5101030","5101030","11","51103","51","103",6565,620,5945,3316,972,2344,0,0,0,86,6,80
"Lee County","Lee County, Virginia","G5101050","5101050","11","51105","51","105",25577,6578,18999,130,90,40,0,0,0,119,73,46
"Loudoun County","Loudoun County, Virginia","G5101070","5101070","11","51107","51","107",51138,2502,48636,4907,1134,3773,65,11,54,812,85,727
"Louisa County","Louisa County, Virginia","G5101090","5101090","11","51109","51","109",11935,1684,10251,5783,1160,4623,0,0,0,209,57,152
"Lunenburg County","Lunenburg County, Virginia","G5101110","5101110","11","51111","51","111",7309,737,6572,4755,1509,3246,0,0,0,108,35,73
"Madison County","Madison County, Virginia","G5101130","5101130","11","51113","51","113",8301,1159,7142,1810,587,1223,0,0,0,257,66,191
"Mathews County","Mathews County, Virginia","G5101150","5101150","11","51115","51","115",6450,396,6054,0,0,0,0,0,0,0,0,0
"Mecklenburg County","Mecklenburg County, Virginia","G5101170","5101170","11","51117","51","117",17380,2127,15253,11414,3844,7570,0,0,0,187,106,81
"Middlesex County","Middlesex County, Virginia","G5101190","5101190","11","51119","51","119",5307,547,4760,2192,736,1456,0,0,0,0,0,0
"Montgomery County","Montgomery County, Virginia","G5101210","5101210","11","51121","51","121",52782,10245,42537,1473,353,1120,38,18,20,449,121,328
"Nelson County","Nelson County, Virginia","G5101250","5101250","11","51125","51","125",9201,1415,7786,2912,837,2075,0,0,0,84,60,24
"New Kent County","New Kent County, Virginia","G5101270","5101270","11","51127","51","127",6378,469,5909,2219,335,1884,0,0,0,74,28,46
"Northampton County","Northampton County, Virginia","G5101310","5101310","11","51131","51","131",7237,1007,6230,7205,2874,4331,0,0,0,249,172,77
"Northumberland County","Northumberland County, Virginia","G5101330","5101330","11","51133","51","133",6508,549,5959,0,0,0,0,0,0,165,26,139
"Nottoway County","Nottoway County, Virginia","G5101350","5101350","11","51135","51","135",8615,977,7638,5498,1561,3937,0,0,0,60,0,60
"Orange County","Orange County, Virginia","G5101370","5101370","11","51137","51","137",14617,1686,12931,3182,1008,2174,0,0,0,99,1,98
"Page County","Page County, Virginia","G5101390","5101390","11","51139","51","139",18728,2819,15909,416,42,374,0,0,0,65,29,36
"Patrick County","Patrick County, Virginia","G5101410","5101410","11","51141","51","141",16086,2043,14043,1330,238,1092,0,0,0,182,61,121
"Pittsylvania County","Pittsylvania County, Virginia","G5101430","5101430","11","51143","51","143",45792,4845,40947,19731,5038,14693,0,0,0,401,32,369
"Powhatan County","Powhatan County, Virginia","G5101450","5101450","11","51145","51","145",9027,532,8495,2298,690,1608,0,0,0,0,0,0
"Prince Edward County","Prince Edward County, Virginia","G5101470","5101470","11","51147","51","147",7684,873,6811,6082,2089,3993,0,0,0,100,82,18
"Prince George County","Prince George County, Virginia","G5101490","5101490","11","51149","51","149",15290,976,14314,5076,972,4104,46,5,41,513,85,428
"Prince William County","Prince William County, Virginia","G5101530","5101530","11","51153","51","153",127213,5014,122199,11428,1636,9792,620,89,531,3217,334,2883
"Pulaski County","Pulaski County, Virginia","G5101550","5101550","11","51155","51","155",32910,3280,29630,1825,565,1260,38,0,38,105,0,105
"Rappahannock County","Rappahannock County, Virginia","G5101570","5101570","11","51157","51","157",5404,677,4727,680,192,488,0,0,0,0,0,0
"Richmond County","Richmond County, Virginia","G5101590","5101590","11","51159","51","159",4688,507,4181,0,0,0,0,0,0,41,31,10
"Roanoke County","Roanoke County, Virginia","G5101610","5101610","11","51161","51","161",68952,3808,65144,1597,290,1307,0,0,0,352,60,292
"Rockbridge County","Rockbridge County, Virginia","G5101630","5101630","11","51163","51","163",17267,2523,14744,506,94,412,0,0,0,119,43,76
"Rockingham County","Rockingham County, Virginia","G5101650","5101650","11","51165","51","165",54309,5735,48574,561,120,441,60,19,41,432,122,310
"Russell County","Russell County, Virginia","G5101670","5101670","11","51167","51","167",31286,4589,26697,275,95,180,0,0,0,147,29,118
"Scott County","Scott County, Virginia","G5101690","5101690","11","51169","51","169",24803,5475,19328,191,64,127,0,0,0,130,20,110
"Shenandoah County","Shenandoah County, Virginia","G5101710","5101710","11","51171","51","171",26818,3234,23584,368,83,285,0,0,0,219,43,176
"Smyth County","Smyth County, Virginia","G5101730","5101730","11","51173","51","173",31950,4277,27673,456,176,280,0,0,0,108,0,108
"Southampton County","Southampton County, Virginia","G5101750","5101750","11","51175","51","175",9292,855,8437,8264,3211,5053,18,18,0,122,26,96
"Spotsylvania County","Spotsylvania County, Virginia","G5101770","5101770","11","51177","51","177",28657,2213,26444,4933,1041,3892,141,40,101,295,72,223
"Stafford County","Stafford County, Virginia","G5101790","5101790","11","51179","51","179",35793,2066,33727,2594,435,2159,132,6,126,491,97,394
"Surry County","Surry County, Virginia","G5101810","5101810","11","51181","51","181",0,0,0,3742,1141,2601,0,0,0,310,26,284
"Sussex County","Sussex County, Virginia","G5101830","5101830","11","51183","51","183",4217,319,3898,6603,1828,4775,0,0,0,124,92,32
"Tazewell County","Tazewell County, Virginia","G5101850","5101850","11","51185","51","185",48461,6718,41743,1163,407,756,0,0,0,253,44,209
"Warren County","Warren County, Virginia","G5101870","5101870","11","51187","51","187",19740,2025,17715,1180,222,958,0,0,0,205,6,199
"Washington County","Washington County, Virginia","G5101910","5101910","11","51191","51","191",44406,6656,37750,803,173,630,0,0,0,197,68,129
"Westmoreland County","Westmoreland County, Virginia","G5101930","5101930","11","51193","51","193",8586,930,7656,5304,1682,3622,31,6,25,122,22,100
"Wise County","Wise County, Virginia","G5101950","5101950","11","51195","51","195",42216,6401,35815,825,241,584,0,0,0,169,43,126
"Wythe County","Wythe County, Virginia","G5101970","5101970","11","51197","51","197",24233,3393,20840,944,94,850,0,0,0,57,0,57
"York County","York County, Virginia","G5101990","5101990","11","51199","51","199",27796,1351,26445,5947,862,5085,28,0,28,527,4,523
"Alexandria City","Alexandria City, Virginia","G5105100","5105100","11","51510","51","510",73944,3715,70229,22821,4739,18082,309,47,262,4225,485,3740
"Bedford City","Bedford City, Virginia","G5105150","5105150","11","51515","51","515",4401,470,3931,0,0,0,0,0,0,30,0,30
"Bristol City","Bristol City, Virginia","G5105200","5105200","11","51520","51","520",17293,2527,14766,1082,420,662,0,0,0,40,19,21
"Buena Vista City","Buena Vista City, Virginia","G5105300","5105300","11","51530","51","530",6224,553,5671,0,0,0,0,0,0,49,0,49
"Charlottesville City","Charlottesville City, Virginia","G5105400","5105400","11","51540","51","540",30833,5954,24879,7047,1942,5105,0,0,0,370,45,325
"Chesapeake City","Chesapeake City, Virginia","G5105500","5105500","11","51550","51","550",80182,5288,74894,30907,7210,23697,309,59,250,755,27,728
"Clifton Forge City","Clifton Forge City, Virginia","G5105600","5105600","11","51560","51","560",4042,449,3593,766,298,468,0,0,0,0,0,0
"Colonial Heights City","Colonial Heights City, Virginia","G5105700","5105700","11","51570","51","570",16055,697,15358,24,0,24,0,0,0,128,38,90
"Covington City","Covington City, Virginia","G5105800","5105800","11","51580","51","580",7830,867,6963,0,0,0,0,0,0,131,35,96
"Danville City","Danville City, Virginia","G5105900","5105900","11","51590","51","590",30969,2620,28349,13379,3474,9905,58,6,52,277,74,203
"Emporia City","Emporia City, Virginia","G5105950","5105950","11","51595","51","595",2771,227,2544,1896,580,1316,0,0,0,0,0,0
"Fairfax City","Fairfax City, Virginia","G5106000","5106000","11","51600","51","600",17578,786,16792,374,58,316,0,0,0,443,0,443
"Falls Church City","Falls Church City, Virginia","G5106100","5106100","11","51610","51","610",8909,321,8588,263,19,244,0,0,0,303,40,263
"Franklin City","Franklin City, Virginia","G5106200","5106200","11","51620","51","620",3158,182,2976,4028,1418,2610,0,0,0,140,30,110
"Fredericksburg City","Fredericksburg City, Virginia","G5106300","5106300","11","51630","51","630",10516,869,9647,2980,729,2251,0,0,0,49,0,49
"Galax City","Galax City, Virginia","G5106400","5106400","11","51640","51","640",6109,870,5239,307,117,190,0,0,0,0,0,0
"Hampton City","Hampton City, Virginia","G5106500","5106500","11","51650","51","650",76410,5025,71385,39127,8487,30640,201,25,176,1493,147,1346
"Harrisonburg City","Harrisonburg City, Virginia","G5106600","5106600","11","51660","51","660",13750,2142,11608,705,181,524,0,0,0,49,15,34
"Hopewell City","Hopewell City, Virginia","G5106700","5106700","11","51670","51","670",18113,1636,16477,4526,1138,3388,49,5,44,198,84,114
"Lexington City","Lexington City, Virginia","G5106780","5106780","11","51678","51","678",4343,798,3545,831,157,674,0,0,0,50,11,39
"Lynchburg City","Lynchburg City, Virginia","G5106800","5106800","11","51680","51","680",46474,3893,42581,15448,4223,11225,0,0,0,365,30,335
"Manassas City","Manassas City, Virginia","G5106830","5106830","11","51683","51","683",13436,855,12581,1337,284,1053,0,0,0,110,0,110
"Manassas Park City","Manassas Park City, Virginia","G5106850","5106850","11","51685","51","685",6109,526,5583,286,0,286,0,0,0,40,0,40
"Martinsville City","Martinsville City, Virginia","G5106900","5106900","11","51690","51","690",12017,1016,11001,5512,1304,4208,0,0,0,94,6,88
"Newport News City","Newport News City, Virginia","G5107000","5107000","11","51700","51","700",93002,5963,87039,44004,12588,31416,396,46,350,2369,401,1968
"Norfolk City","Norfolk City, Virginia","G5107100","5107100","11","51710","51","710",137012,15745,121267,87319,30962,56357,513,76,437,4334,938,3396
"Norton City","Norton City, Virginia","G5107200","5107200","11","51720","51","720",4477,776,3701,238,104,134,0,0,0,0,0,0
"Petersburg City","Petersburg City, Virginia","G5107300","5107300","11","51730","51","730",15374,1204,14170,24697,6959,17738,0,0,0,434,66,368
"Poquoson City","Poquoson City, Virginia","G5107350","5107350","11","51735","51","735",8619,436,8183,53,6,47,0,0,0,52,0,52
"Portsmouth City","Portsmouth City, Virginia","G5107400","5107400","11","51740","51","740",54899,4718,50181,46403,14735,31668,213,62,151,854,169,685
"Radford City","Radford City, Virginia","G5107500","5107500","11","51750","51","750",9093,1191,7902,742,187,555,0,0,0,24,0,24
"Richmond City","Richmond City, Virginia","G5107600","5107600","11","51760","51","760",98177,9781,88396,108205,30094,78111,316,63,253,1975,472,1503
"Roanoke City","Roanoke City, Virginia","G5107700","5107700","11","51770","51","770",76714,9839,66875,21663,6190,15473,68,17,51,582,113,469
"Salem City","Salem City, Virginia","G5107750","5107750","11","51775","51","775",21009,1501,19508,812,147,665,45,6,39,131,53,78
"South Boston City","South Boston City, Virginia","G5107800","5107800","11","51780","51","780",4307,365,3942,2521,676,1845,0,0,0,41,0,41
"Staunton City","Staunton City, Virginia","G5107900","5107900","11","51790","51","790",18187,1593,16594,2244,424,1820,31,4,27,34,0,34
"Suffolk City","Suffolk City, Virginia","G5108000","5108000","11","51800","51","800",24503,1546,22957,22381,6583,15798,0,0,0,341,142,199
"Virginia Beach City","Virginia Beach City, Virginia","G5108100","5108100","11","51810","51","810",219608,15970,203638,24536,5548,18988,525,58,467,4761,633,4128
"Waynesboro City","Waynesboro City, Virginia","G5108200","5108200","11","51820","51","820",13824,1134,12690,1338,265,1073,0,0,0,109,7,102
"Williamsburg City","Williamsburg City, Virginia","G5108300","5108300","11","51830","51","830",5006,645,4361,795,108,687,0,0,0,56,5,51
"Winchester City","Winchester City, Virginia","G5108400","5108400","11","51840","51","840",17402,2301,15101,1635,477,1158,0,0,0,153,0,153
"Adams County","Adams County, Washington","G5300010","5300010","11","53001","53","001",11374,1381,9993,0,0,0,115,6,109,2946,717,2229
"Asotin County","Asotin County, Washington","G5300030","5300030","11","53003","53","003",16385,2329,14056,0,0,0,76,29,47,162,22,140
"Benton County","Benton County, Washington","G5300050","5300050","11","53005","53","005",102441,6882,95559,954,35,919,703,100,603,4548,868,3680
"Chelan County","Chelan County, Washington","G5300070","5300070","11","53007","53","007",43109,4663,38446,0,0,0,411,122,289,1369,607,762
"Clallam County","Clallam County, Washington","G5300090","5300090","11","53009","53","009",47901,4490,43411,83,29,54,2130,486,1644,602,150,452
"Clark County","Clark County, Washington","G5300110","5300110","11","53011","53","011",182325,16016,166309,1559,277,1282,1646,332,1314,3308,463,2845
"Columbia County","Columbia County, Washington","G5300130","5300130","11","53013","53","013",3897,519,3378,0,0,0,0,0,0,32,0,32
"Cowlitz County","Cowlitz County, Washington","G5300150","5300150","11","53015","53","015",75909,7646,68263,244,72,172,1128,166,962,1096,353,743
"Douglas County","Douglas County, Washington","G5300170","5300170","11","53017","53","017",21314,2193,19121,34,16,18,264,48,216,555,156,399
"Ferry County","Ferry County, Washington","G5300190","5300190","11","53019","53","019",4741,818,3923,34,21,13,968,253,715,43,2,41
"Franklin County","Franklin County, Washington","G5300210","5300210","11","53021","53","021",29904,3373,26531,1491,346,1145,392,115,277,5387,1713,3674
"Garfield County","Garfield County, Washington","G5300230","5300230","11","53023","53","023",2409,186,2223,0,0,0,0,0,0,0,0,0
"Grant County","Grant County, Washington","G5300250","5300250","11","53025","53","025",43290,5802,37488,541,233,308,573,61,512,5365,1537,3828
"Grays Harbor County","Grays Harbor County, Washington","G5300270","5300270","11","53027","53","027",62256,6308,55948,85,0,85,2321,579,1742,828,162,666
"Island County","Island County, Washington","G5300290","5300290","11","53029","53","029",39469,3875,35594,412,85,327,482,55,427,1150,205,945
"Jefferson County","Jefferson County, Washington","G5300310","5300310","11","53031","53","031",15023,1908,13115,61,0,61,397,70,327,211,62,149
"King County","King County, Washington","G5300330","5300330","11","53033","53","033",1103041,71942,1031099,53686,11250,42436,12896,2673,10223,26147,3642,22505
"Kitsap County","Kitsap County, Washington","G5300350","5300350","11","53035","53","035",131836,10136,121700,2239,427,1812,2132,388,1744,3618,473,3145
"Kittitas County","Kittitas County, Washington","G5300370","5300370","11","53037","53","037",22141,3614,18527,90,30,60,218,57,161,244,64,180
"Klickitat County","Klickitat County, Washington","G5300390","5300390","11","53039","53","039",14708,1486,13222,0,0,0,568,174,394,466,54,412
"Lewis County","Lewis County, Washington","G5300410","5300410","11","53041","53","041",53762,6159,47603,85,2,83,521,144,377,655,164,491
"Lincoln County","Lincoln County, Washington","G5300430","5300430","11","53043","53","043",9281,800,8481,0,0,0,130,30,100,80,10,70
"Mason County","Mason County, Washington","G5300450","5300450","11","53045","53","045",28587,2747,25840,31,0,31,932,328,604,346,43,303
"Okanogan County","Okanogan County, Washington","G5300470","5300470","11","53047","53","047",26667,3446,23221,45,26,19,3030,1047,1983,608,192,416
"Pacific County","Pacific County, Washington","G5300490","5300490","11","53049","53","049",16349,1732,14617,25,0,25,343,76,267,145,15,130
"Pend Oreille County","Pend Oreille County, Washington","G5300510","5300510","11","53051","53","051",8261,1267,6994,0,0,0,203,83,120,81,12,69
"Pierce County","Pierce County, Washington","G5300530","5300530","11","53053","53","053",411437,38639,372798,25493,5138,20355,5161,1442,3719,11788,2215,9573
"San Juan County","San Juan County, Washington","G5300550","5300550","11","53055","53","055",7641,893,6748,0,0,0,0,0,0,0,0,0
"Skagit County","Skagit County, Washington","G5300570","5300570","11","53057","53","057",59969,6067,53902,99,33,66,1196,342,854,1999,365,1634
"Skamania County","Skamania County, Washington","G5300590","5300590","11","53059","53","059",7714,684,7030,0,0,0,113,7,106,70,9,61
"Snohomish County","Snohomish County, Washington","G5300610","5300610","11","53061","53","061",317962,22415,295547,2237,254,1983,4881,1002,3879,5365,650,4715
"Spokane County","Spokane County, Washington","G5300630","5300630","11","53063","53","063",316957,34365,282592,4061,1007,3054,3985,1383,2602,4772,871,3901
"Stevens County","Stevens County, Washington","G5300650","5300650","11","53065","53","065",26956,3896,23060,0,0,0,1600,292,1308,308,74,234
"Thurston County","Thurston County, Washington","G5300670","5300670","11","53067","53","067",116087,10393,105694,731,167,564,1583,353,1230,2648,319,2329
"Wahkiakum County","Wahkiakum County, Washington","G5300690","5300690","11","53069","53","069",3635,406,3229,0,0,0,52,10,42,58,34,24
"Walla Walla County","Walla Walla County, Washington","G5300710","5300710","11","53071","53","071",40395,4292,36103,356,50,306,383,147,236,2461,775,1686
"Whatcom County","Whatcom County, Washington","G5300730","5300730","11","53073","53","073",98100,12388,85712,232,50,182,3032,830,2202,1888,412,1476
"Whitman County","Whitman County, Washington","G5300750","5300750","11","53075","53","075",31153,5169,25984,403,193,210,164,53,111,411,227,184
"Yakima County","Yakima County, Washington","G5300770","5300770","11","53077","53","077",141290,16633,124657,1663,526,1137,6592,1949,4643,25056,8495,16561
"Barbour County","Barbour County, West Virginia","G5400010","5400010","11","54001","54","001",15763,3091,12672,118,81,37,0,0,0,50,7,43
"Berkeley County","Berkeley County, West Virginia","G5400030","5400030","11","54003","54","003",43848,6004,37844,1574,325,1249,0,0,0,337,111,226
"Boone County","Boone County, West Virginia","G5400050","5400050","11","54005","54","005",29935,4397,25538,279,54,225,0,0,0,0,0,0
"Braxton County","Braxton County, West Virginia","G5400070","5400070","11","54007","54","007",13769,3396,10373,43,8,35,0,0,0,58,7,51
"Brooke County","Brooke County, West Virginia","G5400090","5400090","11","54009","54","009",29823,2646,27177,260,43,217,0,0,0,69,0,69
"Cabell County","Cabell County, West Virginia","G5400110","5400110","11","54011","54","011",98710,12757,85953,4094,1083,3011,142,32,110,739,128,611
"Calhoun County","Calhoun County, West Virginia","G5400130","5400130","11","54013","54","013",0,0,0,0,0,0,0,0,0,0,0,0
"Clay County","Clay County, West Virginia","G5400150","5400150","11","54015","54","015",0,0,0,0,0,0,0,0,0,161,43,118
"Doddridge County","Doddridge County, West Virginia","G5400170","5400170","11","54017","54","017",7383,1587,5796,0,0,0,0,0,0,0,0,0
"Fayette County","Fayette County, West Virginia","G5400190","5400190","11","54019","54","019",52180,8315,43865,4143,1221,2922,0,0,0,507,28,479
"Gilmer County","Gilmer County, West Virginia","G5400210","5400210","11","54021","54","021",7817,1689,6128,0,0,0,0,0,0,30,2,28
"Grant County","Grant County, West Virginia","G5400230","5400230","11","54023","54","023",10055,2304,7751,115,27,88,0,0,0,98,11,87
"Greenbrier County","Greenbrier County, West Virginia","G5400250","5400250","11","54025","54","025",35557,5327,30230,1518,205,1313,28,2,26,228,54,174
"Hampshire County","Hampshire County, West Virginia","G5400270","5400270","11","54027","54","027",14301,2384,11917,141,49,92,0,0,0,102,46,56
"Hancock County","Hancock County, West Virginia","G5400290","5400290","11","54029","54","029",38893,2795,36098,1063,282,781,0,0,0,237,16,221
"Hardy County","Hardy County, West Virginia","G5400310","5400310","11","54031","54","031",9711,2008,7703,195,50,145,0,0,0,82,0,82
"Harrison County","Harrison County, West Virginia","G5400330","5400330","11","54033","54","033",75096,10494,64602,1018,291,727,194,145,49,993,87,906
"Jackson County","Jackson County, West Virginia","G5400350","5400350","11","54035","54","035",25441,3371,22070,49,0,49,0,0,0,137,48,89
"Jefferson County","Jefferson County, West Virginia","G5400370","5400370","11","54037","54","037",26276,3109,23167,2659,766,1893,0,0,0,137,34,103
"Kanawha County","Kanawha County, West Virginia","G5400390","5400390","11","54039","54","039",214201,20636,193565,13298,3515,9783,217,45,172,1415,413,1002
"Lewis County","Lewis County, West Virginia","G5400410","5400410","11","54041","54","041",18012,3136,14876,64,0,64,0,0,0,62,41,21
"Lincoln County","Lincoln County, West Virginia","G5400430","5400430","11","54043","54","043",0,0,0,0,0,0,0,0,0,160,41,119
"Logan County","Logan County, West Virginia","G5400450","5400450","11","54045","54","045",48172,7868,40304,2117,525,1592,66,9,57,525,110,415
"Mcdowell County","Mcdowell County, West Virginia","G5400470","5400470","11","54047","54","047",42229,9465,32764,7326,2205,5121,46,19,27,598,284,314
"Marion County","Marion County, West Virginia","G5400490","5400490","11","54049","54","049",62273,8141,54132,2312,777,1535,89,20,69,567,92,475
"Marshall County","Marshall County, West Virginia","G5400510","5400510","11","54051","54","051",40393,4073,36320,92,12,80,43,9,34,365,29,336
"Mason County","Mason County, West Virginia","G5400530","5400530","11","54053","54","053",26505,3549,22956,77,0,77,0,0,0,89,15,74
"Mercer County","Mercer County, West Virginia","G5400550","5400550","11","54055","54","055",67456,9460,57996,4912,1453,3459,0,0,0,451,128,323
"Mineral County","Mineral County, West Virginia","G5400570","5400570","11","54057","54","057",25881,3368,22513,686,144,542,52,0,52,100,29,71
"Mingo County","Mingo County, West Virginia","G5400590","5400590","11","54059","54","059",36110,8388,27722,1065,392,673,0,0,0,313,156,157
"Monongalia County","Monongalia County, West Virginia","G5400610","5400610","11","54061","54","061",67307,10573,56734,1493,487,1006,99,35,64,601,152,449
"Monroe County","Monroe County, West Virginia","G5400630","5400630","11","54063","54","063",12443,2592,9851,163,41,122,49,13,36,126,48,78
"Morgan County","Morgan County, West Virginia","G5400650","5400650","11","54065","54","065",10460,1755,8705,83,10,73,0,0,0,67,4,63
"Nicholas County","Nicholas County, West Virginia","G5400670","5400670","11","54067","54","067",27929,4647,23282,0,0,0,0,0,0,182,33,149
"Ohio County","Ohio County, West Virginia","G5400690","5400690","11","54069","54","069",56911,6156,50755,1860,659,1201,69,17,52,327,119,208
"Pendleton County","Pendleton County, West Virginia","G5400710","5400710","11","54071","54","071",7630,1570,6060,0,0,0,0,0,0,64,13,51
"Pleasants County","Pleasants County, West Virginia","G5400730","5400730","11","54073","54","073",7702,1062,6640,0,0,0,0,0,0,35,10,25
"Pocahontas County","Pocahontas County, West Virginia","G5400750","5400750","11","54075","54","075",9657,1310,8347,26,6,20,0,0,0,102,5,97
"Preston County","Preston County, West Virginia","G5400770","5400770","11","54077","54","077",29801,5573,24228,81,0,81,133,55,78,215,108,107
"Putnam County","Putnam County, West Virginia","G5400790","5400790","11","54079","54","079",37950,3823,34127,0,0,0,47,0,47,69,24,45
"Raleigh County","Raleigh County, West Virginia","G5400810","5400810","11","54081","54","081",78651,9544,69107,6716,1540,5176,115,27,88,583,33,550
"Randolph County","Randolph County, West Virginia","G5400830","5400830","11","54083","54","083",26964,4667,22297,213,49,164,0,0,0,368,86,282
"Ritchie County","Ritchie County, West Virginia","G5400850","5400850","11","54085","54","085",11338,2023,9315,0,0,0,0,0,0,0,0,0
"Roane County","Roane County, West Virginia","G5400870","5400870","11","54087","54","087",15362,2837,12525,0,0,0,79,13,66,113,65,48
"Summers County","Summers County, West Virginia","G5400890","5400890","11","54089","54","089",14264,3287,10977,447,120,327,0,0,0,105,70,35
"Taylor County","Taylor County, West Virginia","G5400910","5400910","11","54091","54","091",16110,2482,13628,119,16,103,46,2,44,125,68,57
"Tucker County","Tucker County, West Virginia","G5400930","5400930","11","54093","54","093",8508,1433,7075,0,0,0,0,0,0,60,18,42
"Tyler County","Tyler County, West Virginia","G5400950","5400950","11","54095","54","095",11261,1655,9606,0,0,0,0,0,0,48,0,48
"Upshur County","Upshur County, West Virginia","G5400970","5400970","11","54097","54","097",22045,3744,18301,36,0,36,0,0,0,47,0,47
"Wayne County","Wayne County, West Virginia","G5400990","5400990","11","54099","54","099",45774,8522,37252,45,16,29,0,0,0,89,8,81
"Webster County","Webster County, West Virginia","G5401010","5401010","11","54101","54","101",12211,3405,8806,0,0,0,0,0,0,34,0,34
"Wetzel County","Wetzel County, West Virginia","G5401030","5401030","11","54103","54","103",21662,2870,18792,0,0,0,0,0,0,74,23,51
"Wirt County","Wirt County, West Virginia","G5401050","5401050","11","54105","54","105",4849,857,3992,0,0,0,0,0,0,0,0,0
"Wood County","Wood County, West Virginia","G5401070","5401070","11","54107","54","107",91564,10116,81448,812,154,658,0,0,0,309,0,309
"Wyoming County","Wyoming County, West Virginia","G5401090","5401090","11","54109","54","109",35493,6879,28614,396,64,332,0,0,0,288,95,193
"Adams County","Adams County, Wisconsin","G5500010","5500010","11","55001","55","001",12621,1599,11022,24,2,22,53,19,34,64,14,50
"Ashland County","Ashland County, Wisconsin","G5500030","5500030","11","55003","55","003",14967,1647,13320,0,0,0,1096,348,748,33,6,27
"Barron County","Barron County, Wisconsin","G5500050","5500050","11","55005","55","005",37848,4421,33427,0,0,0,130,77,53,195,27,168
"Bayfield County","Bayfield County, Wisconsin","G5500070","5500070","11","55007","55","007",12763,1694,11069,0,0,0,897,196,701,83,58,25
"Brown County","Brown County, Wisconsin","G5500090","5500090","11","55009","55","009",168084,11610,156474,295,50,245,2610,778,1832,863,121,742
"Buffalo County","Buffalo County, Wisconsin","G5500110","5500110","11","55011","55","011",14031,1894,12137,0,0,0,0,0,0,0,0,0
"Burnett County","Burnett County, Wisconsin","G5500130","5500130","11","55013","55","013",11768,1813,9955,0,0,0,379,78,301,0,0,0
"Calumet County","Calumet County, Wisconsin","G5500150","5500150","11","55015","55","015",30352,1293,29059,0,0,0,70,6,64,119,6,113
"Chippewa County","Chippewa County, Wisconsin","G5500170","5500170","11","55017","55","017",50322,5091,45231,0,0,0,96,19,77,102,10,92
"Clark County","Clark County, Wisconsin","G5500190","5500190","11","55019","55","019",32035,5154,26881,0,0,0,92,48,44,126,31,95
"Columbia County","Columbia County, Wisconsin","G5500210","5500210","11","55021","55","021",42299,3295,39004,39,0,39,68,2,66,205,39,166
"Crawford County","Crawford County, Wisconsin","G5500230","5500230","11","55023","55","023",16181,2301,13880,0,0,0,0,0,0,28,0,28
"Dane County","Dane County, Wisconsin","G5500250","5500250","11","55025","55","025",298345,26731,271614,5188,1544,3644,862,171,691,3254,822,2432
"Dodge County","Dodge County, Wisconsin","G5500270","5500270","11","55027","55","027",71209,4291,66918,59,2,57,88,5,83,545,114,431
"Door County","Door County, Wisconsin","G5500290","5500290","11","55029","55","029",24274,1653,22621,0,0,0,198,41,157,166,12,154
"Douglas County","Douglas County, Wisconsin","G5500310","5500310","11","55031","55","031",42253,4111,38142,88,33,55,528,141,387,120,9,111
"Dunn County","Dunn County, Wisconsin","G5500330","5500330","11","55033","55","033",30454,4730,25724,177,76,101,0,0,0,69,19,50
"Eau Claire County","Eau Claire County, Wisconsin","G5500350","5500350","11","55035","55","035",73300,9293,64007,116,37,79,296,105,191,237,70,167
"Florence County","Florence County, Wisconsin","G5500370","5500370","11","55037","55","037",4061,563,3498,0,0,0,0,0,0,0,0,0
"Fond Du Lac County","Fond Du Lac County, Wisconsin","G5500390","5500390","11","55039","55","039",85788,5655,80133,38,19,19,121,15,106,616,146,470
"Forest County","Forest County, Wisconsin","G5500410","5500410","11","55041","55","041",8338,1272,7066,97,69,28,385,159,226,0,0,0
"Grant County","Grant County, Wisconsin","G5500430","5500430","11","55043","55","043",48484,5959,42525,64,7,57,0,0,0,130,25,105
"Green County","Green County, Wisconsin","G5500450","5500450","11","55045","55","045",29433,2672,26761,0,0,0,0,0,0,63,7,56
"Green Lake County","Green Lake County, Wisconsin","G5500470","5500470","11","55047","55","047",18026,1526,16500,0,0,0,0,0,0,231,23,208
"Iowa County","Iowa County, Wisconsin","G5500490","5500490","11","55049","55","049",19419,2276,17143,0,0,0,29,17,12,70,19,51
"Iron County","Iron County, Wisconsin","G5500510","5500510","11","55051","55","051",6604,909,5695,0,0,0,0,0,0,0,0,0
"Jackson County","Jackson County, Wisconsin","G5500530","5500530","11","55053","55","053",16007,2101,13906,19,5,14,422,132,290,0,0,0
"Jefferson County","Jefferson County, Wisconsin","G5500550","5500550","11","55055","55","055",61427,3851,57576,56,35,21,110,6,104,668,139,529
"Juneau County","Juneau County, Wisconsin","G5500570","5500570","11","55057","55","057",20537,2308,18229,36,0,36,169,88,81,90,17,73
"Kenosha County","Kenosha County, Wisconsin","G5500590","5500590","11","55059","55","059",115456,7244,108212,3032,781,2251,446,38,408,3397,735,2662
"Kewaunee County","Kewaunee County, Wisconsin","G5500610","5500610","11","55061","55","061",19307,1425,17882,0,0,0,0,0,0,75,22,53
"La Crosse County","La Crosse County, Wisconsin","G5500630","5500630","11","55063","55","063",85720,8382,77338,110,33,77,332,108,224,397,56,341
"Lafayette County","Lafayette County, Wisconsin","G5500650","5500650","11","55065","55","065",17180,1965,15215,0,0,0,0,0,0,75,9,66
"Langlade County","Langlade County, Wisconsin","G5500670","5500670","11","55067","55","067",19638,2559,17079,0,0,0,102,26,76,96,17,79
"Lincoln County","Lincoln County, Wisconsin","G5500690","5500690","11","55069","55","069",25817,2390,23427,0,0,0,42,6,36,81,4,77
"Manitowoc County","Manitowoc County, Wisconsin","G5500710","5500710","11","55071","55","071",80770,4542,76228,148,84,64,361,95,266,424,47,377
"Marathon County","Marathon County, Wisconsin","G5500730","5500730","11","55073","55","073",109115,8743,100372,65,0,65,475,163,312,271,17,254
"Marinette County","Marinette County, Wisconsin","G5500750","5500750","11","55075","55","075",38294,3443,34851,0,0,0,73,10,63,70,21,49
"Marquette County","Marquette County, Wisconsin","G5500770","5500770","11","55077","55","077",11412,1354,10058,43,0,43,35,13,22,107,13,94
"Menominee County","Menominee County, Wisconsin","G5500780","5500780","11","55078","55","078",0,0,0,0,0,0,3012,601,2411,0,0,0
"Milwaukee County","Milwaukee County, Wisconsin","G5500790","5500790","11","55079","55","079",771225,47462,723763,146647,43505,103142,6010,1336,4674,29226,6011,23215
"Monroe County","Monroe County, Wisconsin","G5500810","5500810","11","55081","55","081",33256,3326,29930,0,0,0,220,48,172,116,0,116
"Oconto County","Oconto County, Wisconsin","G5500830","5500830","11","55083","55","083",28475,3117,25358,0,0,0,158,38,120,65,7,58
"Oneida County","Oneida County, Wisconsin","G5500850","5500850","11","55085","55","085",30358,2621,27737,0,0,0,198,42,156,47,3,44
"Outagamie County","Outagamie County, Wisconsin","G5500870","5500870","11","55087","55","087",124257,7303,116954,78,38,40,1523,211,1312,549,89,460
"Ozaukee County","Ozaukee County, Wisconsin","G5500890","5500890","11","55089","55","089",65457,2190,63267,421,18,403,131,0,131,368,0,368
"Pepin County","Pepin County, Wisconsin","G5500910","5500910","11","55091","55","091",7282,707,6575,0,0,0,0,0,0,0,0,0
"Pierce County","Pierce County, Wisconsin","G5500930","5500930","11","55093","55","093",28632,3152,25480,55,35,20,75,16,59,131,9,122
"Polk County","Polk County, Wisconsin","G5500950","5500950","11","55095","55","095",31585,3308,28277,0,0,0,215,99,116,80,8,72
"Portage County","Portage County, Wisconsin","G5500970","5500970","11","55097","55","097",52925,5799,47126,100,26,74,166,37,129,392,162,230
"Price County","Price County, Wisconsin","G5500990","5500990","11","55099","55","099",15413,2105,13308,0,0,0,60,13,47,0,0,0
"Racine County","Racine County, Wisconsin","G5501010","5501010","11","55101","55","101",152958,7883,145075,13600,3312,10288,275,15,260,7198,1402,5796
"Richland County","Richland County, Wisconsin","G5501030","5501030","11","55103","55","103",17095,2017,15078,36,4,32,0,0,0,37,10,27
"Rock County","Rock County, Wisconsin","G5501050","5501050","11","55105","55","105",130595,8641,121954,4601,999,3602,298,35,263,793,77,716
"Rusk County","Rusk County, Wisconsin","G5501070","5501070","11","55107","55","107",15163,2123,13040,0,0,0,49,30,19,24,10,14
"St. Croix County","St. Croix County, Wisconsin","G5501090","5501090","11","55109","55","109",42061,2633,39428,0,0,0,98,7,91,179,5,174
"Sauk County","Sauk County, Wisconsin","G5501110","5501110","11","55111","55","111",42288,3875,38413,0,0,0,198,97,101,158,12,146
"Sawyer County","Sawyer County, Wisconsin","G5501130","5501130","11","55113","55","113",11234,1615,9619,0,0,0,1352,413,939,0,0,0
"Shawano County","Shawano County, Wisconsin","G5501150","5501150","11","55115","55","115",33982,3538,30444,0,0,0,1301,240,1061,85,3,82
"Sheboygan County","Sheboygan County, Wisconsin","G5501170","5501170","11","55117","55","117",97963,4651,93312,78,33,45,253,6,247,953,137,816
"Taylor County","Taylor County, Wisconsin","G5501190","5501190","11","55119","55","119",18496,2147,16349,0,0,0,0,0,0,50,9,41
"Trempealeau County","Trempealeau County, Wisconsin","G5501210","5501210","11","55121","55","121",25455,3058,22397,0,0,0,43,20,23,67,11,56
"Vernon County","Vernon County, Wisconsin","G5501230","5501230","11","55123","55","123",25194,3443,21751,0,0,0,0,0,0,62,21,41
"Vilas County","Vilas County, Wisconsin","G5501250","5501250","11","55125","55","125",15116,1638,13478,0,0,0,1182,288,894,49,5,44
"Walworth County","Walworth County, Wisconsin","G5501270","5501270","11","55127","55","127",66587,5313,61274,321,95,226,170,8,162,1196,225,971
"Washburn County","Washburn County, Wisconsin","G5501290","5501290","11","55129","55","129",12909,1579,11330,0,0,0,103,30,73,0,0,0
"Washington County","Washington County, Wisconsin","G5501310","5501310","11","55131","55","131",83313,3764,79549,52,2,50,234,28,206,462,34,428
"Waukesha County","Waukesha County, Wisconsin","G5501330","5501330","11","55133","55","133",271757,8269,263488,754,4,750,475,17,458,4298,280,4018
"Waupaca County","Waupaca County, Wisconsin","G5501350","5501350","11","55135","55","135",40960,3548,37412,0,0,0,81,3,78,229,36,193
"Waushara County","Waushara County, Wisconsin","G5501370","5501370","11","55137","55","137",18071,2021,16050,0,0,0,36,15,21,312,77,235
"Winnebago County","Winnebago County, Wisconsin","G5501390","5501390","11","55139","55","139",125459,8228,117231,151,65,86,559,118,441,534,70,464
"Wood County","Wood County, Wisconsin","G5501410","5501410","11","55141","55","141",71069,5327,65742,0,0,0,366,88,278,271,69,202
"Albany County","Albany County, Wyoming","G5600010","5600010","11","56001","56","001",24809,3771,21038,193,105,88,168,21,147,1781,243,1538
"Big Horn County","Big Horn County, Wyoming","G5600030","5600030","11","56003","56","003",11605,1474,10131,0,0,0,56,14,42,432,62,370
"Campbell County","Campbell County, Wyoming","G5600050","5600050","11","56005","56","005",23732,1144,22588,0,0,0,222,9,213,486,20,466
"Carbon County","Carbon County, Wyoming","G5600070","5600070","11","56007","56","007",19576,1179,18397,38,13,25,227,13,214,2375,236,2139
"Converse County","Converse County, Wyoming","G5600090","5600090","11","56009","56","009",13636,863,12773,0,0,0,163,22,141,730,60,670
"Crook County","Crook County, Wyoming","G5600110","5600110","11","56011","56","011",5263,514,4749,0,0,0,0,0,0,33,2,31
"Fremont County","Fremont County, Wyoming","G5600130","5600130","11","56013","56","013",32924,2152,30772,72,28,44,4441,1378,3063,1217,173,1044
"Goshen County","Goshen County, Wyoming","G5600150","5600150","11","56015","56","015",11249,1224,10025,0,0,0,0,0,0,885,260,625
"Hot Springs County","Hot Springs County, Wyoming","G5600170","5600170","11","56017","56","017",5363,395,4968,0,0,0,100,11,89,53,23,30
"Johnson County","Johnson County, Wyoming","G5600190","5600190","11","56019","56","019",6509,548,5961,0,0,0,0,0,0,68,0,68
"Laramie County","Laramie County, Wyoming","G5600210","5600210","11","56021","56","021",62164,4641,57523,1834,342,1492,656,82,574,6567,790,5777
"Lincoln County","Lincoln County, Wyoming","G5600230","5600230","11","56023","56","023",11918,1383,10535,0,0,0,107,2,105,468,18,450
"Natrona County","Natrona County, Wyoming","G5600250","5600250","11","56025","56","025",68513,3759,64754,376,67,309,979,103,876,2537,319,2218
"Niobrara County","Niobrara County, Wyoming","G5600270","5600270","11","56027","56","027",2885,464,2421,0,0,0,0,0,0,0,0,0
"Park County","Park County, Wyoming","G5600290","5600290","11","56029","56","029",20412,1659,18753,0,0,0,118,27,91,800,121,679
"Platte County","Platte County, Wyoming","G5600310","5600310","11","56031","56","031",11643,1084,10559,0,0,0,74,20,54,565,108,457
"Sheridan County","Sheridan County, Wyoming","G5600330","5600330","11","56033","56","033",24029,1463,22566,43,0,43,102,17,85,421,19,402
"Sublette County","Sublette County, Wyoming","G5600350","5600350","11","56035","56","035",4505,431,4074,0,0,0,0,0,0,48,13,35
"Sweetwater County","Sweetwater County, Wyoming","G5600370","5600370","11","56037","56","037",39516,1957,37559,376,80,296,318,11,307,3234,234,3000
"Teton County","Teton County, Wyoming","G5600390","5600390","11","56039","56","039",9219,713,8506,0,0,0,0,0,0,151,7,144
"Uinta County","Uinta County, Wyoming","G5600410","5600410","11","56041","56","041",12456,489,11967,0,0,0,74,2,72,346,7,339
"Washakie County","Washakie County, Wyoming","G5600430","5600430","11","56043","56","043",8648,465,8183,0,0,0,50,7,43,802,196,606
"Weston County","Weston County, Wyoming","G5600450","5600450","11","56045","56","045",6960,522,6438,0,0,0,40,0,40,67,4,63
