Geo_Name,Geo_QName,Geo_GISJOIN,Geo_GISJOIN2,Geo_SUMLEV,Geo_FIPS,Geo_STATE,Geo_COUNTY,SE_T040_001,SE_T040_002,SE_T040_003,SE_T041_001,SE_T041_002,SE_T041_003,SE_T042_001,SE_T042_002,SE_T042_003,SE_T043_001,SE_T043_002,SE_T043_003,SE_T044_001,SE_T044_002,SE_T044_003,SE_T045_001,SE_T045_002,SE_T045_003,SE_T048_001,SE_T048_002,SE_T048_003
"Autauga County","Autauga County, Alabama","G0100010","0100010","11","01001","01","001",13498,12591,907,8048,7575,473,5450,5016,434,11057,10518,539,2377,2009,368,41,41,0,158,152,6
"Baldwin County","Baldwin County, Alabama","G0100030","0100030","11","01003","01","003",32260,29807,2453,19413,18374,1039,12847,11433,1414,27691,26065,1626,4272,3480,792,207,173,34,282,262,20
"Barbour County","Barbour County, Alabama","G0100050","0100050","11","01005","01","005",9410,8642,768,5279,4899,380,4131,3743,388,5938,5612,326,3415,2973,442,0,0,0,130,124,6
"Bibb County","Bibb County, Alabama","G0100070","0100070","11","01007","01","007",5919,5377,542,3746,3429,317,2173,1948,225,4819,4408,411,1095,964,131,0,0,0,58,50,8
"Blount County","Blount County, Alabama","G0100090","0100090","11","01009","01","009",14851,13713,1138,9395,8695,700,5456,5018,438,14534,13430,1104,235,206,29,58,53,5,94,89,5
"Bullock County","Bullock County, Alabama","G0100110","0100110","11","01011","01","011",3607,3264,343,1883,1778,105,1724,1486,238,0,0,0,2082,1803,279,0,0,0,86,70,16
"Butler County","Butler County, Alabama","G0100130","0100130","11","01013","01","013",8276,7691,585,4645,4344,301,3631,3347,284,5547,5280,267,2711,2405,306,0,0,0,71,61,10
"Calhoun County","Calhoun County, Alabama","G0100150","0100150","11","01015","01","015",46833,42549,4284,26370,24441,1929,20463,18108,2355,39595,36495,3100,6863,5741,1122,119,96,23,276,216,60
"Chambers County","Chambers County, Alabama","G0100170","0100170","11","01017","01","017",17242,15917,1325,9411,9020,391,7831,6897,934,12007,11322,685,5224,4584,640,0,0,0,75,67,8
"Cherokee County","Cherokee County, Alabama","G0100190","0100190","11","01019","01","019",7984,7393,591,4695,4349,346,3289,3044,245,7301,6778,523,672,604,68,0,0,0,55,53,2
"Chilton County","Chilton County, Alabama","G0100210","0100210","11","01021","01","021",12221,11080,1141,7714,7022,692,4507,4058,449,11003,10145,858,1210,933,277,0,0,0,58,51,7
"Choctaw County","Choctaw County, Alabama","G0100230","0100230","11","01023","01","023",5807,5342,465,3545,3307,238,2262,2035,227,3555,3371,184,2244,1969,275,0,0,0,57,50,7
"Clarke County","Clarke County, Alabama","G0100250","0100250","11","01025","01","025",10306,9483,823,6368,5947,421,3938,3536,402,6671,6321,350,3586,3119,467,39,33,6,84,76,8
"Clay County","Clay County, Alabama","G0100270","0100270","11","01027","01","027",5617,5272,345,3198,3007,191,2419,2265,154,4840,4556,284,0,0,0,0,0,0,48,46,2
"Cleburne County","Cleburne County, Alabama","G0100290","0100290","11","01029","01","029",5572,5232,340,3205,3050,155,2367,2182,185,5287,4973,314,267,248,19,0,0,0,0,0,0
"Coffee County","Coffee County, Alabama","G0100310","0100310","11","01031","01","031",15947,14893,1054,8927,8397,530,7020,6496,524,13175,12402,773,2606,2350,256,84,84,0,173,158,15
"Colbert County","Colbert County, Alabama","G0100330","0100330","11","01033","01","033",23704,21451,2253,14328,13046,1282,9376,8405,971,19961,18374,1587,3665,3019,646,47,38,9,72,61,11
"Conecuh County","Conecuh County, Alabama","G0100350","0100350","11","01035","01","035",5805,5382,423,3262,3071,191,2543,2311,232,3793,3564,229,0,0,0,0,0,0,59,53,6
"Coosa County","Coosa County, Alabama","G0100370","0100370","11","01037","01","037",4703,4461,242,2728,2600,128,1975,1861,114,3243,3095,148,0,0,0,0,0,0,15,15,0
"Covington County","Covington County, Alabama","G0100390","0100390","11","01039","01","039",16195,15096,1099,9032,8478,554,7163,6618,545,14181,13347,834,1965,1700,265,0,0,0,123,108,15
"Crenshaw County","Crenshaw County, Alabama","G0100410","0100410","11","01041","01","041",5427,5100,327,2975,2831,144,2452,2269,183,4247,4058,189,1174,1036,138,0,0,0,8,8,0
"Cullman County","Cullman County, Alabama","G0100430","0100430","11","01043","01","043",26245,24130,2115,15882,14694,1188,10363,9436,927,25917,23839,2078,230,195,35,60,58,2,132,130,2
"Dale County","Dale County, Alabama","G0100450","0100450","11","01045","01","045",15683,14284,1399,8550,7990,560,7133,6294,839,13140,12045,1095,2279,2015,264,93,71,22,134,128,6
"Dallas County","Dallas County, Alabama","G0100470","0100470","11","01047","01","047",21067,19087,1980,11331,10329,1002,9736,8758,978,11513,11012,501,9509,8030,1479,0,0,0,235,220,15
"De Kalb County","De Kalb County, Alabama","G0100490","0100490","11","01049","01","049",22685,21126,1559,13527,12633,894,9158,8493,665,22203,20693,1510,383,336,47,51,49,2,172,127,45
"Elmore County","Elmore County, Alabama","G0100510","0100510","11","01051","01","051",17541,16585,956,10165,9673,492,7376,6912,464,14760,14104,656,2741,2441,300,0,0,0,152,142,10
"Escambia County","Escambia County, Alabama","G0100530","0100530","11","01053","01","053",14834,13411,1423,8834,8210,624,6000,5201,799,10800,10032,768,3642,3020,622,386,353,33,84,71,13
"Etowah County","Etowah County, Alabama","G0100550","0100550","11","01055","01","055",42033,38589,3444,25185,23394,1791,16848,15195,1653,36866,34115,2751,4962,4295,667,113,96,17,109,97,12
"Fayette County","Fayette County, Alabama","G0100570","0100570","11","01057","01","057",7951,7437,514,4684,4411,273,3267,3026,241,7014,6574,440,930,856,74,0,0,0,54,54,0
"Franklin County","Franklin County, Alabama","G0100590","0100590","11","01059","01","059",11921,10792,1129,7108,6443,665,4813,4349,464,11382,10343,1039,507,428,79,13,13,0,32,26,6
"Geneva County","Geneva County, Alabama","G0100610","0100610","11","01061","01","061",9930,9406,524,5853,5622,231,4077,3784,293,8906,8480,426,979,888,91,23,16,7,100,97,3
"Greene County","Greene County, Alabama","G0100630","0100630","11","01063","01","063",3460,2958,502,1886,1632,254,1574,1326,248,1080,1050,30,2380,1908,472,0,0,0,54,32,22
"Hale County","Hale County, Alabama","G0100650","0100650","11","01065","01","065",5331,4741,590,3092,2741,351,2239,2000,239,2456,2334,122,2869,2401,468,0,0,0,153,153,0
"Henry County","Henry County, Alabama","G0100670","0100670","11","01067","01","067",6068,5700,368,3556,3403,153,2512,2297,215,4067,3849,218,1983,1833,150,0,0,0,76,76,0
"Houston County","Houston County, Alabama","G0100690","0100690","11","01069","01","069",33054,31495,1559,19161,18457,704,13893,13038,855,26992,25981,1011,5785,5257,528,106,95,11,232,194,38
"Jackson County","Jackson County, Alabama","G0100710","0100710","11","01071","01","071",22083,20148,1935,13527,12432,1095,8556,7716,840,21019,19225,1794,947,815,132,91,82,9,76,69,7
"Jefferson County","Jefferson County, Alabama","G0100730","0100730","11","01073","01","073",301898,281786,20112,170886,159661,11225,131012,122125,8887,216135,206716,9419,84402,73806,10596,379,346,33,1846,1680,166
"Lamar County","Lamar County, Alabama","G0100750","0100750","11","01075","01","075",6963,6542,421,4103,3845,258,2860,2697,163,6256,5921,335,701,615,86,0,0,0,27,25,2
"Lauderdale County","Lauderdale County, Alabama","G0100770","0100770","11","01077","01","077",35418,32454,2964,21366,19682,1684,14052,12772,1280,32286,29749,2537,2944,2541,403,93,81,12,151,124,27
"Lawrence County","Lawrence County, Alabama","G0100790","0100790","11","01079","01","079",11574,10332,1242,7235,6450,785,4339,3882,457,9909,8902,1007,1637,1402,235,0,0,0,71,60,11
"Lee County","Lee County, Alabama","G0100810","0100810","11","01081","01","081",32795,30774,2021,18465,17497,968,14330,13277,1053,25440,24259,1181,7120,6302,818,61,46,15,175,170,5
"Limestone County","Limestone County, Alabama","G0100830","0100830","11","01083","01","083",19384,17685,1699,11686,10670,1016,7698,7015,683,16685,15350,1335,2606,2249,357,0,0,0,53,41,12
"Lowndes County","Lowndes County, Alabama","G0100850","0100850","11","01085","01","085",4267,3755,512,2409,2107,302,1858,1648,210,0,0,0,2681,2247,434,0,0,0,81,65,16
"Macon County","Macon County, Alabama","G0100870","0100870","11","01087","01","087",8935,7964,971,4537,4117,420,4398,3847,551,1603,1506,97,7293,6419,874,0,0,0,62,52,10
"Madison County","Madison County, Alabama","G0100890","0100890","11","01089","01","089",90214,83086,7128,50872,47306,3566,39342,35780,3562,73708,68746,4962,15479,13447,2032,277,234,43,754,646,108
"Marengo County","Marengo County, Alabama","G0100910","0100910","11","01091","01","091",8993,8419,574,5321,4972,349,3672,3447,225,0,0,0,3697,3268,429,0,0,0,156,112,44
"Marion County","Marion County, Alabama","G0100930","0100930","11","01093","01","093",12976,11939,1037,7549,6907,642,5427,5032,395,12592,11611,981,331,289,42,0,0,0,81,64,17
"Marshall County","Marshall County, Alabama","G0100950","0100950","11","01095","01","095",28003,25870,2133,16586,15421,1165,11417,10449,968,27492,25423,2069,428,364,64,41,41,0,143,137,6
"Mobile County","Mobile County, Alabama","G0100970","0100970","11","01097","01","097",153725,142825,10900,90924,85405,5519,62801,57420,5381,110984,105969,5015,41525,35738,5787,547,481,66,1424,1310,114
"Monroe County","Monroe County, Alabama","G0100990","0100990","11","01099","01","099",8488,7809,679,5034,4654,380,3454,3155,299,5446,5215,231,2991,2543,448,51,51,0,30,30,0
"Montgomery County","Montgomery County, Alabama","G0101010","0101010","11","01101","01","101",85132,79511,5621,45179,42516,2663,39953,36995,2958,56005,53952,2053,28660,25140,3520,99,87,12,634,565,69
"Morgan County","Morgan County, Alabama","G0101030","0101030","11","01103","01","103",40239,36998,3241,24133,22463,1670,16106,14535,1571,37039,34323,2716,3064,2553,511,59,52,7,216,200,16
"Perry County","Perry County, Alabama","G0101050","0101050","11","01105","01","105",5002,4622,380,2808,2583,225,2194,2039,155,2533,2405,128,2455,2203,252,0,0,0,60,46,14
"Pickens County","Pickens County, Alabama","G0101070","0101070","11","01107","01","107",8071,7261,810,4642,4311,331,3429,2950,479,5541,5201,340,2513,2045,468,0,0,0,45,32,13
"Pike County","Pike County, Alabama","G0101090","0101090","11","01109","01","109",11581,10786,795,6275,5897,378,5306,4889,417,8195,7791,404,3365,2974,391,17,17,0,94,86,8
"Randolph County","Randolph County, Alabama","G0101110","0101110","11","01111","01","111",8106,7321,785,4449,4130,319,3657,3191,466,6382,5819,563,1710,1488,222,0,0,0,44,44,0
"Russell County","Russell County, Alabama","G0101130","0101130","11","01113","01","113",19444,17655,1789,10957,10054,903,8487,7601,886,12862,11920,942,6500,5668,832,27,18,9,110,102,8
"St. Clair County","St. Clair County, Alabama","G0101150","0101150","11","01115","01","115",17030,15831,1199,10620,9997,623,6410,5834,576,15555,14595,960,1412,1179,233,35,29,6,110,93,17
"Shelby County","Shelby County, Alabama","G0101170","0101170","11","01117","01","117",29583,27897,1686,18217,17295,922,11366,10602,764,26954,25671,1283,2423,2029,394,0,0,0,159,150,9
"Sumter County","Sumter County, Alabama","G0101190","0101190","11","01119","01","119",5867,5230,637,3266,2928,338,2601,2302,299,2401,2297,104,3444,2911,533,0,0,0,57,57,0
"Talladega County","Talladega County, Alabama","G0101210","0101210","11","01121","01","121",29414,26755,2659,17088,15827,1261,12326,10928,1398,21888,20143,1745,7483,6574,909,18,13,5,261,228,33
"Tallapoosa County","Tallapoosa County, Alabama","G0101230","0101230","11","01123","01","123",17152,16216,936,9241,8808,433,7911,7408,503,13180,12669,511,3898,3490,408,0,0,0,113,91,22
"Tuscaloosa County","Tuscaloosa County, Alabama","G0101250","0101250","11","01125","01","125",58146,53636,4510,32556,30249,2307,25590,23387,2203,44422,41753,2669,13481,11662,1819,35,35,0,460,391,69
"Walker County","Walker County, Alabama","G0101270","0101270","11","01127","01","127",25682,23499,2183,16687,15489,1198,8995,8010,985,24112,22187,1925,1463,1215,248,69,59,10,164,136,28
"Washington County","Washington County, Alabama","G0101290","0101290","11","01129","01","129",6237,5626,611,4042,3746,296,2195,1880,315,4318,4016,302,1622,1371,251,0,0,0,58,46,12
"Wilcox County","Wilcox County, Alabama","G0101310","0101310","11","01131","01","131",4208,3800,408,2425,2168,257,1783,1632,151,1893,1797,96,2306,1995,311,0,0,0,65,30,35
"Winston County","Winston County, Alabama","G0101330","0101330","11","01133","01","133",9146,8419,727,5608,5171,437,3538,3248,290,9092,8394,698,36,25,11,7,0,7,51,51,0
"Aleutian Islands Census Area","Aleutian Islands Census Area, Alaska","G0200100","0200100","11","02010","02","010",2605,2432,173,1593,1511,82,1012,921,91,1696,1629,67,67,60,7,508,421,87,91,85,6
"Anchorage Borough","Anchorage Borough, Alaska","G0200200","0200200","11","02020","02","020",84773,77754,7019,47095,42534,4561,37678,35220,2458,74870,69404,5466,3708,3203,505,3387,2640,747,1945,1669,276
"Bethel Census Area","Bethel Census Area, Alaska","G0200500","0200500","11","02050","02","050",3404,3013,391,2055,1774,281,1349,1239,110,1102,1041,61,21,21,0,2259,1929,330,32,32,0
"Bristol Bay Borough","Bristol Bay Borough, Alaska","G0200600","0200600","11","02060","02","060",324,282,42,194,173,21,130,109,21,199,187,12,0,0,0,122,92,30,9,9,0
"Dillingham Census Area","Dillingham Census Area, Alaska","G0200700","0200700","11","02070","02","070",1576,1308,268,877,721,156,699,587,112,655,632,23,0,0,0,912,667,245,0,0,0
"Fairbanks North Star Borough","Fairbanks North Star Borough, Alaska","G0200900","0200900","11","02090","02","090",23544,20811,2733,13559,11802,1757,9985,9009,976,21104,18776,2328,966,790,176,907,750,157,541,474,67
"Haines Borough","Haines Borough, Alaska","G0201000","0201000","11","02100","02","100",792,731,61,492,452,40,300,279,21,676,636,40,0,0,0,97,76,21,0,0,0
"Juneau Borough","Juneau Borough, Alaska","G0201100","0201100","11","02110","02","110",11129,10360,769,6142,5636,506,4987,4724,263,9901,9315,586,49,49,0,928,765,163,150,130,20
"Kenai Peninsula Borough","Kenai Peninsula Borough, Alaska","G0201220","0201220","11","02122","02","122",11127,9622,1505,6991,6147,844,4136,3475,661,10253,8925,1328,64,55,9,662,511,151,114,104,10
"Ketchikan Gateway Borough","Ketchikan Gateway Borough, Alaska","G0201300","0201300","11","02130","02","130",5696,5410,286,3467,3311,156,2229,2099,130,5033,4830,203,0,0,0,510,433,77,67,67,0
"Kobuk Census Area","Kobuk Census Area, Alaska","G0201400","0201400","11","02140","02","140",1543,1206,337,862,605,257,681,601,80,420,405,15,0,0,0,1115,796,319,12,12,0
"Kodiak Island Borough","Kodiak Island Borough, Alaska","G0201500","0201500","11","02150","02","150",4707,4365,342,2880,2680,200,1827,1685,142,3510,3291,219,24,18,6,596,504,92,208,192,16
"Matanuska-Susitna Borough","Matanuska-Susitna Borough, Alaska","G0201700","0201700","11","02170","02","170",7550,6477,1073,4765,4005,760,2785,2472,313,7245,6222,1023,25,17,8,240,213,27,66,56,10
"Nome Census Area","Nome Census Area, Alaska","G0201800","0201800","11","02180","02","180",2213,1831,382,1300,1000,300,913,831,82,792,754,38,0,0,0,1400,1061,339,20,16,4
"North Slope Borough","North Slope Borough, Alaska","G0201850","0201850","11","02185","02","185",1874,1734,140,1254,1155,99,620,579,41,599,583,16,0,0,0,1235,1111,124,26,26,0
"Prince Of Wales-Outer Ketchikan Census Area","Prince Of Wales-Outer Ketchikan Census Area, Alaska","G0202010","0202010","11","02201","02","201",1751,1616,135,1197,1100,97,554,516,38,1089,1062,27,22,16,6,626,524,102,0,0,0
"Sitka Borough","Sitka Borough, Alaska","G0202200","0202200","11","02220","02","220",3883,3626,257,2307,2105,202,1576,1521,55,2977,2864,113,18,18,0,737,607,130,58,58,0
"Skagway-Yakutat-Angoon Census Area","Skagway-Yakutat-Angoon Census Area, Alaska","G0202310","0202310","11","02231","02","231",1553,1294,259,962,803,159,591,491,100,1012,887,125,0,0,0,518,390,128,0,0,0
"Southeast Fairbanks Census Area","Southeast Fairbanks Census Area, Alaska","G0202400","0202400","11","02240","02","240",1882,1519,363,1097,881,216,785,638,147,1624,1336,288,67,53,14,178,120,58,54,38,16
"Valdez-Cordova Census Area","Valdez-Cordova Census Area, Alaska","G0202610","0202610","11","02261","02","261",4039,3701,338,2529,2299,230,1510,1402,108,3546,3312,234,18,18,0,358,263,95,57,48,9
"Wade Hampton Census Area","Wade Hampton Census Area, Alaska","G0202700","0202700","11","02270","02","270",1243,964,279,736,532,204,507,432,75,155,153,2,0,0,0,1085,808,277,0,0,0
"Wrangell-Petersburg Census Area","Wrangell-Petersburg Census Area, Alaska","G0202800","0202800","11","02280","02","280",3082,2800,282,1965,1777,188,1117,1023,94,2616,2413,203,0,0,0,400,321,79,30,30,0
"Yukon-Koyukuk Census Area","Yukon-Koyukuk Census Area, Alaska","G0202900","0202900","11","02290","02","290",2389,2018,371,1444,1178,266,945,840,105,1365,1241,124,11,10,1,1003,760,243,12,9,3
"Apache County","Apache County, Arizona","G0400010","0400010","11","04001","04","001",15442,13502,1940,8873,7521,1352,6569,5981,588,5114,4766,348,191,148,43,9837,8321,1516,621,544,77
"Cochise County","Cochise County, Arizona","G0400030","0400030","11","04003","04","003",30557,27483,3074,17358,15721,1637,13199,11762,1437,27126,24612,2514,697,549,148,151,146,5,7875,6818,1057
"Coconino County","Coconino County, Arizona","G0400050","0400050","11","04005","04","005",32981,30428,2553,18921,17352,1569,14060,13076,984,25514,23870,1644,588,519,69,5515,4779,736,3135,2873,262
"Gila County","Gila County, Arizona","G0400070","0400070","11","04007","04","007",13286,12342,944,8545,8020,525,4741,4322,419,11040,10386,654,53,53,0,1627,1361,266,2577,2516,61
"Graham County","Graham County, Arizona","G0400090","0400090","11","04009","04","009",7745,7303,442,4953,4697,256,2792,2606,186,6194,5885,309,110,105,5,647,575,72,1748,1625,123
"Greenlee County","Greenlee County, Arizona","G0400110","0400110","11","04011","04","011",4315,4081,234,3100,3010,90,1215,1071,144,3565,3379,186,0,0,0,96,86,10,1929,1827,102
"Maricopa County","Maricopa County, Arizona","G0400130","0400130","11","04013","04","013",701242,663624,37618,405233,382991,22242,296009,280633,15376,624968,594438,30530,19750,17745,2005,9002,7907,1095,79802,73123,6679
"Mohave County","Mohave County, Arizona","G0400150","0400150","11","04015","04","015",22246,20770,1476,13378,12469,909,8868,8301,567,21150,19772,1378,31,31,0,653,577,76,946,874,72
"Navajo County","Navajo County, Arizona","G0400170","0400170","11","04017","04","017",22747,20463,2284,14059,12675,1384,8688,7788,900,13407,12597,810,280,182,98,8299,6986,1313,1698,1552,146
"Pima County","Pima County, Arizona","G0400190","0400190","11","04019","04","019",235430,220181,15249,135443,126506,8937,99987,93675,6312,203174,191203,11971,6043,5363,680,4978,4218,760,43696,39705,3991
"Pinal County","Pinal County, Arizona","G0400210","0400210","11","04021","04","021",33442,30852,2590,21331,19828,1503,12111,11024,1087,24488,23001,1487,923,716,207,2422,2004,418,9291,8578,713
"Santa Cruz County","Santa Cruz County, Arizona","G0400230","0400230","11","04023","04","023",8258,7826,432,4967,4717,250,3291,3109,182,6597,6246,351,35,35,0,26,26,0,5885,5555,330
"Yavapai County","Yavapai County, Arizona","G0400250","0400250","11","04025","04","025",25358,23339,2019,14988,13799,1189,10370,9540,830,24445,22553,1892,61,61,0,351,302,49,1401,1281,120
"Yuma County","Yuma County, Arizona","G0400270","0400270","11","04027","04","027",33783,31076,2707,20305,18854,1451,13478,12222,1256,25807,24134,1673,693,637,56,1070,938,132,10790,9420,1370
"Arkansas County","Arkansas County, Arkansas","G0500010","0500010","11","05001","05","001",10316,9820,496,6296,6046,250,4020,3774,246,8593,8268,325,1676,1507,169,36,36,0,28,19,9
"Ashley County","Ashley County, Arkansas","G0500030","0500030","11","05003","05","003",9914,8971,943,6232,5656,576,3682,3315,367,7629,7128,501,2235,1804,431,40,29,11,42,42,0
"Baxter County","Baxter County, Arkansas","G0500050","0500050","11","05005","05","005",9194,8436,758,4944,4475,469,4250,3961,289,9119,8380,739,0,0,0,58,39,19,40,31,9
"Benton County","Benton County, Arkansas","G0500070","0500070","11","05007","05","007",33698,31882,1816,19554,18507,1047,14144,13375,769,32918,31169,1749,7,7,0,533,484,49,256,240,16
"Boone County","Boone County, Arkansas","G0500090","0500090","11","05009","05","009",11044,10400,644,6318,5960,358,4726,4440,286,10998,10354,644,0,0,0,30,30,0,63,60,3
"Bradley County","Bradley County, Arkansas","G0500110","0500110","11","05011","05","011",5181,4742,439,3051,2828,223,2130,1914,216,4060,3746,314,1094,969,125,0,0,0,28,21,7
"Calhoun County","Calhoun County, Arkansas","G0500130","0500130","11","05013","05","013",2416,2166,250,1417,1268,149,999,898,101,1896,1774,122,0,0,0,0,0,0,0,0,0
"Carroll County","Carroll County, Arkansas","G0500150","0500150","11","05015","05","015",6691,6240,451,3817,3556,261,2874,2684,190,6646,6206,440,0,0,0,20,14,6,30,30,0
"Chicot County","Chicot County, Arkansas","G0500170","0500170","11","05017","05","017",5679,5296,383,3393,3154,239,2286,2142,144,3272,3191,81,2359,2057,302,33,33,0,28,28,0
"Clark County","Clark County, Arkansas","G0500190","0500190","11","05019","05","019",9804,9129,675,5518,5178,340,4286,3951,335,7870,7408,462,1882,1674,208,16,16,0,81,81,0
"Clay County","Clay County, Arkansas","G0500210","0500210","11","05021","05","021",7911,7133,778,4548,4100,448,3363,3033,330,7905,7127,778,0,0,0,0,0,0,41,39,2
"Cleburne County","Cleburne County, Arkansas","G0500230","0500230","11","05023","05","023",6076,5462,614,3619,3218,401,2457,2244,213,6049,5444,605,0,0,0,18,9,9,23,23,0
"Cleveland County","Cleveland County, Arkansas","G0500250","0500250","11","05025","05","025",2871,2697,174,1791,1701,90,1080,996,84,2576,2451,125,295,246,49,0,0,0,0,0,0
"Columbia County","Columbia County, Arkansas","G0500270","0500270","11","05027","05","027",10564,9987,577,6103,5856,247,4461,4131,330,7401,7152,249,3068,2740,328,71,71,0,43,43,0
"Conway County","Conway County, Arkansas","G0500290","0500290","11","05029","05","029",7654,7142,512,4468,4223,245,3186,2919,267,6662,6300,362,927,792,135,37,28,9,25,25,0
"Craighead County","Craighead County, Arkansas","G0500310","0500310","11","05031","05","031",29414,27512,1902,16435,15335,1100,12979,12177,802,28137,26451,1686,1089,895,194,116,100,16,100,81,19
"Crawford County","Crawford County, Arkansas","G0500330","0500330","11","05033","05","033",15446,14506,940,9265,8774,491,6181,5732,449,14831,13933,898,104,94,10,439,415,24,114,106,8
"Crittenden County","Crittenden County, Arkansas","G0500350","0500350","11","05035","05","035",18897,17007,1890,10938,10008,930,7959,6999,960,12805,12076,729,5867,4714,1153,48,48,0,155,140,15
"Cross County","Cross County, Arkansas","G0500370","0500370","11","05037","05","037",8281,7619,662,4976,4607,369,3305,3012,293,6722,6310,412,1538,1288,250,7,7,0,36,35,1
"Dallas County","Dallas County, Arkansas","G0500390","0500390","11","05039","05","039",3952,3499,453,2340,2024,316,1612,1475,137,2597,2410,187,1343,1077,266,0,0,0,29,27,2
"Desha County","Desha County, Arkansas","G0500410","0500410","11","05041","05","041",7120,6602,518,4266,4023,243,2854,2579,275,4793,4549,244,2262,1988,274,46,46,0,75,75,0
"Drew County","Drew County, Arkansas","G0500430","0500430","11","05043","05","043",7680,6983,697,4342,3983,359,3338,3000,338,5987,5533,454,1659,1422,237,34,28,6,21,21,0
"Faulkner County","Faulkner County, Arkansas","G0500450","0500450","11","05045","05","045",20244,18909,1335,11357,10707,650,8887,8202,685,18654,17487,1167,1489,1325,164,76,72,4,70,58,12
"Franklin County","Franklin County, Arkansas","G0500470","0500470","11","05047","05","047",5887,5182,705,3463,3123,340,2424,2059,365,5743,5044,699,27,27,0,86,80,6,51,35,16
"Fulton County","Fulton County, Arkansas","G0500490","0500490","11","05049","05","049",3532,3262,270,2035,1824,211,1497,1438,59,3511,3244,267,0,0,0,0,0,0,0,0,0
"Garland County","Garland County, Arkansas","G0500510","0500510","11","05051","05","051",29038,27117,1921,16266,15203,1063,12772,11914,858,26320,24748,1572,2457,2125,332,173,160,13,202,181,21
"Grant County","Grant County, Arkansas","G0500530","0500530","11","05053","05","053",5110,4722,388,3287,3100,187,1823,1622,201,4965,4592,373,124,109,15,10,10,0,39,34,5
"Greene County","Greene County, Arkansas","G0500550","0500550","11","05055","05","055",12967,11962,1005,7580,6982,598,5387,4980,407,12884,11903,981,0,0,0,72,48,24,69,69,0
"Hempstead County","Hempstead County, Arkansas","G0500570","0500570","11","05057","05","057",9652,9047,605,5724,5408,316,3928,3639,289,7253,6848,405,2338,2141,197,56,53,3,43,36,7
"Hot Spring County","Hot Spring County, Arkansas","G0500590","0500590","11","05059","05","059",11348,10545,803,6708,6224,484,4640,4321,319,10026,9353,673,1208,1092,116,83,77,6,83,75,8
"Howard County","Howard County, Arkansas","G0500610","0500610","11","05061","05","061",5336,5089,247,3155,3014,141,2181,2075,106,4365,4180,185,935,880,55,21,14,7,31,31,0
"Independence County","Independence County, Arkansas","G0500630","0500630","11","05063","05","063",13153,12350,803,7623,7215,408,5530,5135,395,12796,12038,758,203,166,37,108,100,8,107,97,10
"Izard County","Izard County, Arkansas","G0500650","0500650","11","05065","05","065",3783,3508,275,2249,2041,208,1534,1467,67,3758,3487,271,0,0,0,7,3,4,53,51,2
"Jackson County","Jackson County, Arkansas","G0500670","0500670","11","05067","05","067",8538,7742,796,4939,4531,408,3599,3211,388,7614,6954,660,919,783,136,0,0,0,6,6,0
"Jefferson County","Jefferson County, Arkansas","G0500690","0500690","11","05069","05","069",36289,33526,2763,21286,19917,1369,15003,13609,1394,24108,22940,1168,11881,10310,1571,111,111,0,285,272,13
"Johnson County","Johnson County, Arkansas","G0500710","0500710","11","05071","05","071",6516,6005,511,3787,3465,322,2729,2540,189,6370,5869,501,85,85,0,34,24,10,48,39,9
"Lafayette County","Lafayette County, Arkansas","G0500730","0500730","11","05073","05","073",3459,3205,254,2173,2018,155,1286,1187,99,2352,2263,89,1093,928,165,0,0,0,24,21,3
"Lawrence County","Lawrence County, Arkansas","G0500750","0500750","11","05075","05","075",7068,6464,604,4115,3784,331,2953,2680,273,7027,6423,604,11,11,0,22,22,0,7,7,0
"Lee County","Lee County, Arkansas","G0500770","0500770","11","05077","05","077",4963,4234,729,2907,2510,397,2056,1724,332,2894,2637,257,1999,1541,458,0,0,0,48,39,9
"Lincoln County","Lincoln County, Arkansas","G0500790","0500790","11","05079","05","079",4106,3872,234,2481,2372,109,1625,1500,125,3164,3051,113,942,821,121,0,0,0,13,13,0
"Little River County","Little River County, Arkansas","G0500810","0500810","11","05081","05","081",5135,4735,400,3215,2967,248,1920,1768,152,4049,3722,327,1082,1009,73,4,4,0,7,0,7
"Logan County","Logan County, Arkansas","G0500830","0500830","11","05083","05","083",7380,6802,578,4487,4149,338,2893,2653,240,7256,6686,570,71,71,0,38,38,0,12,5,7
"Lonoke County","Lonoke County, Arkansas","G0500850","0500850","11","05085","05","085",13687,12947,740,8114,7736,378,5573,5211,362,12359,11769,590,1248,1112,136,43,43,0,67,67,0
"Madison County","Madison County, Arkansas","G0500870","0500870","11","05087","05","087",4296,4060,236,2528,2430,98,1768,1630,138,4256,4031,225,0,0,0,40,29,11,0,0,0
"Marion County","Marion County, Arkansas","G0500890","0500890","11","05089","05","089",3900,3656,244,2291,2144,147,1609,1512,97,3887,3648,239,0,0,0,10,5,5,27,27,0
"Miller County","Miller County, Arkansas","G0500910","0500910","11","05091","05","091",15330,14366,964,9116,8478,638,6214,5888,326,12422,11751,671,2781,2503,278,98,87,11,86,82,4
"Mississippi County","Mississippi County, Arkansas","G0500930","0500930","11","05093","05","093",21374,19570,1804,11669,10663,1006,9705,8907,798,16746,15671,1075,4431,3733,698,42,35,7,213,160,53
"Monroe County","Monroe County, Arkansas","G0500950","0500950","11","05095","05","095",5041,4628,413,2908,2696,212,2133,1932,201,3511,3320,191,1494,1272,222,0,0,0,87,74,13
"Montgomery County","Montgomery County, Arkansas","G0500970","0500970","11","05097","05","097",2948,2649,299,1808,1644,164,1140,1005,135,2927,2629,298,0,0,0,15,14,1,19,19,0
"Nevada County","Nevada County, Arkansas","G0500990","0500990","11","05099","05","099",3969,3726,243,2397,2259,138,1572,1467,105,3024,2870,154,940,851,89,0,0,0,53,26,27
"Newton County","Newton County, Arkansas","G0501010","0501010","11","05101","05","101",2708,2425,283,1778,1588,190,930,837,93,2676,2408,268,0,0,0,0,0,0,26,22,4
"Ouachita County","Ouachita County, Arkansas","G0501030","0501030","11","05103","05","103",11784,11054,730,6830,6481,349,4954,4573,381,8271,7851,420,3451,3141,310,50,50,0,63,49,14
"Perry County","Perry County, Arkansas","G0501050","0501050","11","05105","05","105",2649,2397,252,1649,1479,170,1000,918,82,2585,2339,246,50,44,6,14,14,0,0,0,0
"Phillips County","Phillips County, Arkansas","G0501070","0501070","11","05107","05","107",11657,10165,1492,6803,5878,925,4854,4287,567,7073,6577,496,4442,3465,977,56,44,12,141,122,19
"Pike County","Pike County, Arkansas","G0501090","0501090","11","05109","05","109",4036,3744,292,2522,2321,201,1514,1423,91,3893,3616,277,113,102,11,30,26,4,0,0,0
"Poinsett County","Poinsett County, Arkansas","G0501110","0501110","11","05111","05","111",11237,10387,850,6529,6095,434,4708,4292,416,10636,9879,757,590,502,88,9,4,5,30,22,8
"Polk County","Polk County, Arkansas","G0501130","0501130","11","05113","05","113",6191,5837,354,3638,3466,172,2553,2371,182,6128,5776,352,0,0,0,33,33,0,50,46,4
"Pope County","Pope County, Arkansas","G0501150","0501150","11","05115","05","115",16977,15735,1242,10016,9291,725,6961,6444,517,16441,15260,1181,305,273,32,150,134,16,57,50,7
"Prairie County","Prairie County, Arkansas","G0501170","0501170","11","05117","05","117",3711,3499,212,2295,2178,117,1416,1321,95,3294,3126,168,402,358,44,0,0,0,26,17,9
"Pulaski County","Pulaski County, Arkansas","G0501190","0501190","11","05119","05","119",159681,151578,8103,85460,81101,4359,74221,70477,3744,125944,120998,4946,31719,28733,2986,696,615,81,1274,1204,70
"Randolph County","Randolph County, Arkansas","G0501210","0501210","11","05121","05","121",6732,5962,770,3871,3410,461,2861,2552,309,6613,5848,765,106,101,5,0,0,0,40,40,0
"St. Francis County","St. Francis County, Arkansas","G0501230","0501230","11","05123","05","123",11241,10141,1100,6446,5915,531,4795,4226,569,7057,6654,403,4057,3376,681,23,23,0,136,102,34
"Saline County","Saline County, Arkansas","G0501250","0501250","11","05125","05","125",23688,22365,1323,14115,13388,727,9573,8977,596,23194,21913,1281,363,334,29,97,84,13,117,105,12
"Scott County","Scott County, Arkansas","G0501270","0501270","11","05127","05","127",3668,3333,335,2195,1978,217,1473,1355,118,3645,3310,335,0,0,0,17,17,0,28,25,3
"Searcy County","Searcy County, Arkansas","G0501290","0501290","11","05129","05","129",3138,2795,343,1892,1661,231,1246,1134,112,3108,2766,342,0,0,0,0,0,0,0,0,0
"Sebastian County","Sebastian County, Arkansas","G0501310","0501310","11","05131","05","131",43624,40841,2783,24762,23265,1497,18862,17576,1286,40416,38012,2404,1904,1651,253,638,581,57,248,227,21
"Sevier County","Sevier County, Arkansas","G0501330","0501330","11","05133","05","133",5877,5461,416,3450,3220,230,2427,2241,186,5525,5138,387,254,232,22,63,56,7,40,40,0
"Sharp County","Sharp County, Arkansas","G0501350","0501350","11","05135","05","135",4738,4229,509,2820,2508,312,1918,1721,197,4629,4133,496,27,27,0,67,62,5,19,11,8
"Stone County","Stone County, Arkansas","G0501370","0501370","11","05137","05","137",3255,2887,368,1938,1663,275,1317,1224,93,3240,2872,368,0,0,0,0,0,0,0,0,0
"Union County","Union County, Arkansas","G0501390","0501390","11","05139","05","139",19286,18139,1147,11536,10846,690,7750,7293,457,14637,14099,538,4555,3954,601,38,30,8,53,53,0
"Van Buren County","Van Buren County, Arkansas","G0501410","0501410","11","05141","05","141",4452,3923,529,2844,2486,358,1608,1437,171,4406,3883,523,8,8,0,13,7,6,39,32,7
"Washington County","Washington County, Arkansas","G0501430","0501430","11","05143","05","143",46039,43680,2359,26589,25401,1188,19450,18279,1171,44551,42338,2213,630,551,79,498,433,65,333,312,21
"White County","White County, Arkansas","G0501450","0501450","11","05145","05","145",20103,18108,1995,11848,10632,1216,8255,7476,779,19295,17423,1872,654,555,99,98,74,24,111,106,5
"Woodruff County","Woodruff County, Arkansas","G0501470","0501470","11","05147","05","147",4079,3836,243,2336,2203,133,1743,1633,110,3094,2961,133,979,869,110,0,0,0,18,13,5
"Yell County","Yell County, Arkansas","G0501490","0501490","11","05149","05","149",6477,6101,376,3886,3660,226,2591,2441,150,6304,5928,376,143,143,0,11,11,0,23,23,0
"Alameda County","Alameda County, California","G0600010","0600010","11","06001","06","001",552621,514727,37894,306714,285392,21322,245907,229335,16572,390588,369329,21259,87863,76558,11305,3918,3427,491,58956,53386,5570
"Alpine County","Alpine County, California","G0600030","0600030","11","06003","06","003",612,568,44,378,348,30,234,220,14,559,520,39,0,0,0,49,44,5,21,21,0
"Amador County","Amador County, California","G0600050","0600050","11","06005","06","005",7677,6849,828,4748,4179,569,2929,2670,259,7475,6673,802,40,40,0,90,75,15,306,250,56
"Butte County","Butte County, California","G0600070","0600070","11","06007","06","007",59755,53462,6293,34477,30870,3607,25278,22592,2686,56157,50527,5630,575,419,156,915,761,154,2916,2408,508
"Calaveras County","Calaveras County, California","G0600090","0600090","11","06009","06","009",8288,7491,797,5200,4630,570,3088,2861,227,7976,7225,751,60,60,0,142,129,13,314,270,44
"Colusa County","Colusa County, California","G0600110","0600110","11","06011","06","011",5541,5089,452,3533,3309,224,2008,1780,228,4530,4238,292,35,35,0,86,71,15,969,838,131
"Contra Costa County","Contra Costa County, California","G0600130","0600130","11","06013","06","013",324216,305313,18903,186784,176138,10646,137432,129175,8257,271864,257901,13963,24665,21686,2979,2423,2138,285,24791,22513,2278
"Del Norte County","Del Norte County, California","G0600150","0600150","11","06015","06","015",7735,6535,1200,4736,3935,801,2999,2600,399,7066,6072,994,21,15,6,403,279,124,476,350,126
"El Dorado County","El Dorado County, California","G0600170","0600170","11","06017","06","017",42310,38311,3999,24835,22325,2510,17475,15986,1489,40413,36611,3802,196,174,22,508,423,85,1993,1780,213
"Fresno County","Fresno County, California","G0600190","0600190","11","06019","06","019",235077,214038,21039,138578,126980,11598,96499,87058,9441,183392,169823,13569,8658,7549,1109,2433,2210,223,59978,50104,9874
"Glenn County","Glenn County, California","G0600210","0600210","11","06021","06","021",9515,8770,745,5763,5331,432,3752,3439,313,8540,7986,554,0,0,0,101,75,26,1023,837,186
"Humboldt County","Humboldt County, California","G0600230","0600230","11","06023","06","023",48991,43020,5971,29091,24925,4166,19900,18095,1805,45608,40250,5358,289,230,59,2076,1630,446,1596,1422,174
"Imperial County","Imperial County, California","G0600250","0600250","11","06025","06","025",37368,33778,3590,22491,20223,2268,14877,13555,1322,22312,20542,1770,1127,1006,121,510,449,61,18891,16440,2451
"Inyo County","Inyo County, California","G0600270","0600270","11","06027","06","027",8182,7691,491,4816,4514,302,3366,3177,189,7453,7106,347,0,0,0,566,422,144,486,452,34
"Kern County","Kern County, California","G0600290","0600290","11","06029","06","029",175679,162190,13489,106078,98893,7185,69601,63297,6304,139569,131264,8305,7193,6433,760,3023,2741,282,35054,29745,5309
"Kings County","Kings County, California","G0600310","0600310","11","06031","06","031",29011,26445,2566,17199,15844,1355,11812,10601,1211,22618,21057,1561,1015,787,228,252,195,57,7620,6546,1074
"Lake County","Lake County, California","G0600330","0600330","11","06033","06","033",11831,10632,1199,7058,6367,691,4773,4265,508,11121,10010,1111,82,71,11,211,188,23,762,625,137
"Lassen County","Lassen County, California","G0600350","0600350","11","06035","06","035",8840,7636,1204,5380,4530,850,3460,3106,354,8286,7122,1164,81,75,6,174,140,34,433,410,23
"Los Angeles County","Los Angeles County, California","G0600370","0600370","11","06037","06","037",3694683,3471764,222919,2109706,1979632,130074,1584977,1492132,92845,2633435,2497513,135922,408987,366545,42442,26441,23939,2502,907085,835264,71821
"Madera County","Madera County, California","G0600390","0600390","11","06039","06","039",26757,24020,2737,16644,14943,1701,10113,9077,1036,21156,19292,1864,615,492,123,467,429,38,6667,5614,1053
"Marin County","Marin County, California","G0600410","0600410","11","06041","06","041",121595,116810,4785,67221,64709,2512,54374,52101,2273,114490,110157,4333,2255,2023,232,484,456,28,4428,4192,236
"Mariposa County","Mariposa County, California","G0600430","0600430","11","06043","06","043",4888,4480,408,2948,2719,229,1940,1761,179,4598,4218,380,58,58,0,126,115,11,233,212,21
"Mendocino County","Mendocino County, California","G0600450","0600450","11","06045","06","045",28913,25588,3325,17432,15064,2368,11481,10524,957,27275,24181,3094,90,74,16,666,548,118,1505,1310,195
"Merced County","Merced County, California","G0600470","0600470","11","06047","06","047",55298,49231,6067,32718,29726,2992,22580,19505,3075,43876,39919,3957,1950,1612,338,487,420,67,13383,10942,2441
"Modoc County","Modoc County, California","G0600490","0600490","11","06049","06","049",3686,3411,275,2307,2078,229,1379,1333,46,3522,3286,236,0,0,0,78,46,32,157,132,25
"Mono County","Mono County, California","G0600510","0600510","11","06051","06","051",5068,4741,327,3126,2947,179,1942,1794,148,4876,4571,305,0,0,0,119,97,22,180,180,0
"Monterey County","Monterey County, California","G0600530","0600530","11","06053","06","053",124740,113412,11328,70270,63959,6311,54470,49453,5017,89311,82663,6648,5561,4813,748,1370,1205,165,30790,25880,4910
"Napa County","Napa County, California","G0600550","0600550","11","06055","06","055",45502,42988,2514,26031,24518,1513,19471,18470,1001,41855,39552,2303,328,300,28,515,490,25,3833,3560,273
"Nevada County","Nevada County, California","G0600570","0600570","11","06057","06","057",21746,19670,2076,12666,11223,1443,9080,8447,633,21193,19178,2015,13,13,0,322,287,35,636,609,27
"Orange County","Orange County, California","G0600590","0600590","11","06059","06","059",1016754,974845,41909,586331,562549,23782,430423,412296,18127,898238,863610,34628,12220,11423,797,8626,8151,475,135703,126313,9390
"Placer County","Placer County, California","G0600610","0600610","11","06061","06","061",54011,49144,4867,32097,29049,3048,21914,20095,1819,50764,46335,4429,222,203,19,631,533,98,3565,3096,469
"Plumas County","Plumas County, California","G0600630","0600630","11","06063","06","063",7722,6419,1303,4707,3834,873,3015,2585,430,7343,6122,1221,73,54,19,207,160,47,249,194,55
"Riverside County","Riverside County, California","G0600650","0600650","11","06065","06","065",276585,257883,18702,162062,151138,10924,114523,106745,7778,231997,217508,14489,11616,10251,1365,3322,2869,453,48414,44115,4299
"Sacramento County","Sacramento County, California","G0600670","0600670","11","06067","06","067",372452,338891,33561,207235,186947,20288,165217,151944,13273,308023,283008,25015,23309,19639,3670,4417,3778,639,31380,26855,4525
"San Benito County","San Benito County, California","G0600690","0600690","11","06069","06","069",11504,9952,1552,6890,6158,732,4614,3794,820,8558,7719,839,21,21,0,223,146,77,5037,3800,1237
"San Bernardino County","San Bernardino County, California","G0600710","0600710","11","06071","06","071",379770,351838,27932,223152,206701,16451,156618,145137,11481,322797,300755,22042,17069,15035,2034,4465,3882,583,63348,57136,6212
"San Diego County","San Diego County, California","G0600730","0600730","11","06073","06","073",813051,756400,56651,458317,425496,32821,354734,330904,23830,683186,639104,44082,37733,33114,4619,6416,5621,795,109178,99102,10076
"San Francisco County","San Francisco County, California","G0600750","0600750","11","06075","06","075",364689,342484,22205,199891,186259,13632,164798,156225,8573,229428,216764,12664,37153,32844,4309,1643,1413,230,41209,37711,3498
"San Joaquin County","San Joaquin County, California","G0600770","0600770","11","06077","06","077",151529,136138,15391,88644,80520,8124,62885,55618,7267,120094,109874,10220,6271,5119,1152,1801,1497,304,25709,21033,4676
"San Luis Obispo County","San Luis Obispo County, California","G0600790","0600790","11","06079","06","079",67399,62740,4659,38948,36327,2621,28451,26413,2038,61995,57847,4148,660,602,58,1007,971,36,5844,5166,678
"San Mateo County","San Mateo County, California","G0600810","0600810","11","06081","06","081",324982,313558,11424,180444,173693,6751,144538,139865,4673,260306,251920,8386,18176,16928,1248,1230,1166,64,37651,35663,1988
"Santa Barbara County","Santa Barbara County, California","G0600830","0600830","11","06083","06","083",145949,137469,8480,82592,78067,4525,63357,59402,3955,124860,118086,6774,3251,3000,251,1587,1451,136,25328,23258,2070
"Santa Clara County","Santa Clara County, California","G0600850","0600850","11","06085","06","085",692352,661063,31289,391967,375357,16610,300385,285706,14679,560690,538431,22259,21960,20406,1554,5070,4626,444,104719,94808,9911
"Santa Cruz County","Santa Cruz County, California","G0600870","0600870","11","06087","06","087",92038,84750,7288,52845,48735,4110,39193,36015,3178,82033,76059,5974,769,669,100,849,756,93,12530,10436,2094
"Shasta County","Shasta County, California","G0600890","0600890","11","06089","06","089",48754,42014,6740,28934,24268,4666,19820,17746,2074,46844,40539,6305,289,228,61,1018,692,326,1257,1036,221
"Sierra County","Sierra County, California","G0600910","0600910","11","06091","06","091",1429,1261,168,865,739,126,564,522,42,1405,1239,166,0,0,0,14,14,0,67,62,5
"Siskiyou County","Siskiyou County, California","G0600930","0600930","11","06093","06","093",16995,14701,2294,10588,9001,1587,6407,5700,707,15834,13820,2014,194,117,77,643,485,158,751,650,101
"Solano County","Solano County, California","G0600950","0600950","11","06095","06","095",98927,90279,8648,56188,51881,4307,42739,38398,4341,75331,69270,6061,10453,9151,1302,1080,979,101,9403,8135,1268
"Sonoma County","Sonoma County, California","G0600970","0600970","11","06097","06","097",139955,130089,9866,80671,74599,6072,59284,55490,3794,130542,121657,8885,1410,1262,148,1607,1356,251,9321,8415,906
"Stanislaus County","Stanislaus County, California","G0600990","0600990","11","06099","06","099",121256,105892,15364,71039,63740,7299,50217,42152,8065,107537,95196,12341,1379,1120,259,1934,1578,356,16668,12448,4220
"Sutter County","Sutter County, California","G0601010","0601010","11","06101","06","101",23302,20169,3133,13944,12304,1640,9358,7865,1493,19763,17538,2225,134,115,19,302,252,50,2436,1837,599
"Tehama County","Tehama County, California","G0601030","0601030","11","06103","06","103",15560,13746,1814,9709,8564,1145,5851,5182,669,14816,13149,1667,22,22,0,285,223,62,850,733,117
"Trinity County","Trinity County, California","G0601050","0601050","11","06105","06","105",4686,3862,824,2955,2359,596,1731,1503,228,4453,3680,773,0,0,0,198,147,51,73,73,0
"Tulare County","Tulare County, California","G0601070","0601070","11","06107","06","107",103825,94897,8928,62856,57598,5258,40969,37299,3670,79582,74503,5079,1136,938,198,1121,974,147,27872,23665,4207
"Tuolumne County","Tuolumne County, California","G0601090","0601090","11","06109","06","109",13747,12030,1717,8249,7159,1090,5498,4871,627,13287,11610,1677,22,17,5,225,196,29,600,530,70
"Ventura County","Ventura County, California","G0601110","0601110","11","06111","06","111",249037,235481,13556,146014,139071,6943,103023,96410,6613,208721,198396,10325,4988,4574,414,2652,2349,303,48871,44841,4030
"Yolo County","Yolo County, California","G0601130","0601130","11","06113","06","113",54234,49195,5039,30728,27931,2797,23506,21264,2242,46254,42448,3806,857,763,94,530,418,112,8143,6507,1636
"Yuba County","Yuba County, California","G0601150","0601150","11","06115","06","115",17456,14555,2901,9908,8234,1674,7548,6321,1227,15035,12637,2398,531,352,179,442,325,117,1541,1231,310
"Adams County","Adams County, Colorado","G0800010","0800010","11","08001","08","001",127052,120922,6130,72054,68582,3472,54998,52340,2658,114527,109256,5271,2911,2697,214,928,835,93,17435,16263,1172
"Alamosa County","Alamosa County, Colorado","G0800030","0800030","11","08003","08","003",5289,4984,305,3068,2917,151,2221,2067,154,4313,4109,204,20,20,0,48,42,6,1582,1426,156
"Arapahoe County","Arapahoe County, Colorado","G0800050","0800050","11","08005","08","005",156277,151451,4826,89181,86629,2552,67096,64822,2274,146682,142334,4348,4353,4117,236,759,685,74,6334,6019,315
"Archuleta County","Archuleta County, Colorado","G0800070","0800070","11","08007","08","007",1619,1460,159,986,868,118,633,592,41,1383,1277,106,0,0,0,0,0,0,454,360,94
"Baca County","Baca County, Colorado","G0800090","0800090","11","08009","08","009",2315,2278,37,1510,1489,21,805,789,16,2223,2192,31,0,0,0,0,0,0,125,121,4
"Bent County","Bent County, Colorado","G0800110","0800110","11","08011","08","011",2372,2214,158,1351,1255,96,1021,959,62,2062,1944,118,0,0,0,21,21,0,525,469,56
"Boulder County","Boulder County, Colorado","G0800130","0800130","11","08013","08","013",103542,99162,4380,59995,57474,2521,43547,41688,1859,98669,94620,4049,919,865,54,534,489,45,4620,4275,345
"Chaffee County","Chaffee County, Colorado","G0800150","0800150","11","08015","08","015",5409,5033,376,3415,3194,221,1994,1839,155,5306,4945,361,0,0,0,23,16,7,357,328,29
"Cheyenne County","Cheyenne County, Colorado","G0800170","0800170","11","08017","08","017",934,922,12,587,583,4,347,339,8,934,922,12,0,0,0,0,0,0,16,16,0
"Clear Creek County","Clear Creek County, Colorado","G0800190","0800190","11","08019","08","019",4087,3926,161,2583,2511,72,1504,1415,89,4004,3851,153,0,0,0,27,27,0,105,97,8
"Conejos County","Conejos County, Colorado","G0800210","0800210","11","08021","08","021",2535,2187,348,1634,1395,239,901,792,109,1679,1517,162,0,0,0,25,22,3,1416,1111,305
"Costilla County","Costilla County, Colorado","G0800230","0800230","11","08023","08","023",964,865,99,624,556,68,340,309,31,798,712,86,0,0,0,0,0,0,679,591,88
"Crowley County","Crowley County, Colorado","G0800250","0800250","11","08025","08","025",1072,996,76,671,636,35,401,360,41,976,917,59,0,0,0,0,0,0,196,153,43
"Custer County","Custer County, Colorado","G0800270","0800270","11","08027","08","027",633,577,56,389,352,37,244,225,19,615,563,52,0,0,0,0,0,0,0,0,0
"Delta County","Delta County, Colorado","G0800290","0800290","11","08029","08","029",8139,7555,584,5170,4875,295,2969,2680,289,7905,7355,550,0,0,0,73,39,34,584,545,39
"Denver County","Denver County, Colorado","G0800310","0800310","11","08031","08","031",257720,244838,12882,140707,132982,7725,117013,111856,5157,206105,197460,8645,27951,25677,2274,1897,1670,227,38456,35051,3405
"Dolores County","Dolores County, Colorado","G0800330","0800330","11","08033","08","033",678,657,21,456,446,10,222,211,11,642,621,21,0,0,0,20,20,0,22,22,0
"Douglas County","Douglas County, Colorado","G0800350","0800350","11","08035","08","035",12475,12170,305,7608,7436,172,4867,4734,133,12305,12008,297,38,38,0,26,18,8,293,288,5
"Eagle County","Eagle County, Colorado","G0800370","0800370","11","08037","08","037",8963,8312,651,5357,5000,357,3606,3312,294,8548,7944,604,0,0,0,0,0,0,621,552,69
"Elbert County","Elbert County, Colorado","G0800390","0800390","11","08039","08","039",2991,2863,128,1884,1814,70,1107,1049,58,2883,2765,118,0,0,0,72,62,10,61,61,0
"El Paso County","El Paso County, Colorado","G0800410","0800410","11","08041","08","041",130297,120385,9912,71273,66061,5212,59024,54324,4700,117688,109367,8321,5546,4693,853,815,730,85,9584,8432,1152
"Fremont County","Fremont County, Colorado","G0800430","0800430","11","08043","08","043",10477,9724,753,6156,5662,494,4321,4062,259,10228,9503,725,6,6,0,53,48,5,765,712,53
"Garfield County","Garfield County, Colorado","G0800450","0800450","11","08045","08","045",11363,10894,469,6998,6706,292,4365,4188,177,11085,10646,439,0,0,0,74,70,4,530,506,24
"Gilpin County","Gilpin County, Colorado","G0800470","0800470","11","08047","08","047",1312,1209,103,805,732,73,507,477,30,1293,1190,103,0,0,0,0,0,0,31,31,0
"Grand County","Grand County, Colorado","G0800490","0800490","11","08049","08","049",4297,4160,137,2545,2441,104,1752,1719,33,4231,4099,132,0,0,0,36,36,0,58,53,5
"Gunnison County","Gunnison County, Colorado","G0800510","0800510","11","08051","08","051",5766,5546,220,3386,3246,140,2380,2300,80,5682,5462,220,0,0,0,29,29,0,148,148,0
"Hinsdale County","Hinsdale County, Colorado","G0800530","0800530","11","08053","08","053",261,249,12,153,147,6,108,102,6,261,249,12,0,0,0,0,0,0,0,0,0
"Huerfano County","Huerfano County, Colorado","G0800550","0800550","11","08055","08","055",2204,2037,167,1343,1249,94,861,788,73,1984,1839,145,13,13,0,0,0,0,771,672,99
"Jackson County","Jackson County, Colorado","G0800570","0800570","11","08057","08","057",968,899,69,611,560,51,357,339,18,960,891,69,0,0,0,0,0,0,19,16,3
"Jefferson County","Jefferson County, Colorado","G0800590","0800590","11","08059","08","059",197077,190018,7059,114412,110356,4056,82665,79662,3003,190419,183621,6798,922,870,52,888,861,27,9090,8643,447
"Kiowa County","Kiowa County, Colorado","G0800610","0800610","11","08061","08","061",916,897,19,607,591,16,309,306,3,912,893,19,0,0,0,0,0,0,6,6,0
"Kit Carson County","Kit Carson County, Colorado","G0800630","0800630","11","08063","08","063",3665,3546,119,2238,2185,53,1427,1361,66,3598,3479,119,0,0,0,23,23,0,114,101,13
"Lake County","Lake County, Colorado","G0800650","0800650","11","08065","08","065",4582,4332,250,2994,2852,142,1588,1480,108,3951,3745,206,0,0,0,37,30,7,934,855,79
"La Plata County","La Plata County, Colorado","G0800670","0800670","11","08067","08","067",13288,12285,1003,7599,6986,613,5689,5299,390,12272,11377,895,0,0,0,378,313,65,1308,1158,150
"Larimer County","Larimer County, Colorado","G0800690","0800690","11","08069","08","069",76166,72149,4017,43771,41459,2312,32395,30690,1705,72785,69100,3685,236,217,19,477,429,48,3992,3623,369
"Las Animas County","Las Animas County, Colorado","G0800710","0800710","11","08071","08","071",5503,5278,225,3435,3289,146,2068,1989,79,5112,4909,203,8,8,0,5,5,0,1988,1870,118
"Lincoln County","Lincoln County, Colorado","G0800730","0800730","11","08073","08","073",2100,2016,84,1329,1273,56,771,743,28,2078,1994,84,0,0,0,0,0,0,12,12,0
"Logan County","Logan County, Colorado","G0800750","0800750","11","08075","08","075",9594,9351,243,5698,5579,119,3896,3772,124,9237,9008,229,32,26,6,5,5,0,491,456,35
"Mesa County","Mesa County, Colorado","G0800770","0800770","11","08077","08","077",38987,37165,1822,22976,21950,1026,16011,15215,796,37335,35638,1697,72,62,10,287,249,38,2457,2261,196
"Mineral County","Mineral County, Colorado","G0800790","0800790","11","08079","08","079",393,384,9,274,267,7,119,117,2,393,384,9,0,0,0,0,0,0,0,0,0
"Moffat County","Moffat County, Colorado","G0800810","0800810","11","08081","08","081",6663,6256,407,4268,4023,245,2395,2233,162,6519,6130,389,0,0,0,17,17,0,282,257,25
"Montezuma County","Montezuma County, Colorado","G0800830","0800830","11","08083","08","083",7140,6618,522,4223,3938,285,2917,2680,237,6445,6032,413,0,0,0,528,447,81,541,499,42
"Montrose County","Montrose County, Colorado","G0800850","0800850","11","08085","08","085",10912,10193,719,6658,6255,403,4254,3938,316,10493,9869,624,0,0,0,59,59,0,980,841,139
"Morgan County","Morgan County, Colorado","G0800870","0800870","11","08087","08","087",9911,9555,356,6121,5937,184,3790,3618,172,9569,9255,314,10,10,0,37,37,0,1034,920,114
"Otero County","Otero County, Colorado","G0800890","0800890","11","08089","08","089",8836,8230,606,5264,4852,412,3572,3378,194,7539,7105,434,35,29,6,34,27,7,2531,2147,384
"Ouray County","Ouray County, Colorado","G0800910","0800910","11","08091","08","091",884,838,46,539,513,26,345,325,20,871,827,44,0,0,0,0,0,0,33,33,0
"Park County","Park County, Colorado","G0800930","0800930","11","08093","08","093",2541,2383,158,1558,1492,66,983,891,92,2510,2352,158,0,0,0,10,10,0,40,33,7
"Phillips County","Phillips County, Colorado","G0800950","0800950","11","08095","08","095",2064,2021,43,1264,1239,25,800,782,18,2048,2008,40,0,0,0,0,0,0,26,23,3
"Pitkin County","Pitkin County, Colorado","G0800970","0800970","11","08097","08","097",7375,6977,398,4262,4030,232,3113,2947,166,7284,6913,371,21,12,9,33,33,0,117,110,7
"Prowers County","Prowers County, Colorado","G0800990","0800990","11","08099","08","099",5635,5429,206,3326,3214,112,2309,2215,94,5367,5181,186,7,7,0,20,20,0,802,747,55
"Pueblo County","Pueblo County, Colorado","G0801010","0801010","11","08101","08","101",52803,48473,4330,31606,29099,2507,21197,19374,1823,46239,42828,3411,933,826,107,332,261,71,15154,13285,1869
"Rio Blanco County","Rio Blanco County, Colorado","G0801030","0801030","11","08103","08","103",3157,3074,83,2028,1987,41,1129,1087,42,3087,3008,79,0,0,0,37,33,4,69,69,0
"Rio Grande County","Rio Grande County, Colorado","G0801050","0801050","11","08105","08","105",4282,4009,273,2660,2536,124,1622,1473,149,3521,3389,132,0,0,0,4,0,4,1450,1280,170
"Routt County","Routt County, Colorado","G0801070","0801070","11","08107","08","107",7785,7384,401,4873,4643,230,2912,2741,171,7627,7236,391,0,0,0,55,55,0,215,162,53
"Saguache County","Saguache County, Colorado","G0801090","0801090","11","08109","08","109",1581,1447,134,1034,957,77,547,490,57,1211,1154,57,0,0,0,13,10,3,548,463,85
"San Juan County","San Juan County, Colorado","G0801110","0801110","11","08111","08","111",420,384,36,275,263,12,145,121,24,403,367,36,0,0,0,0,0,0,45,40,5
"San Miguel County","San Miguel County, Colorado","G0801130","0801130","11","08113","08","113",1782,1656,126,1101,1002,99,681,654,27,1733,1624,109,0,0,0,25,15,10,45,38,7
"Sedgwick County","Sedgwick County, Colorado","G0801150","0801150","11","08115","08","115",1447,1427,20,901,894,7,546,533,13,1377,1362,15,0,0,0,0,0,0,119,114,5
"Summit County","Summit County, Colorado","G0801170","0801170","11","08117","08","117",6339,6080,259,3800,3597,203,2539,2483,56,6255,6007,248,0,0,0,19,17,2,113,106,7
"Teller County","Teller County, Colorado","G0801190","0801190","11","08119","08","119",3658,3364,294,2246,2066,180,1412,1298,114,3619,3325,294,0,0,0,19,19,0,48,43,5
"Washington County","Washington County, Colorado","G0801210","0801210","11","08121","08","121",2305,2256,49,1475,1451,24,830,805,25,2299,2250,49,0,0,0,0,0,0,29,29,0
"Weld County","Weld County, Colorado","G0801230","0801230","11","08123","08","123",57514,53734,3780,33858,31601,2257,23656,22133,1523,52723,49640,3083,228,202,26,264,257,7,7687,6516,1171
"Yuma County","Yuma County, Colorado","G0801250","0801250","11","08125","08","125",4415,4333,82,2708,2682,26,1707,1651,56,4310,4235,75,0,0,0,15,10,5,103,96,7
"Fairfield County","Fairfield County, Connecticut","G0900010","0900010","11","09001","09","001",404743,388636,16107,232799,223738,9061,171944,164898,7046,366364,353332,13032,28887,26429,2458,572,518,54,18204,16813,1391
"Hartford County","Hartford County, Connecticut","G0900030","0900030","11","09003","09","003",418166,400767,17399,231504,221516,9988,186662,179251,7411,377140,363394,13746,31108,28490,2618,547,507,40,14033,12461,1572
"Litchfield County","Litchfield County, Connecticut","G0900050","0900050","11","09005","09","005",79464,75849,3615,45279,43232,2047,34185,32617,1568,78524,74967,3557,542,518,24,99,91,8,492,476,16
"Middlesex County","Middlesex County, Connecticut","G0900070","0900070","11","09007","09","007",66975,64388,2587,37750,36401,1349,29225,27987,1238,64093,61776,2317,2241,1989,252,150,150,0,857,831,26
"New Haven County","New Haven County, Connecticut","G0900090","0900090","11","09009","09","009",375549,353971,21578,209735,197748,11987,165814,156223,9591,340568,323373,17195,28005,24346,3659,490,441,49,10215,9160,1055
"New London County","New London County, Connecticut","G0900110","0900110","11","09011","09","011",106619,100719,5900,61722,58731,2991,44897,41988,2909,101534,96168,5366,3519,3123,396,366,312,54,1326,1177,149
"Tolland County","Tolland County, Connecticut","G0900130","0900130","11","09013","09","013",58581,56128,2453,33211,31755,1456,25370,24373,997,57415,54995,2420,600,576,24,61,61,0,460,410,50
"Windham County","Windham County, Connecticut","G0900150","0900150","11","09015","09","015",44713,41851,2862,25121,23396,1725,19592,18455,1137,43942,41155,2787,196,177,19,105,86,19,682,627,55
"Kent County","Kent County, Delaware","G1000010","1000010","11","10001","10","001",42100,38744,3356,22782,21000,1782,19318,17744,1574,34351,31930,2421,6996,6110,886,172,154,18,513,431,82
"New Castle County","New Castle County, Delaware","G1000030","1000030","11","10003","10","003",193657,182132,11525,110010,103719,6291,83647,78413,5234,165482,157024,8458,25487,22658,2829,246,232,14,2396,2170,226
"Sussex County","Sussex County, Delaware","G1000050","1000050","11","10005","10","005",44680,41933,2747,25556,24092,1464,19124,17841,1283,36675,34808,1867,7399,6547,852,313,297,16,342,308,34
"District Of Columbia","District Of Columbia, District Of Columbia","G1100010","1100010","11","11001","11","001",319738,298107,21631,156353,144610,11743,163385,153497,9888,103196,100044,3152,207352,189333,18019,552,502,50,10664,10007,657
"Alachua County","Alachua County, Florida","G1200010","1200010","11","12001","12","001",70583,66783,3800,37991,36119,1872,32592,30664,1928,57625,55171,2454,11741,10478,1263,155,155,0,1600,1451,149
"Baker County","Baker County, Florida","G1200030","1200030","11","12003","12","003",5713,5401,312,3330,3173,157,2383,2228,155,5037,4812,225,660,580,80,0,0,0,16,16,0
"Bay County","Bay County, Florida","G1200050","1200050","11","12005","12","005",39179,36356,2823,21769,20434,1335,17410,15922,1488,34460,32201,2259,3974,3536,438,299,265,34,491,437,54
"Bradford County","Bradford County, Florida","G1200070","1200070","11","12007","12","007",7258,6704,554,4396,4137,259,2862,2567,295,6084,5698,386,1124,963,161,7,0,7,50,50,0
"Brevard County","Brevard County, Florida","G1200090","1200090","11","12009","12","009",121034,113941,7093,69721,66269,3452,51313,47672,3641,110318,104353,5965,9080,8147,933,396,325,71,2216,2070,146
"Broward County","Broward County, Florida","G1200110","1200110","11","12011","12","011",456205,436227,19978,258567,248015,10552,197638,188212,9426,399906,383825,16081,50730,47190,3540,792,707,85,19689,18595,1094
"Calhoun County","Calhoun County, Florida","G1200130","1200130","11","12013","12","013",3311,3028,283,1987,1856,131,1324,1172,152,2908,2671,237,377,331,46,26,26,0,20,20,0
"Charlotte County","Charlotte County, Florida","G1200150","1200150","11","12015","12","015",18625,17655,970,10314,9737,577,8311,7918,393,17999,17058,941,400,384,16,72,65,7,252,252,0
"Citrus County","Citrus County, Florida","G1200170","1200170","11","12017","12","017",16779,15447,1332,9764,9072,692,7015,6375,640,15983,14757,1226,681,591,90,67,51,16,207,180,27
"Clay County","Clay County, Florida","G1200190","1200190","11","12019","12","019",26636,25020,1616,15227,14431,796,11409,10589,820,25096,23611,1485,1238,1125,113,60,46,14,398,368,30
"Collier County","Collier County, Florida","G1200210","1200210","11","12021","12","021",36273,34889,1384,21250,20504,746,15023,14385,638,32771,31708,1063,1349,1240,109,113,100,13,3612,3344,268
"Columbia County","Columbia County, Florida","G1200230","1200230","11","12023","12","023",15078,14251,827,8533,8135,398,6545,6116,429,12481,11967,514,2506,2193,313,36,36,0,150,132,18
"Dade County","Dade County, Florida","G1200250","1200250","11","12025","12","025",781308,742632,38676,427036,408628,18408,354272,334004,20268,612431,585795,26636,125099,116024,9075,1054,957,97,296135,279182,16953
"De Soto County","De Soto County, Florida","G1200270","1200270","11","12027","12","027",6948,6673,275,3883,3743,140,3065,2930,135,5564,5386,178,1217,1140,77,26,20,6,222,208,14
"Dixie County","Dixie County, Florida","G1200290","1200290","11","12029","12","029",2668,2465,203,1717,1590,127,951,875,76,2397,2212,185,271,253,18,0,0,0,10,10,0
"Duval County","Duval County, Florida","G1200310","1200310","11","12031","12","031",255947,241222,14725,140872,133021,7851,115075,108201,6874,199122,189997,9125,52814,47482,5332,977,884,93,3976,3731,245
"Escambia County","Escambia County, Florida","G1200330","1200330","11","12033","12","033",93168,86170,6998,52316,48754,3562,40852,37416,3436,74671,70161,4510,16162,13929,2233,1126,997,129,1262,1148,114
"Flagler County","Flagler County, Florida","G1200350","1200350","11","12035","12","035",4148,3861,287,2406,2261,145,1742,1600,142,3644,3404,240,466,419,47,0,0,0,45,45,0
"Franklin County","Franklin County, Florida","G1200370","1200370","11","12037","12","037",3040,2815,225,1794,1648,146,1246,1167,79,2602,2418,184,406,365,41,30,30,0,75,66,9
"Gadsden County","Gadsden County, Florida","G1200390","1200390","11","12039","12","039",15524,14420,1104,8168,7573,595,7356,6847,509,7266,7024,242,8203,7348,855,0,0,0,141,136,5
"Gilchrist County","Gilchrist County, Florida","G1200410","1200410","11","12041","12","041",2195,2103,92,1328,1282,46,867,821,46,2091,2008,83,0,0,0,0,0,0,12,10,2
"Glades County","Glades County, Florida","G1200430","1200430","11","12043","12","043",2207,2098,109,1372,1322,50,835,776,59,1727,1647,80,295,266,29,115,115,0,115,112,3
"Gulf County","Gulf County, Florida","G1200450","1200450","11","12045","12","045",3884,3609,275,2473,2318,155,1411,1291,120,3271,3068,203,605,533,72,0,0,0,29,29,0
"Hamilton County","Hamilton County, Florida","G1200470","1200470","11","12047","12","047",3389,3162,227,1968,1860,108,1421,1302,119,2226,2136,90,1144,1007,137,11,11,0,14,14,0
"Hardee County","Hardee County, Florida","G1200490","1200490","11","12049","12","049",8100,7429,671,4884,4544,340,3216,2885,331,6960,6430,530,520,470,50,20,20,0,1210,960,250
"Hendry County","Hendry County, Florida","G1200510","1200510","11","12051","12","051",7923,7518,405,4736,4499,237,3187,3019,168,6243,5976,267,1240,1155,85,7,7,0,1080,1001,79
"Hernando County","Hernando County, Florida","G1200530","1200530","11","12053","12","053",14528,13641,887,8482,8009,473,6046,5632,414,13323,12528,795,1131,1039,92,41,41,0,176,173,3
"Highlands County","Highlands County, Florida","G1200550","1200550","11","12055","12","055",16770,15857,913,9670,9292,378,7100,6565,535,13710,13084,626,2626,2362,264,174,174,0,642,595,47
"Hillsborough County","Hillsborough County, Florida","G1200570","1200570","11","12057","12","057",296562,281232,15330,166847,158899,7948,129715,122333,7382,258431,246589,11842,32565,29459,3106,835,766,69,30296,28811,1485
"Holmes County","Holmes County, Florida","G1200590","1200590","11","12059","12","059",5339,4957,382,3218,3011,207,2121,1946,175,5203,4821,382,96,96,0,40,40,0,26,26,0
"Indian River County","Indian River County, Florida","G1200610","1200610","11","12061","12","061",24850,23675,1175,14054,13491,563,10796,10184,612,21344,20490,854,3117,2800,317,57,57,0,533,533,0
"Jackson County","Jackson County, Florida","G1200630","1200630","11","12063","12","063",15315,14551,764,8609,8206,403,6706,6345,361,11938,11490,448,3305,2989,316,24,24,0,100,90,10
"Jefferson County","Jefferson County, Florida","G1200650","1200650","11","12065","12","065",4351,4024,327,2416,2274,142,1935,1750,185,2566,2490,76,1747,1501,246,0,0,0,0,0,0
"Lafayette County","Lafayette County, Florida","G1200670","1200670","11","12067","12","067",1517,1456,61,980,963,17,537,493,44,1420,1381,39,94,75,19,0,0,0,14,14,0
"Lake County","Lake County, Florida","G1200690","1200690","11","12069","12","069",39585,37625,1960,22498,21641,857,17087,15984,1103,33440,32066,1374,5379,4868,511,129,96,33,914,848,66
"Lee County","Lee County, Florida","G1200710","1200710","11","12071","12","071",82323,78823,3500,46376,44299,2077,35947,34524,1423,74954,72096,2858,5993,5514,479,212,204,8,2273,2051,222
"Leon County","Leon County, Florida","G1200730","1200730","11","12073","12","073",77016,73593,3423,40268,38317,1951,36748,35276,1472,59933,57993,1940,16035,14611,1424,199,171,28,980,943,37
"Levy County","Levy County, Florida","G1200750","1200750","11","12075","12","075",7291,6821,470,4359,4107,252,2932,2714,218,6022,5704,318,1219,1069,150,9,7,2,78,75,3
"Liberty County","Liberty County, Florida","G1200770","1200770","11","12077","12","077",1822,1726,96,1007,933,74,815,793,22,1684,1614,70,138,112,26,0,0,0,0,0,0
"Madison County","Madison County, Florida","G1200790","1200790","11","12079","12","079",5804,5373,431,3404,3231,173,2400,2142,258,3834,3680,154,1963,1686,277,0,0,0,29,27,2
"Manatee County","Manatee County, Florida","G1200810","1200810","11","12081","12","081",56626,54010,2616,31224,29817,1407,25402,24193,1209,50254,48206,2048,5663,5154,509,119,114,5,1342,1235,107
"Marion County","Marion County, Florida","G1200830","1200830","11","12083","12","083",46567,43511,3056,26449,24946,1503,20118,18565,1553,39330,36975,2355,6938,6279,659,139,121,18,846,783,63
"Martin County","Martin County, Florida","G1200850","1200850","11","12085","12","085",25189,24424,765,14781,14403,378,10408,10021,387,22347,21661,686,1843,1784,59,41,41,0,1096,1066,30
"Monroe County","Monroe County, Florida","G1200870","1200870","11","12087","12","087",27724,26515,1209,16029,15357,672,11695,11158,537,25386,24236,1150,1658,1615,43,220,220,0,3001,2778,223
"Nassau County","Nassau County, Florida","G1200890","1200890","11","12089","12","089",14044,13300,744,8720,8273,447,5324,5027,297,12257,11711,546,1730,1538,192,43,37,6,226,215,11
"Okaloosa County","Okaloosa County, Florida","G1200910","1200910","11","12091","12","091",40838,37391,3447,21827,20259,1568,19011,17132,1879,37088,34257,2831,2706,2273,433,179,138,41,639,515,124
"Okeechobee County","Okeechobee County, Florida","G1200930","1200930","11","12093","12","093",7625,7293,332,4874,4754,120,2751,2539,212,6730,6459,271,607,546,61,29,29,0,441,441,0
"Orange County","Orange County, Florida","G1200950","1200950","11","12095","12","095",225975,215888,10087,125501,120264,5237,100474,95624,4850,191678,184092,7586,29601,27377,2224,728,653,75,9125,8399,726
"Osceola County","Osceola County, Florida","G1200970","1200970","11","12097","12","097",21311,20262,1049,11797,11237,560,9514,9025,489,19659,18727,932,1185,1119,66,183,150,33,455,420,35
"Palm Beach County","Palm Beach County, Florida","G1200990","1200990","11","12099","12","099",249377,239758,9619,141713,136875,4838,107664,102883,4781,209354,202082,7272,35170,33074,2096,454,430,24,14202,13551,651
"Pasco County","Pasco County, Florida","G1201010","1201010","11","12101","12","101",58579,54423,4156,33694,31599,2095,24885,22824,2061,55920,52056,3864,1541,1305,236,271,251,20,1884,1794,90
"Pinellas County","Pinellas County, Florida","G1201030","1201030","11","12103","12","103",292283,278153,14130,158623,151315,7308,133660,126838,6822,265018,253075,11943,24280,22268,2012,737,668,69,4580,4371,209
"Polk County","Polk County, Florida","G1201050","1201050","11","12105","12","105",140927,134113,6814,82420,79190,3230,58507,54923,3584,117790,112624,5166,19841,18375,1466,475,422,53,4390,4096,294
"Putnam County","Putnam County, Florida","G1201070","1201070","11","12107","12","107",18573,17216,1357,10904,10264,640,7669,6952,717,15040,14059,981,3445,3084,361,57,42,15,196,189,7
"St. Johns County","St. Johns County, Florida","G1201090","1201090","11","12109","12","109",22148,21060,1088,12441,11834,607,9707,9226,481,19268,18487,781,2723,2440,283,53,44,9,682,676,6
"St. Lucie County","St. Lucie County, Florida","G1201110","1201110","11","12111","12","111",36053,34086,1967,21027,20000,1027,15026,14086,940,28227,27058,1169,7473,6679,794,138,134,4,674,655,19
"Santa Rosa County","Santa Rosa County, Florida","G1201130","1201130","11","12113","12","113",21961,20238,1723,13092,12367,725,8869,7871,998,20702,19170,1532,847,718,129,176,133,43,221,212,9
"Sarasota County","Sarasota County, Florida","G1201150","1201150","11","12115","12","115",77920,74700,3220,42605,41008,1597,35315,33692,1623,72688,69868,2820,4463,4105,358,148,131,17,1404,1333,71
"Seminole County","Seminole County, Florida","G1201170","1201170","11","12117","12","117",86174,82316,3858,48939,46910,2029,37235,35406,1829,78130,74817,3313,6682,6221,461,188,181,7,2522,2368,154
"Sumter County","Sumter County, Florida","G1201190","1201190","11","12119","12","119",9251,8643,608,5355,5100,255,3896,3543,353,7611,7191,420,1528,1358,170,56,42,14,117,106,11
"Suwannee County","Suwannee County, Florida","G1201210","1201210","11","12121","12","121",8814,8350,464,5154,4905,249,3660,3445,215,7362,7017,345,1390,1276,114,0,0,0,93,88,5
"Taylor County","Taylor County, Florida","G1201230","1201230","11","12123","12","123",7168,6641,527,3992,3774,218,3176,2867,309,5902,5579,323,1219,1032,187,9,0,9,16,9,7
"Union County","Union County, Florida","G1201250","1201250","11","12125","12","125",2657,2496,161,1558,1477,81,1099,1019,80,2244,2109,135,393,367,26,6,6,0,32,32,0
"Volusia County","Volusia County, Florida","G1201270","1201270","11","12127","12","127",102437,96113,6324,56791,53436,3355,45646,42677,2969,90224,84965,5259,11017,10036,981,363,318,45,1696,1568,128
"Wakulla County","Wakulla County, Florida","G1201290","1201290","11","12129","12","129",4753,4438,315,2674,2505,169,2079,1933,146,4108,3838,270,634,593,41,0,0,0,39,35,4
"Walton County","Walton County, Florida","G1201310","1201310","11","12131","12","131",7434,6999,435,4443,4249,194,2991,2750,241,6730,6361,369,618,555,63,72,69,3,36,36,0
"Washington County","Washington County, Florida","G1201330","1201330","11","12133","12","133",5061,4760,301,2987,2815,172,2074,1945,129,4319,4106,213,679,601,78,46,36,10,23,23,0
"Appling County","Appling County, Georgia","G1300010","1300010","11","13001","13","001",6275,5920,355,3774,3606,168,2501,2314,187,5187,4923,264,1072,981,91,0,0,0,46,39,7
"Atkinson County","Atkinson County, Georgia","G1300030","1300030","11","13003","13","003",2219,2082,137,1360,1311,49,859,771,88,1639,1539,100,0,0,0,0,0,0,19,19,0
"Bacon County","Bacon County, Georgia","G1300050","1300050","11","13005","13","005",3904,3651,253,2175,2067,108,1729,1584,145,3496,3339,157,376,280,96,0,0,0,22,22,0
"Baker County","Baker County, Georgia","G1300070","1300070","11","13007","13","007",1547,1457,90,915,878,37,632,579,53,860,842,18,0,0,0,0,0,0,0,0,0
"Baldwin County","Baldwin County, Georgia","G1300090","1300090","11","13009","13","009",14329,13603,726,7368,7024,344,6961,6579,382,9790,9440,350,4473,4097,376,35,35,0,175,175,0
"Banks County","Banks County, Georgia","G1300110","1300110","11","13011","13","011",4145,3917,228,2415,2294,121,1730,1623,107,3925,3737,188,0,0,0,0,0,0,0,0,0
"Barrow County","Barrow County, Georgia","G1300130","1300130","11","13013","13","013",9639,9254,385,5478,5292,186,4161,3962,199,8320,8013,307,1295,1217,78,0,0,0,60,60,0
"Bartow County","Bartow County, Georgia","G1300150","1300150","11","13015","13","015",19079,18049,1030,10688,10162,526,8391,7887,504,16941,16088,853,2072,1895,177,38,38,0,133,114,19
"Ben Hill County","Ben Hill County, Georgia","G1300170","1300170","11","13017","13","017",6310,5945,365,3483,3311,172,2827,2634,193,4691,4444,247,0,0,0,0,0,0,13,13,0
"Berrien County","Berrien County, Georgia","G1300190","1300190","11","13019","13","019",6013,5721,292,3391,3255,136,2622,2466,156,5355,5128,227,635,578,57,0,0,0,89,66,23
"Bibb County","Bibb County, Georgia","G1300210","1300210","11","13021","13","021",66350,61650,4700,35747,33563,2184,30603,28087,2516,44118,42420,1698,21842,18873,2969,104,89,15,336,299,37
"Bleckley County","Bleckley County, Georgia","G1300230","1300230","11","13023","13","023",4590,4307,283,2446,2313,133,2144,1994,150,3621,3428,193,905,815,90,14,14,0,10,10,0
"Brantley County","Brantley County, Georgia","G1300250","1300250","11","13025","13","025",3500,3275,225,2152,2002,150,1348,1273,75,3355,3145,210,0,0,0,0,0,0,11,11,0
"Brooks County","Brooks County, Georgia","G1300270","1300270","11","13027","13","027",5736,5418,318,3304,3134,170,2432,2284,148,3482,3410,72,2215,1974,241,0,0,0,18,12,6
"Bryan County","Bryan County, Georgia","G1300290","1300290","11","13029","13","029",4103,3695,408,2528,2304,224,1575,1391,184,3318,3037,281,777,650,127,0,0,0,39,23,16
"Bulloch County","Bulloch County, Georgia","G1300310","1300310","11","13031","13","031",15807,14819,988,8882,8426,456,6925,6393,532,11821,11223,598,3948,3561,387,13,13,0,114,102,12
"Burke County","Burke County, Georgia","G1300330","1300330","11","13033","13","033",7635,7109,526,4374,4158,216,3261,2951,310,4051,3846,205,3579,3258,321,0,0,0,161,149,12
"Butts County","Butts County, Georgia","G1300350","1300350","11","13035","13","035",5429,5157,272,2926,2815,111,2503,2342,161,3543,3381,162,1880,1770,110,6,6,0,45,45,0
"Calhoun County","Calhoun County, Georgia","G1300370","1300370","11","13037","13","037",2207,2093,114,1249,1213,36,958,880,78,1076,1041,35,1130,1051,79,0,0,0,27,24,3
"Camden County","Camden County, Georgia","G1300390","1300390","11","13039","13","039",5440,5061,379,3287,3131,156,2153,1930,223,3781,3560,221,1633,1475,158,0,0,0,40,38,2
"Candler County","Candler County, Georgia","G1300430","1300430","11","13043","13","043",3014,2889,125,1734,1675,59,1280,1214,66,2248,2149,99,754,728,26,0,0,0,35,21,14
"Carroll County","Carroll County, Georgia","G1300450","1300450","11","13045","13","045",25584,23929,1655,14446,13609,837,11138,10320,818,21549,20371,1178,3944,3480,464,14,14,0,233,214,19
"Catoosa County","Catoosa County, Georgia","G1300470","1300470","11","13047","13","047",17599,16525,1074,10272,9652,620,7327,6873,454,17465,16396,1069,83,78,5,0,0,0,73,69,4
"Charlton County","Charlton County, Georgia","G1300490","1300490","11","13049","13","049",2730,2550,180,1634,1553,81,1096,997,99,2102,2011,91,628,539,89,0,0,0,0,0,0
"Chatham County","Chatham County, Georgia","G1300510","1300510","11","13051","13","051",86088,79850,6238,48176,45470,2706,37912,34380,3532,57053,54278,2775,28150,24730,3420,150,150,0,819,745,74
"Chattahoochee County","Chattahoochee County, Georgia","G1300530","1300530","11","13053","13","053",1778,1435,343,680,616,64,1098,819,279,1170,968,202,500,386,114,11,11,0,57,50,7
"Chattooga County","Chattooga County, Georgia","G1300550","1300550","11","13055","13","055",9848,9002,846,5472,5052,420,4376,3950,426,8948,8212,736,881,771,110,0,0,0,39,31,8
"Cherokee County","Cherokee County, Georgia","G1300570","1300570","11","13057","13","057",24270,23335,935,14491,13998,493,9779,9337,442,23726,22809,917,435,417,18,25,25,0,113,105,8
"Clarke County","Clarke County, Georgia","G1300590","1300590","11","13059","13","059",35383,32946,2437,18641,17577,1064,16742,15369,1373,27214,25597,1617,7663,6874,789,52,46,6,310,288,22
"Clay County","Clay County, Georgia","G1300610","1300610","11","13061","13","061",1204,1138,66,690,656,34,514,482,32,0,0,0,669,628,41,0,0,0,0,0,0
"Clayton County","Clayton County, Georgia","G1300630","1300630","11","13063","13","063",76187,72390,3797,43696,41750,1946,32491,30640,1851,70070,66670,3400,5256,4892,364,152,145,7,503,483,20
"Clinch County","Clinch County, Georgia","G1300650","1300650","11","13065","13","065",2820,2709,111,1665,1631,34,1155,1078,77,2119,2062,57,0,0,0,0,0,0,33,33,0
"Cobb County","Cobb County, Georgia","G1300670","1300670","11","13067","13","067",158604,153244,5360,89955,87364,2591,68649,65880,2769,150792,145846,4946,6242,5878,364,384,378,6,1265,1222,43
"Coffee County","Coffee County, Georgia","G1300690","1300690","11","13069","13","069",11054,10224,830,6303,6037,266,4751,4187,564,8675,8114,561,2311,2042,269,0,0,0,107,105,2
"Colquitt County","Colquitt County, Georgia","G1300710","1300710","11","13071","13","071",15352,14692,660,8665,8362,303,6687,6330,357,12073,11607,466,3194,3013,181,0,0,0,85,85,0
"Columbia County","Columbia County, Georgia","G1300730","1300730","11","13073","13","073",17557,16477,1080,9919,9353,566,7638,7124,514,14972,14161,811,2359,2114,245,48,41,7,129,129,0
"Cook County","Cook County, Georgia","G1300750","1300750","11","13075","13","075",5764,5389,375,3125,3000,125,2639,2389,250,4145,3924,221,1593,1439,154,0,0,0,21,15,6
"Coweta County","Coweta County, Georgia","G1300770","1300770","11","13077","13","077",17662,16575,1087,9996,9417,579,7666,7158,508,13262,12610,652,4378,3943,435,0,0,0,69,65,4
"Crawford County","Crawford County, Georgia","G1300790","1300790","11","13079","13","079",3215,3038,177,1863,1805,58,1352,1233,119,2046,1918,128,1168,1119,49,0,0,0,44,36,8
"Crisp County","Crisp County, Georgia","G1300810","1300810","11","13081","13","081",7992,7615,377,4451,4311,140,3541,3304,237,5479,5309,170,2488,2287,201,0,0,0,20,20,0
"Dade County","Dade County, Georgia","G1300830","1300830","11","13083","13","083",5225,4848,377,3234,3029,205,1991,1819,172,5168,4791,377,33,33,0,0,0,0,13,13,0
"Dawson County","Dawson County, Georgia","G1300850","1300850","11","13085","13","085",2208,2110,98,1307,1257,50,901,853,48,2171,2073,98,0,0,0,37,37,0,0,0,0
"Decatur County","Decatur County, Georgia","G1300870","1300870","11","13087","13","087",10785,10107,678,6024,5837,187,4761,4270,491,7261,6896,365,3485,3185,300,18,14,4,103,74,29
"De Kalb County","De Kalb County, Georgia","G1300890","1300890","11","13089","13","089",259494,248204,11290,138745,132988,5757,120749,115216,5533,193339,187514,5825,62614,57267,5347,440,429,11,4026,3820,206
"Dodge County","Dodge County, Georgia","G1300910","1300910","11","13091","13","091",6625,6072,553,3696,3418,278,2929,2654,275,5155,4753,402,1448,1297,151,0,0,0,36,34,2
"Dooly County","Dooly County, Georgia","G1300930","1300930","11","13093","13","093",4211,4034,177,2382,2281,101,1829,1753,76,2513,2460,53,1672,1548,124,0,0,0,62,49,13
"Dougherty County","Dougherty County, Georgia","G1300950","1300950","11","13095","13","095",44195,40640,3555,23966,22523,1443,20229,18117,2112,27861,26484,1377,16032,13867,2165,140,127,13,364,335,29
"Douglas County","Douglas County, Georgia","G1300970","1300970","11","13097","13","097",25319,24156,1163,15134,14525,609,10185,9631,554,23892,22826,1066,1283,1191,92,70,70,0,189,168,21
"Early County","Early County, Georgia","G1300990","1300990","11","13099","13","099",5253,4912,341,2974,2820,154,2279,2092,187,3372,3199,173,1857,1689,168,0,0,0,66,66,0
"Echols County","Echols County, Georgia","G1301010","1301010","11","13101","13","101",860,822,38,532,513,19,328,309,19,729,706,23,107,94,13,0,0,0,0,0,0
"Effingham County","Effingham County, Georgia","G1301030","1301030","11","13103","13","103",7204,6801,403,4751,4534,217,2453,2267,186,6121,5833,288,1073,958,115,0,0,0,97,89,8
"Elbert County","Elbert County, Georgia","G1301050","1301050","11","13105","13","105",8661,8075,586,4835,4634,201,3826,3441,385,6262,5981,281,2371,2076,295,0,0,0,76,67,9
"Emanuel County","Emanuel County, Georgia","G1301070","1301070","11","13107","13","107",8233,7700,533,4672,4467,205,3561,3233,328,6128,5803,325,2099,1891,208,0,0,0,41,39,2
"Evans County","Evans County, Georgia","G1301090","1301090","11","13109","13","109",3582,3423,159,1975,1921,54,1607,1502,105,2462,2352,110,1110,1061,49,0,0,0,38,38,0
"Fannin County","Fannin County, Georgia","G1301110","1301110","11","13111","13","111",5474,5004,470,3216,2926,290,2258,2078,180,5463,4993,470,11,11,0,0,0,0,18,18,0
"Fayette County","Fayette County, Georgia","G1301130","1301130","11","13113","13","113",14019,13559,460,8553,8313,240,5466,5246,220,13446,13019,427,517,484,33,0,0,0,146,146,0
"Floyd County","Floyd County, Georgia","G1301150","1301150","11","13115","13","115",37647,35068,2579,20658,19348,1310,16989,15720,1269,33436,31345,2091,4062,3585,477,0,0,0,217,182,35
"Forsyth County","Forsyth County, Georgia","G1301170","1301170","11","13117","13","117",13158,12706,452,7885,7631,254,5273,5075,198,13048,12596,452,0,0,0,89,89,0,11,11,0
"Franklin County","Franklin County, Georgia","G1301190","1301190","11","13119","13","119",6701,6264,437,3810,3593,217,2891,2671,220,6061,5701,360,628,553,75,0,0,0,21,21,0
"Fulton County","Fulton County, Georgia","G1301210","1301210","11","13121","13","121",277926,258911,19015,147895,138121,9774,130031,120790,9241,146083,140546,5537,129402,116155,13247,460,392,68,3486,3183,303
"Gilmer County","Gilmer County, Georgia","G1301230","1301230","11","13123","13","123",4655,4363,292,2867,2719,148,1788,1644,144,4644,4352,292,0,0,0,0,0,0,17,17,0
"Glascock County","Glascock County, Georgia","G1301250","1301250","11","13125","13","125",994,942,52,594,568,26,400,374,26,839,801,38,155,141,14,0,0,0,28,28,0
"Glynn County","Glynn County, Georgia","G1301270","1301270","11","13127","13","127",25887,24619,1268,14451,13886,565,11436,10733,703,19859,18999,860,5912,5504,408,36,36,0,265,241,24
"Gordon County","Gordon County, Georgia","G1301290","1301290","11","13129","13","129",14110,13232,878,8078,7623,455,6032,5609,423,13576,12795,781,482,398,84,29,16,13,59,59,0
"Grady County","Grady County, Georgia","G1301310","1301310","11","13131","13","131",8631,8172,459,4872,4645,227,3759,3527,232,6184,5981,203,2374,2130,244,58,46,12,38,38,0
"Greene County","Greene County, Georgia","G1301330","1301330","11","13133","13","133",4559,4334,225,2456,2307,149,2103,2027,76,2294,2208,86,2244,2107,137,0,0,0,21,21,0
"Gwinnett County","Gwinnett County, Georgia","G1301350","1301350","11","13135","13","135",86559,83974,2585,50089,48864,1225,36470,35110,1360,83867,81416,2451,1907,1799,108,140,129,11,766,729,37
"Habersham County","Habersham County, Georgia","G1301370","1301370","11","13137","13","137",11108,10458,650,6275,5900,375,4833,4558,275,10767,10161,606,322,278,44,7,7,0,30,30,0
"Hall County","Hall County, Georgia","G1301390","1301390","11","13139","13","139",36649,35160,1489,20718,20017,701,15931,15143,788,33632,32266,1366,2863,2745,118,71,66,5,138,129,9
"Hancock County","Hancock County, Georgia","G1301410","1301410","11","13141","13","141",3504,3228,276,1828,1648,180,1676,1580,96,954,907,47,2550,2321,229,0,0,0,34,34,0
"Haralson County","Haralson County, Georgia","G1301430","1301430","11","13143","13","143",8358,7769,589,4788,4470,318,3570,3299,271,7853,7348,505,493,417,76,0,0,0,62,49,13
"Harris County","Harris County, Georgia","G1301450","1301450","11","13145","13","145",7050,6564,486,4064,3834,230,2986,2730,256,4751,4507,244,2265,2026,239,0,0,0,120,97,23
"Hart County","Hart County, Georgia","G1301470","1301470","11","13147","13","147",8264,7682,582,4573,4239,334,3691,3443,248,6668,6275,393,1571,1382,189,0,0,0,95,88,7
"Heard County","Heard County, Georgia","G1301490","1301490","11","13149","13","149",2779,2581,198,1615,1498,117,1164,1083,81,2333,2193,140,446,388,58,0,0,0,28,28,0
"Henry County","Henry County, Georgia","G1301510","1301510","11","13151","13","151",16983,16273,710,9894,9429,465,7089,6844,245,14192,13695,497,2630,2417,213,91,91,0,94,86,8
"Houston County","Houston County, Georgia","G1301530","1301530","11","13153","13","153",32975,30333,2642,18329,17278,1051,14646,13055,1591,27431,25568,1863,5161,4437,724,131,125,6,384,311,73
"Irwin County","Irwin County, Georgia","G1301550","1301550","11","13155","13","155",3551,3432,119,2111,2063,48,1440,1369,71,2674,2611,63,0,0,0,0,0,0,14,14,0
"Jackson County","Jackson County, Georgia","G1301570","1301570","11","13157","13","157",11731,11171,560,6623,6364,259,5108,4807,301,10380,9900,480,1326,1246,80,12,12,0,66,58,8
"Jasper County","Jasper County, Georgia","G1301590","1301590","11","13159","13","159",3096,2932,164,1851,1735,116,1245,1197,48,1854,1782,72,1236,1144,92,0,0,0,0,0,0
"Jeff Davis County","Jeff Davis County, Georgia","G1301610","1301610","11","13161","13","161",5113,4798,315,3024,2929,95,2089,1869,220,4350,4135,215,725,625,100,0,0,0,97,89,8
"Jefferson County","Jefferson County, Georgia","G1301630","1301630","11","13163","13","163",7173,6734,439,3886,3719,167,3287,3015,272,3635,3499,136,3527,3224,303,0,0,0,77,71,6
"Jenkins County","Jenkins County, Georgia","G1301650","1301650","11","13165","13","165",3417,3203,214,1978,1879,99,1439,1324,115,2315,2260,55,1102,943,159,0,0,0,35,35,0
"Johnson County","Johnson County, Georgia","G1301670","1301670","11","13167","13","167",3561,3376,185,2009,1917,92,1552,1459,93,2477,2374,103,0,0,0,0,0,0,45,39,6
"Jones County","Jones County, Georgia","G1301690","1301690","11","13169","13","169",7368,6878,490,4272,4037,235,3096,2841,255,5550,5280,270,1786,1566,220,0,0,0,70,70,0
"Lamar County","Lamar County, Georgia","G1301710","1301710","11","13171","13","171",5325,4869,456,2973,2699,274,2352,2170,182,3606,3352,254,1712,1510,202,0,0,0,41,41,0
"Lanier County","Lanier County, Georgia","G1301730","1301730","11","13173","13","173",2042,1933,109,1194,1148,46,848,785,63,1658,1571,87,380,358,22,0,0,0,7,7,0
"Laurens County","Laurens County, Georgia","G1301750","1301750","11","13175","13","175",15926,14702,1224,8777,8348,429,7149,6354,795,11257,10653,604,4597,3977,620,0,0,0,84,84,0
"Lee County","Lee County, Georgia","G1301770","1301770","11","13177","13","177",5392,5155,237,3146,3011,135,2246,2144,102,4327,4192,135,1002,900,102,29,29,0,23,23,0
"Liberty County","Liberty County, Georgia","G1301790","1301790","11","13179","13","179",8370,7479,891,4060,3842,218,4310,3637,673,5585,5078,507,2530,2212,318,24,22,2,217,160,57
"Lincoln County","Lincoln County, Georgia","G1301810","1301810","11","13181","13","181",2983,2811,172,1723,1621,102,1260,1190,70,1771,1702,69,0,0,0,0,0,0,58,58,0
"Long County","Long County, Georgia","G1301830","1301830","11","13183","13","183",1729,1603,126,1025,971,54,704,632,72,1332,1268,64,397,335,62,0,0,0,23,23,0
"Lowndes County","Lowndes County, Georgia","G1301850","1301850","11","13185","13","185",28932,27190,1742,15978,15158,820,12954,12032,922,20921,19944,977,7785,7040,745,35,34,1,320,308,12
"Lumpkin County","Lumpkin County, Georgia","G1301870","1301870","11","13187","13","187",4522,4202,320,2642,2481,161,1880,1721,159,4274,3984,290,107,107,0,136,106,30,18,18,0
"Mcduffie County","Mcduffie County, Georgia","G1301890","1301890","11","13189","13","189",8144,7478,666,4409,4140,269,3735,3338,397,5361,5085,276,2763,2373,390,0,0,0,109,88,21
"Mcintosh County","Mcintosh County, Georgia","G1301910","1301910","11","13191","13","191",3097,2785,312,1829,1643,186,1268,1142,126,1888,1726,162,1204,1054,150,0,0,0,35,35,0
"Macon County","Macon County, Georgia","G1301930","1301930","11","13193","13","193",5405,4924,481,3011,2794,217,2394,2130,264,2638,2557,81,2739,2339,400,0,0,0,86,76,10
"Madison County","Madison County, Georgia","G1301950","1301950","11","13195","13","195",8201,7643,558,4625,4421,204,3576,3222,354,7393,6935,458,798,698,100,0,0,0,82,62,20
"Marion County","Marion County, Georgia","G1301970","1301970","11","13197","13","197",2012,1875,137,1139,1080,59,873,795,78,1192,1116,76,0,0,0,0,0,0,0,0,0
"Meriwether County","Meriwether County, Georgia","G1301990","1301990","11","13199","13","199",8682,8245,437,4826,4613,213,3856,3632,224,5100,4893,207,3543,3313,230,29,29,0,54,49,5
"Miller County","Miller County, Georgia","G1302010","1302010","11","13201","13","201",3004,2901,103,1719,1688,31,1285,1213,72,2277,2240,37,0,0,0,0,0,0,26,26,0
"Mitchell County","Mitchell County, Georgia","G1302050","1302050","11","13205","13","205",8642,8207,435,4740,4545,195,3902,3662,240,5041,4884,157,3569,3291,278,0,0,0,78,78,0
"Monroe County","Monroe County, Georgia","G1302070","1302070","11","13207","13","207",6764,6397,367,3647,3450,197,3117,2947,170,4203,4035,168,2550,2351,199,0,0,0,12,7,5
"Montgomery County","Montgomery County, Georgia","G1302090","1302090","11","13209","13","209",2706,2547,159,1586,1516,70,1120,1031,89,1979,1879,100,716,657,59,0,0,0,8,4,4
"Morgan County","Morgan County, Georgia","G1302110","1302110","11","13211","13","211",5031,4741,290,2747,2567,180,2284,2174,110,3065,2937,128,0,0,0,0,0,0,55,50,5
"Murray County","Murray County, Georgia","G1302130","1302130","11","13213","13","213",9355,8730,625,5473,5189,284,3882,3541,341,9341,8716,625,0,0,0,14,14,0,37,37,0
"Muscogee County","Muscogee County, Georgia","G1302150","1302150","11","13215","13","215",68377,62303,6074,36164,33328,2836,32213,28975,3238,46975,44038,2937,20232,17187,3045,188,168,20,1044,945,99
"Newton County","Newton County, Georgia","G1302170","1302170","11","13217","13","217",15624,14665,959,8896,8468,428,6728,6197,531,11919,11398,521,3661,3223,438,19,19,0,73,70,3
"Oconee County","Oconee County, Georgia","G1302190","1302190","11","13219","13","219",6318,5968,350,3625,3465,160,2693,2503,190,5678,5395,283,636,569,67,0,0,0,46,46,0
"Oglethorpe County","Oglethorpe County, Georgia","G1302210","1302210","11","13221","13","221",4019,3815,204,2289,2220,69,1730,1595,135,2824,2711,113,1187,1096,91,0,0,0,54,45,9
"Paulding County","Paulding County, Georgia","G1302230","1302230","11","13223","13","223",11334,10698,636,6711,6366,345,4623,4332,291,10899,10289,610,410,384,26,0,0,0,36,36,0
"Peach County","Peach County, Georgia","G1302250","1302250","11","13225","13","225",7996,7271,725,4487,4180,307,3509,3091,418,4518,4283,235,3450,2960,490,0,0,0,39,32,7
"Pickens County","Pickens County, Georgia","G1302270","1302270","11","13227","13","227",5059,4810,249,3005,2870,135,2054,1940,114,4968,4724,244,82,77,5,0,0,0,20,14,6
"Pierce County","Pierce County, Georgia","G1302290","1302290","11","13229","13","229",4860,4562,298,2866,2717,149,1994,1845,149,4330,4091,239,520,461,59,0,0,0,32,32,0
"Pike County","Pike County, Georgia","G1302310","1302310","11","13231","13","231",3992,3816,176,2290,2178,112,1702,1638,64,3054,2949,105,918,847,71,0,0,0,54,51,3
"Polk County","Polk County, Georgia","G1302330","1302330","11","13233","13","233",13835,12956,879,7830,7439,391,6005,5517,488,11930,11205,725,1876,1722,154,0,0,0,100,100,0
"Pulaski County","Pulaski County, Georgia","G1302350","1302350","11","13235","13","235",3765,3458,307,2068,1945,123,1697,1513,184,2600,2461,139,1147,979,168,0,0,0,23,23,0
"Putnam County","Putnam County, Georgia","G1302370","1302370","11","13237","13","237",4556,4427,129,2646,2599,47,1910,1828,82,2783,2733,50,0,0,0,0,0,0,0,0,0
"Quitman County","Quitman County, Georgia","G1302390","1302390","11","13239","13","239",833,768,65,476,445,31,357,323,34,0,0,0,391,350,41,0,0,0,6,6,0
"Rabun County","Rabun County, Georgia","G1302410","1302410","11","13241","13","241",4643,4465,178,2652,2542,110,1991,1923,68,4590,4419,171,51,44,7,0,0,0,10,10,0
"Randolph County","Randolph County, Georgia","G1302430","1302430","11","13243","13","243",3532,3331,201,1946,1865,81,1586,1466,120,1780,1708,72,1746,1617,129,0,0,0,35,35,0
"Richmond County","Richmond County, Georgia","G1302450","1302450","11","13245","13","245",74190,69118,5072,38633,36259,2374,35557,32859,2698,46994,44715,2279,25826,23134,2692,109,102,7,945,859,86
"Rockdale County","Rockdale County, Georgia","G1302470","1302470","11","13247","13","247",17311,16618,693,10373,10046,327,6938,6572,366,15611,15037,574,1437,1321,116,130,130,0,172,169,3
"Schley County","Schley County, Georgia","G1302490","1302490","11","13249","13","249",1367,1270,97,835,784,51,532,486,46,938,905,33,429,365,64,0,0,0,14,6,8
"Screven County","Screven County, Georgia","G1302510","1302510","11","13251","13","251",5834,5439,395,3274,3155,119,2560,2284,276,3494,3359,135,2307,2047,260,0,0,0,60,49,11
"Seminole County","Seminole County, Georgia","G1302530","1302530","11","13253","13","253",3681,3523,158,2170,2118,52,1511,1405,106,2626,2538,88,971,901,70,0,0,0,128,123,5
"Spalding County","Spalding County, Georgia","G1302550","1302550","11","13255","13","255",21548,20176,1372,11974,11191,783,9574,8985,589,16169,15502,667,5211,4515,696,0,0,0,129,109,20
"Stephens County","Stephens County, Georgia","G1302570","1302570","11","13257","13","257",10001,9124,877,5465,4920,545,4536,4204,332,8793,8052,741,1167,1031,136,25,25,0,51,44,7
"Stewart County","Stewart County, Georgia","G1302590","1302590","11","13259","13","259",2036,1900,136,1144,1094,50,892,806,86,919,866,53,1112,1034,78,0,0,0,28,28,0
"Sumter County","Sumter County, Georgia","G1302610","1302610","11","13261","13","261",12991,12207,784,6999,6714,285,5992,5493,499,7868,7627,241,5031,4499,532,49,43,6,130,120,10
"Talbot County","Talbot County, Georgia","G1302630","1302630","11","13263","13","263",2768,2585,183,1532,1439,93,1236,1146,90,1126,1068,58,1636,1513,123,0,0,0,11,9,2
"Taliaferro County","Taliaferro County, Georgia","G1302650","1302650","11","13265","13","265",756,707,49,397,368,29,359,339,20,0,0,0,455,410,45,0,0,0,0,0,0
"Tattnall County","Tattnall County, Georgia","G1302670","1302670","11","13267","13","267",6298,5890,408,3634,3430,204,2664,2460,204,5026,4754,272,1253,1117,136,0,0,0,42,37,5
"Taylor County","Taylor County, Georgia","G1302690","1302690","11","13269","13","269",3159,2975,184,1792,1721,71,1367,1254,113,2055,1975,80,1072,968,104,0,0,0,13,13,0
"Telfair County","Telfair County, Georgia","G1302710","1302710","11","13271","13","271",4519,4296,223,2514,2416,98,2005,1880,125,3328,3249,79,1191,1047,144,0,0,0,9,9,0
"Terrell County","Terrell County, Georgia","G1302730","1302730","11","13273","13","273",4698,4372,326,2681,2573,108,2017,1799,218,2270,2213,57,2428,2159,269,0,0,0,70,55,15
"Thomas County","Thomas County, Georgia","G1302750","1302750","11","13275","13","275",16470,15530,940,8946,8547,399,7524,6983,541,10981,10589,392,5431,4888,543,0,0,0,194,157,37
"Tift County","Tift County, Georgia","G1302770","1302770","11","13277","13","277",14414,13661,753,8061,7771,290,6353,5890,463,11260,10829,431,3052,2730,322,27,27,0,166,156,10
"Toombs County","Toombs County, Georgia","G1302790","1302790","11","13279","13","279",9322,8741,581,5215,4922,293,4107,3819,288,7458,7061,397,1838,1654,184,0,0,0,85,69,16
"Towns County","Towns County, Georgia","G1302810","1302810","11","13281","13","281",2115,1992,123,1214,1159,55,901,833,68,2115,1992,123,0,0,0,0,0,0,0,0,0
"Treutlen County","Treutlen County, Georgia","G1302830","1302830","11","13283","13","283",2198,2047,151,1281,1179,102,917,868,49,1598,1523,75,0,0,0,0,0,0,21,21,0
"Troup County","Troup County, Georgia","G1302850","1302850","11","13285","13","285",22527,20885,1642,12280,11620,660,10247,9265,982,16046,15216,830,6403,5605,798,0,0,0,122,100,22
"Turner County","Turner County, Georgia","G1302870","1302870","11","13287","13","287",4018,3767,251,2179,2019,160,1839,1748,91,2897,2765,132,1107,988,119,0,0,0,24,24,0
"Twiggs County","Twiggs County, Georgia","G1302890","1302890","11","13289","13","289",3492,3264,228,2158,2053,105,1334,1211,123,0,0,0,1548,1437,111,0,0,0,94,86,8
"Union County","Union County, Georgia","G1302910","1302910","11","13291","13","291",3644,3355,289,2127,1966,161,1517,1389,128,3633,3344,289,0,0,0,9,9,0,20,12,8
"Upson County","Upson County, Georgia","G1302930","1302930","11","13293","13","293",11863,11276,587,6370,6117,253,5493,5159,334,8813,8461,352,3040,2805,235,0,0,0,65,65,0
"Walker County","Walker County, Georgia","G1302950","1302950","11","13295","13","295",24949,22683,2266,14578,13345,1233,10371,9338,1033,23927,21817,2110,979,828,151,10,10,0,97,84,13
"Walton County","Walton County, Georgia","G1302970","1302970","11","13297","13","297",13716,13045,671,7770,7377,393,5946,5668,278,11049,10573,476,2598,2403,195,10,10,0,120,100,20
"Ware County","Ware County, Georgia","G1302990","1302990","11","13299","13","299",14767,13764,1003,8552,8035,517,6215,5729,486,11870,11238,632,2794,2429,365,58,52,6,101,101,0
"Warren County","Warren County, Georgia","G1303010","1303010","11","13301","13","301",2377,2151,226,1366,1267,99,1011,884,127,0,0,0,1302,1119,183,0,0,0,27,21,6
"Washington County","Washington County, Georgia","G1303030","1303030","11","13303","13","303",7584,7080,504,4298,4073,225,3286,3007,279,4057,3893,164,3519,3179,340,0,0,0,62,50,12
"Wayne County","Wayne County, Georgia","G1303050","1303050","11","13305","13","305",8268,7642,626,4969,4609,360,3299,3033,266,6914,6429,485,1303,1162,141,23,23,0,63,63,0
"Webster County","Webster County, Georgia","G1303070","1303070","11","13307","13","307",902,847,55,537,513,24,365,334,31,479,465,14,418,379,39,0,0,0,0,0,0
"Wheeler County","Wheeler County, Georgia","G1303090","1303090","11","13309","13","309",2033,1931,102,1134,1091,43,899,840,59,1524,1437,87,509,494,15,0,0,0,0,0,0
"White County","White County, Georgia","G1303110","1303110","11","13311","13","311",4563,4332,231,2636,2540,96,1927,1792,135,4390,4179,211,160,142,18,0,0,0,20,20,0
"Whitfield County","Whitfield County, Georgia","G1303130","1303130","11","13313","13","313",33615,31834,1781,18554,17665,889,15061,14169,892,31901,30231,1670,1375,1305,70,120,98,22,247,232,15
"Wilcox County","Wilcox County, Georgia","G1303150","1303150","11","13315","13","315",2973,2788,185,1668,1602,66,1305,1186,119,2231,2112,119,0,0,0,0,0,0,54,48,6
"Wilkes County","Wilkes County, Georgia","G1303170","1303170","11","13317","13","317",4695,4509,186,2605,2529,76,2090,1980,110,2750,2714,36,0,0,0,0,0,0,13,13,0
"Wilkinson County","Wilkinson County, Georgia","G1303190","1303190","11","13319","13","319",4254,4035,219,2435,2331,104,1819,1704,115,2590,2488,102,0,0,0,0,0,0,20,18,2
"Worth County","Worth County, Georgia","G1303210","1303210","11","13321","13","321",7558,6987,571,4354,4073,281,3204,2914,290,5305,5061,244,2219,1892,327,0,0,0,54,47,7
"Hawaii County","Hawaii County, Hawaii","G1500010","1500010","11","15001","15","001",41006,38150,2856,23999,22275,1724,17007,15875,1132,14194,13014,1180,138,117,21,115,101,14,2878,2563,315
"Honolulu County","Honolulu County, Hawaii","G1500030","1500030","11","15003","15","003",339863,324113,15750,181245,173024,8221,158618,151089,7529,100853,95184,5669,3398,2953,445,895,811,84,18989,17580,1409
"Kalawao County","Kalawao County, Hawaii","G1500050","1500050","11","15005","15","005",82,82,0,47,47,0,35,35,0,0,0,0,0,0,0,0,0,0,0,0,0
"Kauai County","Kauai County, Hawaii","G1500070","1500070","11","15007","15","007",18789,18223,566,10737,10467,270,8052,7756,296,5955,5647,308,36,36,0,63,55,8,1421,1354,67
"Maui County","Maui County, Hawaii","G1500090","1500090","11","15009","15","009",36040,34613,1427,20360,19518,842,15680,15095,585,13479,12842,637,66,61,5,66,58,8,2156,2040,116
"Ada County","Ada County, Idaho","G1600010","1600010","11","16001","16","001",87396,81794,5602,49649,46156,3493,37747,35638,2109,85147,79783,5364,306,282,24,487,408,79,1735,1619,116
"Adams County","Adams County, Idaho","G1600030","1600030","11","16003","16","003",1363,1073,290,909,669,240,454,404,50,1361,1071,290,0,0,0,0,0,0,12,4,8
"Bannock County","Bannock County, Idaho","G1600050","1600050","11","16005","16","005",30208,28313,1895,17795,16754,1041,12413,11559,854,28789,27069,1720,279,261,18,440,316,124,915,875,40
"Bear Lake County","Bear Lake County, Idaho","G1600070","1600070","11","16007","16","007",2569,2481,88,1668,1623,45,901,858,43,2550,2462,88,0,0,0,13,13,0,0,0,0
"Benewah County","Benewah County, Idaho","G1600090","1600090","11","16009","16","009",3370,2645,725,2272,1672,600,1098,973,125,3191,2495,696,0,0,0,169,140,29,28,28,0
"Bingham County","Bingham County, Idaho","G1600110","1600110","11","16011","16","011",14771,13790,981,9090,8572,518,5681,5218,463,13418,12625,793,0,0,0,617,487,130,935,848,87
"Blaine County","Blaine County, Idaho","G1600130","1600130","11","16013","16","013",5599,5168,431,3282,2991,291,2317,2177,140,5550,5124,426,0,0,0,0,0,0,99,95,4
"Boise County","Boise County, Idaho","G1600150","1600150","11","16015","16","015",1312,1033,279,834,624,210,478,409,69,1307,1028,279,0,0,0,0,0,0,24,15,9
"Bonner County","Bonner County, Idaho","G1600170","1600170","11","16017","16","017",9819,8214,1605,5910,4763,1147,3909,3451,458,9679,8101,1578,0,0,0,94,83,11,95,69,26
"Bonneville County","Bonneville County, Idaho","G1600190","1600190","11","16019","16","019",29142,27686,1456,17690,16767,923,11452,10919,533,28221,26829,1392,72,72,0,107,97,10,776,698,78
"Boundary County","Boundary County, Idaho","G1600210","1600210","11","16021","16","021",2891,2417,474,1834,1510,324,1057,907,150,2856,2390,466,0,0,0,21,19,2,19,9,10
"Butte County","Butte County, Idaho","G1600230","1600230","11","16023","16","023",1345,1270,75,913,867,46,432,403,29,1307,1232,75,0,0,0,0,0,0,38,38,0
"Camas County","Camas County, Idaho","G1600250","1600250","11","16025","16","025",352,328,24,252,235,17,100,93,7,0,0,0,0,0,0,0,0,0,0,0,0
"Canyon County","Canyon County, Idaho","G1600270","1600270","11","16027","16","027",36130,33025,3105,21339,19592,1747,14791,13433,1358,33386,30668,2718,130,86,44,180,140,40,3169,2682,487
"Caribou County","Caribou County, Idaho","G1600290","1600290","11","16029","16","029",3525,3370,155,2419,2343,76,1106,1027,79,3461,3319,142,0,0,0,28,15,13,22,22,0
"Cassia County","Cassia County, Idaho","G1600310","1600310","11","16031","16","031",7729,7080,649,4860,4533,327,2869,2547,322,7066,6570,496,0,0,0,36,36,0,725,569,156
"Clark County","Clark County, Idaho","G1600330","1600330","11","16033","16","033",336,315,21,231,219,12,105,96,9,325,304,21,0,0,0,0,0,0,9,9,0
"Clearwater County","Clearwater County, Idaho","G1600350","1600350","11","16035","16","035",4631,3673,958,2958,2190,768,1673,1483,190,4584,3643,941,0,0,0,19,9,10,19,19,0
"Custer County","Custer County, Idaho","G1600370","1600370","11","16037","16","037",1530,1426,104,992,945,47,538,481,57,1522,1418,104,0,0,0,0,0,0,8,6,2
"Elmore County","Elmore County, Idaho","G1600390","1600390","11","16039","16","039",6748,6045,703,3569,3246,323,3179,2799,380,6017,5411,606,149,121,28,51,42,9,707,590,117
"Franklin County","Franklin County, Idaho","G1600410","1600410","11","16041","16","041",3260,3127,133,2268,2183,85,992,944,48,3214,3081,133,0,0,0,0,0,0,62,49,13
"Fremont County","Fremont County, Idaho","G1600430","1600430","11","16043","16","043",4353,4068,285,2725,2571,154,1628,1497,131,4283,4011,272,0,0,0,43,32,11,100,98,2
"Gem County","Gem County, Idaho","G1600450","1600450","11","16045","16","045",4892,4193,699,3006,2653,353,1886,1540,346,4726,4061,665,0,0,0,58,35,23,179,179,0
"Gooding County","Gooding County, Idaho","G1600470","1600470","11","16047","16","047",5225,5021,204,3282,3172,110,1943,1849,94,4879,4700,179,0,0,0,17,11,6,415,379,36
"Idaho County","Idaho County, Idaho","G1600490","1600490","11","16049","16","049",6049,5102,947,3991,3345,646,2058,1757,301,6027,5087,940,0,0,0,15,8,7,21,15,6
"Jefferson County","Jefferson County, Idaho","G1600510","1600510","11","16051","16","051",6221,5900,321,4045,3805,240,2176,2095,81,5858,5537,321,0,0,0,55,55,0,363,361,2
"Jerome County","Jerome County, Idaho","G1600530","1600530","11","16053","16","053",6406,6081,325,4078,3937,141,2328,2144,184,6141,5835,306,0,0,0,54,43,11,243,225,18
"Kootenai County","Kootenai County, Idaho","G1600550","1600550","11","16055","16","055",24945,21794,3151,15139,13078,2061,9806,8716,1090,24544,21440,3104,13,13,0,223,181,42,296,250,46
"Latah County","Latah County, Idaho","G1600570","1600570","11","16057","16","057",13303,12350,953,7722,7022,700,5581,5328,253,13074,12127,947,32,26,6,62,62,0,117,112,5
"Lemhi County","Lemhi County, Idaho","G1600590","1600590","11","16059","16","059",3076,2778,298,1981,1787,194,1095,991,104,3054,2756,298,0,0,0,9,9,0,23,23,0
"Lewis County","Lewis County, Idaho","G1600610","1600610","11","16061","16","061",1668,1476,192,1081,950,131,587,526,61,1663,1471,192,0,0,0,0,0,0,0,0,0
"Lincoln County","Lincoln County, Idaho","G1600630","1600630","11","16063","16","063",1477,1424,53,966,942,24,511,482,29,1431,1378,53,0,0,0,10,10,0,95,92,3
"Madison County","Madison County, Idaho","G1600650","1600650","11","16065","16","065",7308,6873,435,4053,3844,209,3255,3029,226,7089,6681,408,8,8,0,32,23,9,202,192,10
"Minidoka County","Minidoka County, Idaho","G1600670","1600670","11","16067","16","067",8642,8173,469,5373,5080,293,3269,3093,176,7430,7072,358,0,0,0,63,59,4,1328,1183,145
"Nez Perce County","Nez Perce County, Idaho","G1600690","1600690","11","16069","16","069",15350,13987,1363,9128,8200,928,6222,5787,435,14550,13302,1248,57,57,0,623,528,95,137,114,23
"Oneida County","Oneida County, Idaho","G1600710","1600710","11","16071","16","071",1271,1209,62,826,784,42,445,425,20,1256,1194,62,0,0,0,0,0,0,0,0,0
"Owyhee County","Owyhee County, Idaho","G1600730","1600730","11","16073","16","073",3353,3143,210,2350,2235,115,1003,908,95,2858,2694,164,52,52,0,45,37,8,529,482,47
"Payette County","Payette County, Idaho","G1600750","1600750","11","16075","16","075",6608,6167,441,3902,3660,242,2706,2507,199,6336,5918,418,0,0,0,11,11,0,307,242,65
"Power County","Power County, Idaho","G1600770","1600770","11","16077","16","077",3121,2935,186,1918,1821,97,1203,1114,89,2898,2717,181,0,0,0,44,44,0,240,189,51
"Shoshone County","Shoshone County, Idaho","G1600790","1600790","11","16079","16","079",7943,7227,716,5258,4781,477,2685,2446,239,7858,7156,702,0,0,0,62,55,7,133,111,22
"Teton County","Teton County, Idaho","G1600810","1600810","11","16081","16","081",1179,1105,74,773,713,60,406,392,14,1173,1099,74,0,0,0,0,0,0,0,0,0
"Twin Falls County","Twin Falls County, Idaho","G1600830","1600830","11","16083","16","083",24053,22759,1294,14569,13839,730,9484,8920,564,23064,21892,1172,6,6,0,136,127,9,1058,925,133
"Valley County","Valley County, Idaho","G1600850","1600850","11","16085","16","085",2780,2292,488,1654,1309,345,1126,983,143,2740,2263,477,0,0,0,22,15,7,35,33,2
"Washington County","Washington County, Idaho","G1600870","1600870","11","16087","16","087",3642,3322,320,2226,2046,180,1416,1276,140,3327,3080,247,0,0,0,29,29,0,240,174,66
"Adams County","Adams County, Illinois","G1700010","1700010","11","17001","17","001",33378,30859,2519,19186,17646,1540,14192,13213,979,32569,30180,2389,684,576,108,66,51,15,89,73,16
"Alexander County","Alexander County, Illinois","G1700030","1700030","11","17003","17","003",4538,3895,643,2628,2206,422,1910,1689,221,3534,3148,386,993,736,257,0,0,0,9,9,0
"Bond County","Bond County, Illinois","G1700050","1700050","11","17005","17","005",7194,6545,649,4277,3915,362,2917,2630,287,7051,6445,606,125,84,41,0,0,0,21,21,0
"Boone County","Boone County, Illinois","G1700070","1700070","11","17007","17","007",14218,13345,873,8331,7863,468,5887,5482,405,13911,13076,835,44,38,6,22,13,9,501,412,89
"Brown County","Brown County, Illinois","G1700090","1700090","11","17009","17","009",2241,2052,189,1405,1276,129,836,776,60,0,0,0,0,0,0,0,0,0,0,0,0
"Bureau County","Bureau County, Illinois","G1700110","1700110","11","17011","17","011",17770,16622,1148,10588,9855,733,7182,6767,415,17531,16404,1127,25,23,2,24,19,5,401,364,37
"Calhoun County","Calhoun County, Illinois","G1700130","1700130","11","17013","17","013",2281,1817,464,1529,1173,356,752,644,108,2271,1812,459,0,0,0,0,0,0,0,0,0
"Carroll County","Carroll County, Illinois","G1700150","1700150","11","17015","17","015",8433,7929,504,5126,4770,356,3307,3159,148,8314,7851,463,62,57,5,0,0,0,68,31,37
"Cass County","Cass County, Illinois","G1700170","1700170","11","17017","17","017",6528,6068,460,3999,3653,346,2529,2415,114,6520,6066,454,0,0,0,0,0,0,23,17,6
"Champaign County","Champaign County, Illinois","G1700190","1700190","11","17019","17","019",82603,78534,4069,45533,43020,2513,37070,35514,1556,74582,71281,3301,5995,5317,678,165,158,7,925,853,72
"Christian County","Christian County, Illinois","G1700210","1700210","11","17021","17","021",15680,14386,1294,9472,8616,856,6208,5770,438,15600,14312,1288,39,39,0,0,0,0,33,27,6
"Clark County","Clark County, Illinois","G1700230","1700230","11","17023","17","023",7527,6872,655,4458,4022,436,3069,2850,219,7510,6859,651,0,0,0,0,0,0,26,15,11
"Clay County","Clay County, Illinois","G1700250","1700250","11","17025","17","025",6204,5442,762,3815,3283,532,2389,2159,230,6192,5431,761,0,0,0,0,0,0,0,0,0
"Clinton County","Clinton County, Illinois","G1700270","1700270","11","17027","17","027",14145,13073,1072,8480,7779,701,5665,5294,371,14041,12982,1059,50,43,7,0,0,0,69,67,2
"Coles County","Coles County, Illinois","G1700290","1700290","11","17029","17","029",25534,22735,2799,13902,12328,1574,11632,10407,1225,25035,22376,2659,381,259,122,14,10,4,144,130,14
"Cook County","Cook County, Illinois","G1700310","1700310","11","17031","17","031",2543354,2353417,189937,1430450,1318933,111517,1112904,1034484,78420,1844501,1750947,93554,527490,447161,80329,4333,3866,467,218352,193527,24825
"Crawford County","Crawford County, Illinois","G1700330","1700330","11","17033","17","033",8939,8189,750,5472,5036,436,3467,3153,314,8899,8149,750,0,0,0,16,16,0,31,22,9
"Cumberland County","Cumberland County, Illinois","G1700350","1700350","11","17035","17","035",4794,4177,617,2890,2468,422,1904,1709,195,4788,4171,617,0,0,0,0,0,0,15,15,0
"De Kalb County","De Kalb County, Illinois","G1700370","1700370","11","17037","17","037",37105,35151,1954,20586,19434,1152,16519,15717,802,35624,33819,1805,752,664,88,32,32,0,599,553,46
"De Witt County","De Witt County, Illinois","G1700390","1700390","11","17039","17","039",8239,7720,519,5074,4721,353,3165,2999,166,8199,7682,517,0,0,0,0,0,0,31,31,0
"Douglas County","Douglas County, Illinois","G1700410","1700410","11","17041","17","041",8878,8287,591,5492,5126,366,3386,3161,225,8826,8238,588,0,0,0,0,0,0,112,94,18
"Du Page County","Du Page County, Illinois","G1700430","1700430","11","17043","17","043",355719,342585,13134,207413,199544,7869,148306,143041,5265,338774,326443,12331,4153,3951,202,363,340,23,8434,7901,533
"Edgar County","Edgar County, Illinois","G1700450","1700450","11","17045","17","045",9539,8700,839,5659,5249,410,3880,3451,429,9494,8655,839,31,31,0,0,0,0,20,20,0
"Edwards County","Edwards County, Illinois","G1700470","1700470","11","17047","17","047",3546,3350,196,2060,1945,115,1486,1405,81,3542,3347,195,0,0,0,0,0,0,0,0,0
"Effingham County","Effingham County, Illinois","G1700490","1700490","11","17049","17","049",14293,13185,1108,8505,7884,621,5788,5301,487,14255,13155,1100,0,0,0,24,24,0,55,47,8
"Fayette County","Fayette County, Illinois","G1700510","1700510","11","17051","17","051",9220,8310,910,5561,4979,582,3659,3331,328,9200,8290,910,11,11,0,4,4,0,29,29,0
"Ford County","Ford County, Illinois","G1700530","1700530","11","17053","17","053",7040,6625,415,4205,3979,226,2835,2646,189,7003,6606,397,26,10,16,0,0,0,33,33,0
"Franklin County","Franklin County, Illinois","G1700550","1700550","11","17055","17","055",16090,14041,2049,10155,8925,1230,5935,5116,819,16040,14011,2029,19,11,8,0,0,0,49,47,2
"Fulton County","Fulton County, Illinois","G1700570","1700570","11","17057","17","057",18100,16504,1596,11114,10107,1007,6986,6397,589,18005,16415,1590,27,27,0,0,0,0,59,56,3
"Gallatin County","Gallatin County, Illinois","G1700590","1700590","11","17059","17","059",2969,2678,291,1853,1675,178,1116,1003,113,2946,2663,283,13,8,5,0,0,0,8,6,2
"Greene County","Greene County, Illinois","G1700610","1700610","11","17061","17","061",6792,6159,633,4282,3858,424,2510,2301,209,6764,6135,629,0,0,0,18,16,2,9,5,4
"Grundy County","Grundy County, Illinois","G1700630","1700630","11","17063","17","063",14166,12785,1381,8816,7818,998,5350,4967,383,14027,12659,1368,0,0,0,29,29,0,277,273,4
"Hamilton County","Hamilton County, Illinois","G1700650","1700650","11","17065","17","065",3429,3056,373,2175,1916,259,1254,1140,114,3414,3047,367,0,0,0,0,0,0,17,9,8
"Hancock County","Hancock County, Illinois","G1700670","1700670","11","17067","17","067",10966,10314,652,6435,6079,356,4531,4235,296,10927,10280,647,12,12,0,0,0,0,18,13,5
"Hardin County","Hardin County, Illinois","G1700690","1700690","11","17069","17","069",1958,1600,358,1257,1002,255,701,598,103,1958,1600,358,0,0,0,0,0,0,0,0,0
"Henderson County","Henderson County, Illinois","G1700710","1700710","11","17071","17","071",4156,3820,336,2569,2404,165,1587,1416,171,4144,3808,336,0,0,0,0,0,0,18,16,2
"Henry County","Henry County, Illinois","G1700730","1700730","11","17073","17","073",26012,24198,1814,16157,14987,1170,9855,9211,644,25511,23789,1722,298,232,66,21,21,0,284,228,56
"Iroquois County","Iroquois County, Illinois","G1700750","1700750","11","17075","17","075",14932,14000,932,8976,8376,600,5956,5624,332,14675,13770,905,63,54,9,20,20,0,192,172,20
"Jackson County","Jackson County, Illinois","G1700770","1700770","11","17077","17","077",27972,25767,2205,16007,14604,1403,11965,11163,802,25262,23460,1802,2233,1868,365,37,31,6,219,206,13
"Jasper County","Jasper County, Illinois","G1700790","1700790","11","17079","17","079",4803,4402,401,2880,2609,271,1923,1793,130,4786,4392,394,0,0,0,0,0,0,22,22,0
"Jefferson County","Jefferson County, Illinois","G1700810","1700810","11","17081","17","081",16098,14543,1555,9649,8647,1002,6449,5896,553,15547,14055,1492,497,441,56,0,0,0,22,21,1
"Jersey County","Jersey County, Illinois","G1700830","1700830","11","17083","17","083",9025,8226,799,5512,5009,503,3513,3217,296,8937,8145,792,22,21,1,30,30,0,29,27,2
"Jo Daviess County","Jo Daviess County, Illinois","G1700850","1700850","11","17085","17","085",11241,10471,770,6700,6307,393,4541,4164,377,11207,10437,770,0,0,0,0,0,0,51,49,2
"Johnson County","Johnson County, Illinois","G1700870","1700870","11","17087","17","087",3526,3040,486,2198,1863,335,1328,1177,151,3506,3022,484,11,11,0,0,0,0,39,32,7
"Kane County","Kane County, Illinois","G1700890","1700890","11","17089","17","089",140961,132847,8114,81152,76048,5104,59809,56799,3010,128823,122044,6779,5884,5121,763,247,213,34,12023,10883,1140
"Kankakee County","Kankakee County, Illinois","G1700910","1700910","11","17091","17","091",46211,42524,3687,26286,24027,2259,19925,18497,1428,41071,38174,2897,4733,3978,755,35,35,0,425,345,80
"Kendall County","Kendall County, Illinois","G1700930","1700930","11","17093","17","093",19047,18196,851,11417,10923,494,7630,7273,357,18584,17761,823,50,50,0,33,33,0,567,512,55
"Knox County","Knox County, Illinois","G1700950","1700950","11","17095","17","095",29145,26734,2411,16610,15015,1595,12535,11719,816,27795,25582,2213,928,785,143,59,47,12,604,502,102
"Lake County","Lake County, Illinois","G1700970","1700970","11","17097","17","097",210684,200132,10552,122149,115229,6920,88535,84903,3632,191769,182790,8979,11569,10611,958,394,338,56,9234,8315,919
"La Salle County","La Salle County, Illinois","G1700990","1700990","11","17099","17","099",52346,47425,4921,31485,28509,2976,20861,18916,1945,51507,46780,4727,176,127,49,71,62,9,939,747,192
"Lawrence County","Lawrence County, Illinois","G1701010","1701010","11","17101","17","101",7217,6580,637,4374,3936,438,2843,2644,199,7154,6535,619,43,37,6,0,0,0,43,28,15
"Lee County","Lee County, Illinois","G1701030","1701030","11","17103","17","103",17079,16131,948,9879,9241,638,7200,6890,310,16658,15762,896,225,189,36,59,51,8,238,211,27
"Livingston County","Livingston County, Illinois","G1701050","1701050","11","17105","17","105",18543,17453,1090,10904,10203,701,7639,7250,389,18338,17264,1074,109,102,7,0,0,0,170,146,24
"Logan County","Logan County, Illinois","G1701070","1701070","11","17107","17","107",14859,13932,927,8398,7809,589,6461,6123,338,14634,13731,903,114,100,14,35,25,10,60,54,6
"Mcdonough County","Mcdonough County, Illinois","G1701090","1701090","11","17109","17","109",17221,16079,1142,9614,8910,704,7607,7169,438,16657,15627,1030,327,243,84,35,28,7,72,67,5
"Mchenry County","Mchenry County, Illinois","G1701110","1701110","11","17111","17","111",74264,69826,4438,44077,41156,2921,30187,28670,1517,73163,68808,4355,41,40,1,81,67,14,1513,1387,126
"Mclean County","Mclean County, Illinois","G1701130","1701130","11","17113","17","113",60403,57239,3164,33019,30941,2078,27384,26298,1086,57653,54779,2874,2176,1922,254,55,50,5,402,371,31
"Macon County","Macon County, Illinois","G1701150","1701150","11","17115","17","115",62174,56509,5665,36225,32720,3505,25949,23789,2160,56163,51677,4486,5644,4504,1140,149,134,15,232,216,16
"Macoupin County","Macoupin County, Illinois","G1701170","1701170","11","17117","17","117",20659,19038,1621,12721,11610,1111,7938,7428,510,20465,18860,1605,90,82,8,39,35,4,78,72,6
"Madison County","Madison County, Illinois","G1701190","1701190","11","17119","17","119",111719,101999,9720,65991,60003,5988,45728,41996,3732,105721,96967,8754,5043,4173,870,254,206,48,969,911,58
"Marion County","Marion County, Illinois","G1701210","1701210","11","17121","17","121",19101,17215,1886,11007,9924,1083,8094,7291,803,18445,16668,1777,522,423,99,50,46,4,152,127,25
"Marshall County","Marshall County, Illinois","G1701230","1701230","11","17123","17","123",6311,5929,382,3996,3741,255,2315,2188,127,6286,5906,380,0,0,0,0,0,0,17,15,2
"Mason County","Mason County, Illinois","G1701250","1701250","11","17125","17","125",8009,7168,841,5071,4571,500,2938,2597,341,7989,7148,841,0,0,0,0,0,0,8,5,3
"Massac County","Massac County, Illinois","G1701270","1701270","11","17127","17","127",6267,5546,721,3897,3440,457,2370,2106,264,5951,5282,669,299,254,45,0,0,0,0,0,0
"Menard County","Menard County, Illinois","G1701290","1701290","11","17129","17","129",5358,5066,292,3147,2955,192,2211,2111,100,5328,5036,292,0,0,0,0,0,0,16,16,0
"Mercer County","Mercer County, Illinois","G1701310","1701310","11","17131","17","131",8503,7948,555,5304,4929,375,3199,3019,180,8453,7906,547,10,10,0,0,0,0,33,29,4
"Monroe County","Monroe County, Illinois","G1701330","1701330","11","17133","17","133",9169,8495,674,5569,5053,516,3600,3442,158,9139,8472,667,0,0,0,23,23,0,29,27,2
"Montgomery County","Montgomery County, Illinois","G1701350","1701350","11","17135","17","135",13663,12522,1141,8328,7501,827,5335,5021,314,13617,12480,1137,18,18,0,14,12,2,47,40,7
"Morgan County","Morgan County, Illinois","G1701370","1701370","11","17137","17","137",17382,16059,1323,9963,9114,849,7419,6945,474,16877,15622,1255,421,360,61,20,13,7,58,58,0
"Moultrie County","Moultrie County, Illinois","G1701390","1701390","11","17139","17","139",6582,6025,557,3921,3601,320,2661,2424,237,6557,6003,554,0,0,0,16,16,0,0,0,0
"Ogle County","Ogle County, Illinois","G1701410","1701410","11","17141","17","141",22643,21167,1476,13333,12493,840,9310,8674,636,22243,20825,1418,23,23,0,49,27,22,462,398,64
"Peoria County","Peoria County, Illinois","G1701430","1701430","11","17143","17","143",94923,88627,6296,54950,51096,3854,39973,37531,2442,85150,80147,5003,8379,7228,1151,144,131,13,1152,1008,144
"Perry County","Perry County, Illinois","G1701450","1701450","11","17145","17","145",9028,8009,1019,5738,5051,687,3290,2958,332,8810,7791,1019,187,187,0,25,25,0,8,8,0
"Piatt County","Piatt County, Illinois","G1701470","1701470","11","17147","17","147",7820,7379,441,4772,4475,297,3048,2904,144,7781,7340,441,0,0,0,0,0,0,17,17,0
"Pike County","Pike County, Illinois","G1701490","1701490","11","17149","17","149",7889,7217,672,4984,4551,433,2905,2666,239,7856,7184,672,0,0,0,0,0,0,24,24,0
"Pope County","Pope County, Illinois","G1701510","1701510","11","17151","17","151",1556,1244,312,964,729,235,592,515,77,1537,1225,312,16,16,0,0,0,0,0,0,0
"Pulaski County","Pulaski County, Illinois","G1701530","1701530","11","17153","17","153",3035,2697,338,1829,1622,207,1206,1075,131,2336,2157,179,681,540,141,18,0,18,0,0,0
"Putnam County","Putnam County, Illinois","G1701550","1701550","11","17155","17","155",2833,2640,193,1712,1579,133,1121,1061,60,2820,2627,193,0,0,0,0,0,0,18,16,2
"Randolph County","Randolph County, Illinois","G1701570","1701570","11","17157","17","157",14638,13395,1243,8813,8066,747,5825,5329,496,14235,13045,1190,309,267,42,14,3,11,85,85,0
"Richland County","Richland County, Illinois","G1701590","1701590","11","17159","17","159",8038,7469,569,4736,4378,358,3302,3091,211,8018,7449,569,0,0,0,0,0,0,28,28,0
"Rock Island County","Rock Island County, Illinois","G1701610","1701610","11","17161","17","161",80050,74933,5117,46234,43256,2978,33816,31677,2139,74388,69948,4440,3869,3334,535,176,162,14,3136,2911,225
"St. Clair County","St. Clair County, Illinois","G1701630","1701630","11","17163","17","163",107260,96210,11050,60201,53654,6547,47059,42556,4503,84484,78063,6421,21827,17308,4519,215,193,22,1107,978,129
"Saline County","Saline County, Illinois","G1701650","1701650","11","17165","17","165",11084,10015,1069,6773,6014,759,4311,4001,310,10798,9773,1025,235,196,39,20,16,4,61,47,14
"Sangamon County","Sangamon County, Illinois","G1701670","1701670","11","17167","17","167",91031,85533,5498,48691,44785,3906,42340,40748,1592,85378,80439,4939,4927,4420,507,211,173,38,368,357,11
"Schuyler County","Schuyler County, Illinois","G1701690","1701690","11","17169","17","169",3616,3330,286,2248,2048,200,1368,1282,86,3611,3325,286,0,0,0,0,0,0,9,9,0
"Scott County","Scott County, Illinois","G1701710","1701710","11","17171","17","171",2694,2430,264,1729,1566,163,965,864,101,2685,2428,257,0,0,0,0,0,0,0,0,0
"Shelby County","Shelby County, Illinois","G1701730","1701730","11","17173","17","173",10241,9124,1117,6418,5737,681,3823,3387,436,10202,9092,1110,11,11,0,0,0,0,34,31,3
"Stark County","Stark County, Illinois","G1701750","1701750","11","17175","17","175",3107,2924,183,1980,1860,120,1127,1064,63,3093,2910,183,0,0,0,0,0,0,0,0,0
"Stephenson County","Stephenson County, Illinois","G1701770","1701770","11","17177","17","177",25078,23845,1233,14019,13243,776,11059,10602,457,23727,22670,1057,1262,1106,156,42,28,14,95,89,6
"Tazewell County","Tazewell County, Illinois","G1701790","1701790","11","17179","17","179",62543,57924,4619,38090,35290,2800,24453,22634,1819,62007,57490,4517,164,156,8,167,116,51,282,248,34
"Union County","Union County, Illinois","G1701810","1701810","11","17181","17","181",7396,6692,704,4581,4073,508,2815,2619,196,7359,6660,699,17,14,3,16,14,2,24,22,2
"Vermilion County","Vermilion County, Illinois","G1701830","1701830","11","17183","17","183",42679,38718,3961,24859,22483,2376,17820,16235,1585,39549,36128,3421,2607,2127,480,97,81,16,542,463,79
"Wabash County","Wabash County, Illinois","G1701850","1701850","11","17185","17","185",6128,5810,318,3735,3555,180,2393,2255,138,6085,5767,318,0,0,0,22,22,0,64,47,17
"Warren County","Warren County, Illinois","G1701870","1701870","11","17187","17","187",9965,9202,763,5930,5524,406,4035,3678,357,9725,8989,736,170,145,25,23,21,2,71,67,4
"Washington County","Washington County, Illinois","G1701890","1701890","11","17189","17","189",6661,6134,527,4074,3793,281,2587,2341,246,6645,6120,525,3,3,0,0,0,0,21,19,2
"Wayne County","Wayne County, Illinois","G1701910","1701910","11","17191","17","191",7824,7047,777,4672,4187,485,3152,2860,292,7795,7020,775,0,0,0,0,0,0,39,32,7
"White County","White County, Illinois","G1701930","1701930","11","17193","17","193",7690,7047,643,4695,4249,446,2995,2798,197,7606,6970,636,24,17,7,40,40,0,39,37,2
"Whiteside County","Whiteside County, Illinois","G1701950","1701950","11","17195","17","195",30775,28894,1881,18665,17516,1149,12110,11378,732,29721,27894,1827,122,108,14,47,39,8,1873,1697,176
"Will County","Will County, Illinois","G1701970","1701970","11","17197","17","197",152025,140079,11946,91270,83401,7869,60755,56678,4077,135069,125302,9767,12609,10889,1720,272,224,48,5548,4875,673
"Williamson County","Williamson County, Illinois","G1701990","1701990","11","17199","17","199",24278,21610,2668,14568,12847,1721,9710,8763,947,23928,21328,2600,252,203,49,15,8,7,78,69,9
"Winnebago County","Winnebago County, Illinois","G1702010","1702010","11","17201","17","201",125067,116608,8459,72373,67500,4873,52694,49108,3586,114268,107424,6844,8704,7271,1433,340,332,8,2162,1901,261
"Woodford County","Woodford County, Illinois","G1702030","1702030","11","17203","17","203",15138,14384,754,9269,8780,489,5869,5604,265,15068,14322,746,22,22,0,19,16,3,41,37,4
"Adams County","Adams County, Indiana","G1800010","1800010","11","18001","18","001",13223,12306,917,7940,7451,489,5283,4855,428,13000,12162,838,0,0,0,24,16,8,313,199,114
"Allen County","Allen County, Indiana","G1800030","1800030","11","18003","18","003",145706,134540,11166,82702,75726,6976,63004,58814,4190,132748,123929,8819,10850,8787,2063,336,303,33,2258,1938,320
"Bartholomew County","Bartholomew County, Indiana","G1800050","1800050","11","18005","18","005",30940,28641,2299,18345,17130,1215,12595,11511,1084,30173,27976,2197,510,442,68,38,28,10,171,140,31
"Benton County","Benton County, Indiana","G1800070","1800070","11","18007","18","007",4579,4413,166,2708,2624,84,1871,1789,82,4562,4398,164,0,0,0,0,0,0,21,19,2
"Blackford County","Blackford County, Indiana","G1800090","1800090","11","18009","18","009",6930,6262,668,4132,3784,348,2798,2478,320,6912,6246,666,0,0,0,0,0,0,8,8,0
"Boone County","Boone County, Indiana","G1800110","1800110","11","18011","18","011",17456,16656,800,10315,9853,462,7141,6803,338,17378,16586,792,7,7,0,8,8,0,74,58,16
"Brown County","Brown County, Indiana","G1800130","1800130","11","18013","18","013",5680,5165,515,3464,3134,330,2216,2031,185,5663,5148,515,0,0,0,0,0,0,27,24,3
"Carroll County","Carroll County, Indiana","G1800150","1800150","11","18015","18","015",9351,8835,516,5563,5268,295,3788,3567,221,9317,8801,516,0,0,0,14,14,0,55,54,1
"Cass County","Cass County, Indiana","G1800170","1800170","11","18017","18","017",19435,18027,1408,11088,10411,677,8347,7616,731,19225,17847,1378,136,116,20,0,0,0,72,59,13
"Clark County","Clark County, Indiana","G1800190","1800190","11","18019","18","019",42300,38881,3419,24441,22465,1976,17859,16416,1443,40093,36955,3138,1973,1734,239,78,58,20,123,88,35
"Clay County","Clay County, Indiana","G1800210","1800210","11","18021","18","021",10748,9965,783,6521,6083,438,4227,3882,345,10679,9898,781,55,55,0,0,0,0,36,26,10
"Clinton County","Clinton County, Indiana","G1800230","1800230","11","18023","18","023",14588,13497,1091,8507,7890,617,6081,5607,474,14483,13392,1091,0,0,0,31,31,0,162,149,13
"Crawford County","Crawford County, Indiana","G1800250","1800250","11","18025","18","025",3866,3335,531,2473,2141,332,1393,1194,199,3833,3305,528,0,0,0,25,23,2,8,7,1
"Daviess County","Daviess County, Indiana","G1800270","1800270","11","18027","18","027",11370,10612,758,6863,6430,433,4507,4182,325,11332,10574,758,5,5,0,23,23,0,52,45,7
"Dearborn County","Dearborn County, Indiana","G1800290","1800290","11","18029","18","029",15075,13703,1372,9174,8408,766,5901,5295,606,14932,13586,1346,86,82,4,0,0,0,54,52,2
"Decatur County","Decatur County, Indiana","G1800310","1800310","11","18031","18","031",10341,9630,711,6399,6021,378,3942,3609,333,10320,9609,711,0,0,0,0,0,0,39,29,10
"De Kalb County","De Kalb County, Indiana","G1800330","1800330","11","18033","18","033",15743,14248,1495,9306,8428,878,6437,5820,617,15615,14133,1482,34,34,0,24,22,2,114,86,28
"Delaware County","Delaware County, Indiana","G1800350","1800350","11","18035","18","035",59068,53889,5179,33578,30565,3013,25490,23324,2166,55499,51010,4489,3207,2566,641,62,32,30,326,293,33
"Dubois County","Dubois County, Indiana","G1800370","1800370","11","18037","18","037",16735,16015,720,9806,9389,417,6929,6626,303,16726,16007,719,0,0,0,0,0,0,43,43,0
"Elkhart County","Elkhart County, Indiana","G1800390","1800390","11","18039","18","039",68418,62742,5676,39033,36144,2889,29385,26598,2787,65309,60180,5129,2411,1965,446,186,153,33,719,606,113
"Fayette County","Fayette County, Indiana","G1800410","1800410","11","18041","18","041",12504,10778,1726,7485,6719,766,5019,4059,960,12199,10530,1669,244,200,44,0,0,0,21,19,2
"Floyd County","Floyd County, Indiana","G1800430","1800430","11","18043","18","043",28721,26503,2218,16733,15490,1243,11988,11013,975,27592,25493,2099,1026,907,119,0,0,0,84,70,14
"Fountain County","Fountain County, Indiana","G1800450","1800450","11","18045","18","045",8521,7921,600,5124,4854,270,3397,3067,330,8501,7907,594,0,0,0,0,0,0,13,11,2
"Franklin County","Franklin County, Indiana","G1800470","1800470","11","18047","18","047",8349,7419,930,5209,4698,511,3140,2721,419,8325,7397,928,0,0,0,0,0,0,39,31,8
"Fulton County","Fulton County, Indiana","G1800490","1800490","11","18049","18","049",9446,8772,674,5433,5054,379,4013,3718,295,9355,8686,669,40,40,0,12,12,0,47,44,3
"Gibson County","Gibson County, Indiana","G1800510","1800510","11","18051","18","051",14828,13975,853,8961,8451,510,5867,5524,343,14540,13730,810,239,209,30,0,0,0,42,35,7
"Grant County","Grant County, Indiana","G1800530","1800530","11","18053","18","053",37511,33484,4027,21231,18948,2283,16280,14536,1744,34854,31495,3359,2186,1659,527,105,83,22,641,502,139
"Greene County","Greene County, Indiana","G1800550","1800550","11","18055","18","055",12738,11603,1135,7605,7002,603,5133,4601,532,12697,11569,1128,0,0,0,0,0,0,17,10,7
"Hamilton County","Hamilton County, Indiana","G1800570","1800570","11","18057","18","057",40031,38390,1641,23874,22876,998,16157,15514,643,39673,38066,1607,123,121,2,24,21,3,233,203,30
"Hancock County","Hancock County, Indiana","G1800590","1800590","11","18059","18","059",20967,19654,1313,12410,11545,865,8557,8109,448,20821,19508,1313,22,22,0,18,18,0,100,88,12
"Harrison County","Harrison County, Indiana","G1800610","1800610","11","18061","18","061",11997,11064,933,7401,6859,542,4596,4205,391,11903,10978,925,64,58,6,0,0,0,60,55,5
"Hendricks County","Hendricks County, Indiana","G1800630","1800630","11","18063","18","063",32913,31565,1348,20178,19429,749,12735,12136,599,32763,31421,1342,73,67,6,9,9,0,136,134,2
"Henry County","Henry County, Indiana","G1800650","1800650","11","18065","18","065",23096,19714,3382,13702,11520,2182,9394,8194,1200,22833,19502,3331,164,147,17,41,23,18,109,93,16
"Howard County","Howard County, Indiana","G1800670","1800670","11","18067","18","067",41311,35938,5373,23699,20612,3087,17612,15326,2286,38918,34124,4794,2003,1552,451,119,78,41,423,326,97
"Huntington County","Huntington County, Indiana","G1800690","1800690","11","18069","18","069",17192,15726,1466,9778,8986,792,7414,6740,674,17041,15582,1459,38,38,0,38,31,7,58,58,0
"Jackson County","Jackson County, Indiana","G1800710","1800710","11","18071","18","071",16764,15316,1448,9986,9175,811,6778,6141,637,16668,15220,1448,56,56,0,0,0,0,60,56,4
"Jasper County","Jasper County, Indiana","G1800730","1800730","11","18073","18","073",11500,10717,783,7083,6591,492,4417,4126,291,11426,10664,762,11,5,6,0,0,0,94,76,18
"Jay County","Jay County, Indiana","G1800750","1800750","11","18075","18","075",10657,9752,905,6234,5735,499,4423,4017,406,10609,9706,903,22,22,0,0,0,0,51,43,8
"Jefferson County","Jefferson County, Indiana","G1800770","1800770","11","18077","18","077",13572,12216,1356,7857,7026,831,5715,5190,525,13300,11977,1323,217,198,19,0,0,0,45,45,0
"Jennings County","Jennings County, Indiana","G1800790","1800790","11","18079","18","079",9676,8686,990,5641,5084,557,4035,3602,433,9589,8605,984,39,33,6,16,16,0,52,52,0
"Johnson County","Johnson County, Indiana","G1800810","1800810","11","18081","18","081",37130,35056,2074,21728,20582,1146,15402,14474,928,36737,34695,2042,177,161,16,72,61,11,203,188,15
"Knox County","Knox County, Indiana","G1800830","1800830","11","18083","18","083",18343,16760,1583,10900,9804,1096,7443,6956,487,18156,16617,1539,140,106,34,19,11,8,47,38,9
"Kosciusko County","Kosciusko County, Indiana","G1800850","1800850","11","18085","18","085",29083,27296,1787,17049,16154,895,12034,11142,892,28652,26889,1763,125,114,11,69,69,0,404,357,47
"Lagrange County","Lagrange County, Indiana","G1800870","1800870","11","18087","18","087",10755,10023,732,6644,6257,387,4111,3766,345,10728,10003,725,0,0,0,0,0,0,65,56,9
"Lake County","Lake County, Indiana","G1800890","1800890","11","18089","18","089",233701,211794,21907,140870,128150,12720,92831,83644,9187,174460,161570,12890,50458,42459,7999,336,275,61,16840,14959,1881
"La Porte County","La Porte County, Indiana","G1800910","1800910","11","18091","18","091",50612,46822,3790,29804,27769,2035,20808,19053,1755,46719,43467,3252,3400,2925,475,99,62,37,604,539,65
"Lawrence County","Lawrence County, Indiana","G1800930","1800930","11","18093","18","093",18189,16538,1651,11046,9998,1048,7143,6540,603,18075,16433,1642,0,0,0,32,25,7,69,54,15
"Madison County","Madison County, Indiana","G1800950","1800950","11","18095","18","095",62656,54812,7844,36250,32036,4214,26406,22776,3630,58513,51897,6616,3770,2595,1175,110,94,16,300,245,55
"Marion County","Marion County, Indiana","G1800970","1800970","11","18097","18","097",380362,354238,26124,207941,191860,16081,172421,162378,10043,306545,290324,16221,69915,60240,9675,720,647,73,2944,2748,196
"Marshall County","Marshall County, Indiana","G1800990","1800990","11","18099","18","099",18285,16847,1438,10754,9945,809,7531,6902,629,18141,16725,1416,16,16,0,16,10,6,214,179,35
"Martin County","Martin County, Indiana","G1801010","1801010","11","18101","18","101",4618,4178,440,2742,2551,191,1876,1627,249,4582,4151,431,0,0,0,0,0,0,43,41,2
"Miami County","Miami County, Indiana","G1801030","1801030","11","18103","18","103",16579,15069,1510,9391,8663,728,7188,6406,782,16086,14688,1398,252,184,68,119,107,12,119,101,18
"Monroe County","Monroe County, Indiana","G1801050","1801050","11","18105","18","105",47497,44389,3108,25690,23822,1868,21807,20567,1240,45709,42760,2949,1150,1030,120,48,40,8,396,351,45
"Montgomery County","Montgomery County, Indiana","G1801070","1801070","11","18107","18","107",16653,15848,805,9901,9467,434,6752,6381,371,16587,15784,803,25,25,0,17,15,2,18,18,0
"Morgan County","Morgan County, Indiana","G1801090","1801090","11","18109","18","109",23345,21778,1567,14515,13639,876,8830,8139,691,23256,21701,1555,0,0,0,23,18,5,45,45,0
"Newton County","Newton County, Indiana","G1801110","1801110","11","18111","18","111",6520,6080,440,4052,3769,283,2468,2311,157,6470,6035,435,0,0,0,13,11,2,52,52,0
"Noble County","Noble County, Indiana","G1801130","1801130","11","18113","18","113",16827,15233,1594,9586,8680,906,7241,6553,688,16701,15122,1579,7,7,0,32,27,5,157,119,38
"Ohio County","Ohio County, Indiana","G1801150","1801150","11","18115","18","115",2213,2001,212,1378,1253,125,835,748,87,2181,1976,205,24,19,5,0,0,0,0,0,0
"Orange County","Orange County, Indiana","G1801170","1801170","11","18117","18","117",8119,7350,769,4820,4391,429,3299,2959,340,7984,7217,767,118,118,0,0,0,0,45,38,7
"Owen County","Owen County, Indiana","G1801190","1801190","11","18119","18","119",6680,6056,624,4152,3747,405,2528,2309,219,6638,6025,613,0,0,0,23,14,9,31,28,3
"Parke County","Parke County, Indiana","G1801210","1801210","11","18121","18","121",6853,6400,453,4302,4014,288,2551,2386,165,6836,6386,450,0,0,0,12,9,3,22,22,0
"Perry County","Perry County, Indiana","G1801230","1801230","11","18123","18","123",8777,7907,870,5186,4736,450,3591,3171,420,8723,7860,863,0,0,0,19,12,7,0,0,0
"Pike County","Pike County, Indiana","G1801250","1801250","11","18125","18","125",5524,5048,476,3526,3205,321,1998,1843,155,5472,5002,470,0,0,0,16,10,6,28,22,6
"Porter County","Porter County, Indiana","G1801270","1801270","11","18127","18","127",56470,52607,3863,34739,32251,2488,21731,20356,1375,55730,51912,3818,141,137,4,104,88,16,1122,1019,103
"Posey County","Posey County, Indiana","G1801290","1801290","11","18129","18","129",11855,11203,652,7359,6973,386,4496,4230,266,11685,11085,600,102,55,47,44,41,3,36,36,0
"Pulaski County","Pulaski County, Indiana","G1801310","1801310","11","18131","18","131",5614,5339,275,3405,3240,165,2209,2099,110,5581,5306,275,19,19,0,0,0,0,52,49,3
"Putnam County","Putnam County, Indiana","G1801330","1801330","11","18133","18","133",12546,11797,749,7518,7049,469,5028,4748,280,12331,11609,722,152,127,25,0,0,0,26,26,0
"Randolph County","Randolph County, Indiana","G1801350","1801350","11","18135","18","135",13623,12381,1242,8246,7558,688,5377,4823,554,13559,12335,1224,0,0,0,28,16,12,62,53,9
"Ripley County","Ripley County, Indiana","G1801370","1801370","11","18137","18","137",10360,9772,588,6364,6028,336,3996,3744,252,10331,9743,588,0,0,0,0,0,0,21,19,2
"Rush County","Rush County, Indiana","G1801390","1801390","11","18139","18","139",8298,7678,620,4943,4596,347,3355,3082,273,8250,7630,620,36,36,0,0,0,0,8,8,0
"St. Joseph County","St. Joseph County, Indiana","G1801410","1801410","11","18141","18","141",115754,106641,9113,66133,60951,5182,49621,45690,3931,105293,98152,7141,9104,7289,1815,175,145,30,1248,1058,190
"Scott County","Scott County, Indiana","G1801430","1801430","11","18143","18","143",8245,7160,1085,5020,4369,651,3225,2791,434,8187,7102,1085,0,0,0,0,0,0,79,74,5
"Shelby County","Shelby County, Indiana","G1801450","1801450","11","18145","18","145",18928,17619,1309,11087,10296,791,7841,7323,518,18739,17499,1240,136,69,67,27,25,2,35,30,5
"Spencer County","Spencer County, Indiana","G1801470","1801470","11","18147","18","147",8330,7668,662,5423,5060,363,2907,2608,299,8239,7591,648,60,49,11,0,0,0,31,31,0
"Starke County","Starke County, Indiana","G1801490","1801490","11","18149","18","149",8946,7864,1082,5513,4792,721,3433,3072,361,8867,7798,1069,18,8,10,28,25,3,46,46,0
"Steuben County","Steuben County, Indiana","G1801510","1801510","11","18151","18","151",11577,10632,945,6776,6227,549,4801,4405,396,11477,10541,936,29,29,0,23,20,3,35,26,9
"Sullivan County","Sullivan County, Indiana","G1801530","1801530","11","18153","18","153",8484,7808,676,5288,4825,463,3196,2983,213,8468,7796,672,0,0,0,12,8,4,8,8,0
"Switzerland County","Switzerland County, Indiana","G1801550","1801550","11","18155","18","155",2893,2614,279,1714,1538,176,1179,1076,103,2877,2600,277,0,0,0,0,0,0,31,31,0
"Tippecanoe County","Tippecanoe County, Indiana","G1801570","1801570","11","18157","18","157",59080,56263,2817,33356,31698,1658,25724,24565,1159,57196,54493,2703,847,766,81,70,63,7,575,514,61
"Tipton County","Tipton County, Indiana","G1801590","1801590","11","18159","18","159",7706,7028,678,4619,4210,409,3087,2818,269,7653,6977,676,0,0,0,0,0,0,63,61,2
"Union County","Union County, Indiana","G1801610","1801610","11","18161","18","161",3051,2879,172,1855,1746,109,1196,1133,63,3037,2868,169,0,0,0,0,0,0,0,0,0
"Vanderburgh County","Vanderburgh County, Indiana","G1801630","1801630","11","18163","18","163",81212,76373,4839,45966,42886,3080,35246,33487,1759,76119,71889,4230,4716,4146,570,121,101,20,354,320,34
"Vermillion County","Vermillion County, Indiana","G1801650","1801650","11","18165","18","165",7590,6944,646,4601,4199,402,2989,2745,244,7557,6913,644,0,0,0,0,0,0,5,5,0
"Vigo County","Vigo County, Indiana","G1801670","1801670","11","18167","18","167",52174,48670,3504,29242,27050,2192,22932,21620,1312,49259,46097,3162,2370,2051,319,116,107,9,281,235,46
"Wabash County","Wabash County, Indiana","G1801690","1801690","11","18169","18","169",18016,16800,1216,10104,9499,605,7912,7301,611,17838,16645,1193,40,40,0,63,46,17,83,83,0
"Warren County","Warren County, Indiana","G1801710","1801710","11","18171","18","171",4075,3884,191,2480,2382,98,1595,1502,93,4063,3872,191,0,0,0,0,0,0,17,17,0
"Warrick County","Warrick County, Indiana","G1801730","1801730","11","18173","18","173",18698,17734,964,11697,11143,554,7001,6591,410,18458,17499,959,111,106,5,0,0,0,49,49,0
"Washington County","Washington County, Indiana","G1801750","1801750","11","18175","18","175",9381,8331,1050,5565,5031,534,3816,3300,516,9356,8313,1043,0,0,0,0,0,0,55,46,9
"Wayne County","Wayne County, Indiana","G1801770","1801770","11","18177","18","177",34799,31251,3548,20174,18100,2074,14625,13151,1474,33007,29819,3188,1610,1294,316,58,36,22,163,150,13
"Wells County","Wells County, Indiana","G1801790","1801790","11","18179","18","179",12389,11620,769,7195,6724,471,5194,4896,298,12364,11595,769,0,0,0,0,0,0,56,52,4
"White County","White County, Indiana","G1801810","1801810","11","18181","18","181",10856,10087,769,6371,5978,393,4485,4109,376,10801,10033,768,0,0,0,0,0,0,37,37,0
"Whitley County","Whitley County, Indiana","G1801830","1801830","11","18183","18","183",12638,11538,1100,7465,6755,710,5173,4783,390,12574,11490,1084,0,0,0,37,33,4,30,19,11
"Adair County","Adair County, Iowa","G1900010","1900010","11","19001","19","001",4159,3993,166,2601,2495,106,1558,1498,60,4130,3966,164,0,0,0,0,0,0,15,15,0
"Adams County","Adams County, Iowa","G1900030","1900030","11","19003","19","003",2716,2639,77,1576,1519,57,1140,1120,20,2712,2637,75,0,0,0,0,0,0,0,0,0
"Allamakee County","Allamakee County, Iowa","G1900050","1900050","11","19005","19","005",6744,6274,470,4040,3683,357,2704,2591,113,6727,6259,468,0,0,0,0,0,0,26,16,10
"Appanoose County","Appanoose County, Iowa","G1900070","1900070","11","19007","19","007",6289,5600,689,3693,3244,449,2596,2356,240,6207,5537,670,46,46,0,22,17,5,12,3,9
"Audubon County","Audubon County, Iowa","G1900090","1900090","11","19009","19","009",3789,3631,158,2364,2261,103,1425,1370,55,0,0,0,0,0,0,0,0,0,0,0,0
"Benton County","Benton County, Iowa","G1900110","1900110","11","19011","19","011",10738,10236,502,6497,6186,311,4241,4050,191,10713,10211,502,0,0,0,2,2,0,33,33,0
"Black Hawk County","Black Hawk County, Iowa","G1900130","1900130","11","19013","19","013",66122,62408,3714,38229,36275,1954,27893,26133,1760,62296,59117,3179,3336,2818,518,105,105,0,422,378,44
"Boone County","Boone County, Iowa","G1900150","1900150","11","19015","19","015",11931,11379,552,6888,6529,359,5043,4850,193,11855,11303,552,10,10,0,0,0,0,5,5,0
"Bremer County","Bremer County, Iowa","G1900170","1900170","11","19017","19","017",11108,10611,497,6749,6494,255,4359,4117,242,11076,10588,488,0,0,0,0,0,0,28,28,0
"Buchanan County","Buchanan County, Iowa","G1900190","1900190","11","19019","19","019",9605,9104,501,6012,5708,304,3593,3396,197,9580,9081,499,0,0,0,0,0,0,32,28,4
"Buena Vista County","Buena Vista County, Iowa","G1900210","1900210","11","19021","19","021",9587,9281,306,5706,5546,160,3881,3735,146,9566,9260,306,0,0,0,0,0,0,19,19,0
"Butler County","Butler County, Iowa","G1900230","1900230","11","19023","19","023",7538,7158,380,4743,4487,256,2795,2671,124,7522,7144,378,0,0,0,0,0,0,10,10,0
"Calhoun County","Calhoun County, Iowa","G1900250","1900250","11","19025","19","025",5468,5262,206,3410,3281,129,2058,1981,77,5449,5246,203,0,0,0,0,0,0,24,21,3
"Carroll County","Carroll County, Iowa","G1900270","1900270","11","19027","19","027",10297,10007,290,6113,5940,173,4184,4067,117,10282,9992,290,0,0,0,6,6,0,22,22,0
"Cass County","Cass County, Iowa","G1900290","1900290","11","19029","19","029",7922,7434,488,4650,4297,353,3272,3137,135,7907,7424,483,0,0,0,0,0,0,5,0,5
"Cedar County","Cedar County, Iowa","G1900310","1900310","11","19031","19","031",8618,8318,300,5231,5052,179,3387,3266,121,8543,8245,298,0,0,0,22,20,2,61,61,0
"Cerro Gordo County","Cerro Gordo County, Iowa","G1900330","1900330","11","19033","19","033",23602,22092,1510,13180,12198,982,10422,9894,528,23359,21908,1451,37,25,12,37,24,13,380,322,58
"Cherokee County","Cherokee County, Iowa","G1900350","1900350","11","19035","19","035",7281,6989,292,4549,4359,190,2732,2630,102,7269,6977,292,0,0,0,0,0,0,6,6,0
"Chickasaw County","Chickasaw County, Iowa","G1900370","1900370","11","19037","19","037",6757,6335,422,4158,3901,257,2599,2434,165,6753,6331,422,0,0,0,0,0,0,0,0,0
"Clarke County","Clarke County, Iowa","G1900390","1900390","11","19039","19","039",3757,3517,240,2224,2068,156,1533,1449,84,3744,3504,240,0,0,0,0,0,0,0,0,0
"Clay County","Clay County, Iowa","G1900410","1900410","11","19041","19","041",9277,8807,470,5449,5155,294,3828,3652,176,9196,8749,447,0,0,0,19,19,0,29,14,15
"Clayton County","Clayton County, Iowa","G1900430","1900430","11","19043","19","043",9492,8929,563,5799,5406,393,3693,3523,170,9414,8871,543,0,0,0,41,24,17,26,23,3
"Clinton County","Clinton County, Iowa","G1900450","1900450","11","19045","19","045",26742,25462,1280,15844,15214,630,10898,10248,650,26326,25070,1256,235,222,13,0,0,0,89,79,10
"Crawford County","Crawford County, Iowa","G1900470","1900470","11","19047","19","047",8367,8024,343,5303,5049,254,3064,2975,89,8331,7988,343,0,0,0,0,0,0,24,24,0
"Dallas County","Dallas County, Iowa","G1900490","1900490","11","19049","19","049",13922,13230,692,8142,7627,515,5780,5603,177,13883,13191,692,0,0,0,0,0,0,19,19,0
"Davis County","Davis County, Iowa","G1900510","1900510","11","19051","19","051",3755,3511,244,2376,2191,185,1379,1320,59,0,0,0,0,0,0,0,0,0,0,0,0
"Decatur County","Decatur County, Iowa","G1900530","1900530","11","19053","19","053",4182,3934,248,2376,2216,160,1806,1718,88,4144,3899,245,25,25,0,0,0,0,14,14,0
"Delaware County","Delaware County, Iowa","G1900550","1900550","11","19055","19","055",8176,7847,329,5084,4841,243,3092,3006,86,8156,7827,329,0,0,0,0,0,0,19,19,0
"Des Moines County","Des Moines County, Iowa","G1900570","1900570","11","19057","19","057",22144,20761,1383,12774,12056,718,9370,8705,665,21576,20297,1279,386,309,77,51,28,23,273,237,36
"Dickinson County","Dickinson County, Iowa","G1900590","1900590","11","19059","19","059",7288,6845,443,4321,4073,248,2967,2772,195,7264,6827,437,0,0,0,0,0,0,10,8,2
"Dubuque County","Dubuque County, Iowa","G1900610","1900610","11","19061","19","061",44354,41752,2602,25646,24077,1569,18708,17675,1033,43982,41439,2543,168,128,40,34,27,7,215,198,17
"Emmet County","Emmet County, Iowa","G1900630","1900630","11","19063","19","063",5935,5587,348,3628,3413,215,2307,2174,133,5898,5550,348,0,0,0,0,0,0,6,6,0
"Fayette County","Fayette County, Iowa","G1900650","1900650","11","19065","19","065",11122,10596,526,6794,6516,278,4328,4080,248,11060,10534,526,10,10,0,0,0,0,108,85,23
"Floyd County","Floyd County, Iowa","G1900670","1900670","11","19067","19","067",8651,8181,470,5242,4949,293,3409,3232,177,8616,8146,470,0,0,0,0,0,0,20,20,0
"Franklin County","Franklin County, Iowa","G1900690","1900690","11","19069","19","069",5678,5441,237,3602,3437,165,2076,2004,72,5596,5370,226,0,0,0,0,0,0,44,38,6
"Fremont County","Fremont County, Iowa","G1900710","1900710","11","19071","19","071",4124,3981,143,2463,2388,75,1661,1593,68,4095,3953,142,0,0,0,0,0,0,0,0,0
"Greene County","Greene County, Iowa","G1900730","1900730","11","19073","19","073",5519,5226,293,3240,3060,180,2279,2166,113,5494,5201,293,0,0,0,0,0,0,0,0,0
"Grundy County","Grundy County, Iowa","G1900750","1900750","11","19075","19","075",6356,6141,215,3944,3863,81,2412,2278,134,6352,6137,215,0,0,0,0,0,0,0,0,0
"Guthrie County","Guthrie County, Iowa","G1900770","1900770","11","19077","19","077",5082,4782,300,3092,2890,202,1990,1892,98,5074,4776,298,0,0,0,0,0,0,20,20,0
"Hamilton County","Hamilton County, Iowa","G1900790","1900790","11","19079","19","079",8407,7995,412,5064,4768,296,3343,3227,116,8382,7976,406,0,0,0,0,0,0,0,0,0
"Hancock County","Hancock County, Iowa","G1900810","1900810","11","19081","19","081",6309,5718,591,3893,3544,349,2416,2174,242,6300,5711,589,0,0,0,0,0,0,12,10,2
"Hardin County","Hardin County, Iowa","G1900830","1900830","11","19083","19","083",9823,9305,518,5982,5637,345,3841,3668,173,9780,9276,504,10,5,5,0,0,0,34,7,27
"Harrison County","Harrison County, Iowa","G1900850","1900850","11","19085","19","085",6766,6417,349,4139,3911,228,2627,2506,121,6764,6415,349,0,0,0,0,0,0,0,0,0
"Henry County","Henry County, Iowa","G1900870","1900870","11","19087","19","087",8848,8266,582,5046,4664,382,3802,3602,200,8730,8158,572,67,67,0,0,0,0,62,57,5
"Howard County","Howard County, Iowa","G1900890","1900890","11","19089","19","089",4692,4440,252,2912,2731,181,1780,1709,71,4682,4430,252,0,0,0,0,0,0,0,0,0
"Humboldt County","Humboldt County, Iowa","G1900910","1900910","11","19091","19","091",5378,5092,286,3402,3213,189,1976,1879,97,5362,5076,286,0,0,0,0,0,0,0,0,0
"Ida County","Ida County, Iowa","G1900930","1900930","11","19093","19","093",3820,3706,114,2404,2335,69,1416,1371,45,3815,3701,114,0,0,0,0,0,0,0,0,0
"Iowa County","Iowa County, Iowa","G1900950","1900950","11","19095","19","095",7735,7500,235,4384,4220,164,3351,3280,71,7719,7484,235,0,0,0,0,0,0,9,9,0
"Jackson County","Jackson County, Iowa","G1900970","1900970","11","19097","19","097",9857,9187,670,5906,5501,405,3951,3686,265,9816,9146,670,0,0,0,0,0,0,8,0,8
"Jasper County","Jasper County, Iowa","G1900990","1900990","11","19099","19","099",17282,16352,930,10143,9485,658,7139,6867,272,17230,16300,930,10,10,0,0,0,0,41,39,2
"Jefferson County","Jefferson County, Iowa","G1901010","1901010","11","19101","19","101",7859,7469,390,4678,4454,224,3181,3015,166,7750,7366,384,32,32,0,31,25,6,35,29,6
"Johnson County","Johnson County, Iowa","G1901030","1901030","11","19103","19","103",45531,44055,1476,24076,23112,964,21455,20943,512,43929,42555,1374,653,604,49,67,56,11,382,351,31
"Jones County","Jones County, Iowa","G1901050","1901050","11","19105","19","105",8917,8599,318,5397,5210,187,3520,3389,131,8904,8586,318,2,2,0,11,11,0,11,11,0
"Keokuk County","Keokuk County, Iowa","G1901070","1901070","11","19107","19","107",5416,5094,322,3364,3123,241,2052,1971,81,5394,5077,317,0,0,0,0,0,0,13,13,0
"Kossuth County","Kossuth County, Iowa","G1901090","1901090","11","19109","19","109",9553,8924,629,5951,5590,361,3602,3334,268,9504,8885,619,0,0,0,0,0,0,37,27,10
"Lee County","Lee County, Iowa","G1901110","1901110","11","19111","19","111",19833,18401,1432,11694,10794,900,8139,7607,532,19179,17816,1363,367,329,38,51,46,5,333,310,23
"Linn County","Linn County, Iowa","G1901130","1901130","11","19113","19","113",87169,83161,4008,49157,46683,2474,38012,36478,1534,85302,81436,3866,1249,1145,104,146,129,17,582,507,75
"Louisa County","Louisa County, Iowa","G1901150","1901150","11","19115","19","115",5376,5163,213,3298,3175,123,2078,1988,90,5294,5095,199,0,0,0,16,14,2,74,60,14
"Lucas County","Lucas County, Iowa","G1901170","1901170","11","19117","19","117",4588,4344,244,2718,2601,117,1870,1743,127,4560,4316,244,0,0,0,0,0,0,2,2,0
"Lyon County","Lyon County, Iowa","G1901190","1901190","11","19119","19","119",5514,5298,216,3443,3279,164,2071,2019,52,5509,5295,214,0,0,0,0,0,0,0,0,0
"Madison County","Madison County, Iowa","G1901210","1901210","11","19121","19","121",5630,5330,300,3473,3246,227,2157,2084,73,5610,5310,300,0,0,0,0,0,0,23,23,0
"Mahaska County","Mahaska County, Iowa","G1901230","1901230","11","19123","19","123",10241,9701,540,6208,5874,334,4033,3827,206,10141,9632,509,43,30,13,13,13,0,9,9,0
"Marion County","Marion County, Iowa","G1901250","1901250","11","19125","19","125",13551,12964,587,7876,7519,357,5675,5445,230,13405,12828,577,60,60,0,0,0,0,52,44,8
"Marshall County","Marshall County, Iowa","G1901270","1901270","11","19127","19","127",20084,19249,835,11651,11164,487,8433,8085,348,19786,18985,801,110,99,11,40,35,5,88,70,18
"Mills County","Mills County, Iowa","G1901290","1901290","11","19129","19","129",5751,5535,216,3297,3167,130,2454,2368,86,5733,5517,216,0,0,0,0,0,0,26,20,6
"Mitchell County","Mitchell County, Iowa","G1901310","1901310","11","19131","19","131",5100,4861,239,3130,2966,164,1970,1895,75,5100,4861,239,0,0,0,0,0,0,0,0,0
"Monona County","Monona County, Iowa","G1901330","1901330","11","19133","19","133",4797,4567,230,3054,2909,145,1743,1658,85,4791,4561,230,0,0,0,0,0,0,0,0,0
"Monroe County","Monroe County, Iowa","G1901350","1901350","11","19135","19","135",4074,3796,278,2408,2218,190,1666,1578,88,4040,3772,268,0,0,0,0,0,0,0,0,0
"Montgomery County","Montgomery County, Iowa","G1901370","1901370","11","19137","19","137",6141,5849,292,3577,3403,174,2564,2446,118,6090,5812,278,0,0,0,0,0,0,21,21,0
"Muscatine County","Muscatine County, Iowa","G1901390","1901390","11","19139","19","139",19031,18092,939,11274,10807,467,7757,7285,472,18344,17491,853,95,89,6,50,38,12,790,712,78
"O'brien County","O'brien County, Iowa","G1901410","1901410","11","19141","19","141",7132,6909,223,4481,4343,138,2651,2566,85,7127,6904,223,0,0,0,0,0,0,31,31,0
"Osceola County","Osceola County, Iowa","G1901430","1901430","11","19143","19","143",3604,3474,130,2259,2173,86,1345,1301,44,3587,3457,130,0,0,0,6,6,0,0,0,0
"Page County","Page County, Iowa","G1901450","1901450","11","19145","19","145",8596,8318,278,5029,4897,132,3567,3421,146,8527,8268,259,0,0,0,21,16,5,46,39,7
"Palo Alto County","Palo Alto County, Iowa","G1901470","1901470","11","19147","19","147",5258,5021,237,3213,3056,157,2045,1965,80,5226,4989,237,0,0,0,0,0,0,25,25,0
"Plymouth County","Plymouth County, Iowa","G1901490","1901490","11","19149","19","149",10888,10495,393,6712,6447,265,4176,4048,128,10797,10410,387,30,24,6,28,28,0,15,15,0
"Pocahontas County","Pocahontas County, Iowa","G1901510","1901510","11","19151","19","151",4687,4512,175,2917,2819,98,1770,1693,77,4684,4509,175,0,0,0,0,0,0,0,0,0
"Polk County","Polk County, Iowa","G1901530","1901530","11","19153","19","153",160004,152451,7553,86158,81087,5071,73846,71364,2482,151217,144513,6704,6153,5480,673,362,343,19,1962,1777,185
"Pottawattamie County","Pottawattamie County, Iowa","G1901550","1901550","11","19155","19","155",40707,38340,2367,23308,21750,1558,17399,16590,809,40140,37825,2315,137,117,20,124,110,14,497,456,41
"Poweshiek County","Poweshiek County, Iowa","G1901570","1901570","11","19157","19","157",9093,8665,428,5245,4961,284,3848,3704,144,8997,8575,422,38,33,5,0,0,0,18,18,0
"Ringgold County","Ringgold County, Iowa","G1901590","1901590","11","19159","19","159",2653,2535,118,1607,1544,63,1046,991,55,2641,2526,115,0,0,0,0,0,0,0,0,0
"Sac County","Sac County, Iowa","G1901610","1901610","11","19161","19","161",6143,5886,257,3869,3711,158,2274,2175,99,6141,5884,257,0,0,0,0,0,0,0,0,0
"Scott County","Scott County, Iowa","G1901630","1901630","11","19163","19","163",78368,74258,4110,45843,43423,2420,32525,30835,1690,74776,71092,3684,2402,2119,283,192,155,37,1662,1510,152
"Shelby County","Shelby County, Iowa","G1901650","1901650","11","19165","19","165",6360,6091,269,4041,3916,125,2319,2175,144,6355,6086,269,0,0,0,0,0,0,0,0,0
"Sioux County","Sioux County, Iowa","G1901670","1901670","11","19167","19","167",13584,13140,444,8316,8016,300,5268,5124,144,13541,13108,433,30,19,11,6,6,0,24,21,3
"Story County","Story County, Iowa","G1901690","1901690","11","19169","19","169",35656,34225,1431,19830,18976,854,15826,15249,577,34547,33195,1352,447,402,45,26,16,10,141,141,0
"Tama County","Tama County, Iowa","G1901710","1901710","11","19171","19","171",8164,7793,371,5151,4896,255,3013,2897,116,7894,7569,325,0,0,0,236,190,46,30,30,0
"Taylor County","Taylor County, Iowa","G1901730","1901730","11","19173","19","173",3507,3391,116,2119,2040,79,1388,1351,37,3495,3381,114,0,0,0,0,0,0,0,0,0
"Union County","Union County, Iowa","G1901750","1901750","11","19175","19","175",6133,5726,407,3595,3320,275,2538,2406,132,6087,5686,401,0,0,0,0,0,0,22,21,1
"Van Buren County","Van Buren County, Iowa","G1901770","1901770","11","19177","19","177",3683,3480,203,2294,2172,122,1389,1308,81,3675,3472,203,0,0,0,0,0,0,11,6,5
"Wapello County","Wapello County, Iowa","G1901790","1901790","11","19179","19","179",17016,15841,1175,10229,9463,766,6787,6378,409,16877,15713,1164,99,88,11,21,21,0,79,57,22
"Warren County","Warren County, Iowa","G1901810","1901810","11","19181","19","181",16884,16152,732,9831,9339,492,7053,6813,240,16742,16017,725,60,53,7,8,8,0,91,91,0
"Washington County","Washington County, Iowa","G1901830","1901830","11","19183","19","183",9454,9068,386,5489,5278,211,3965,3790,175,9412,9030,382,10,6,4,0,0,0,50,46,4
"Wayne County","Wayne County, Iowa","G1901850","1901850","11","19185","19","185",3296,3134,162,2027,1917,110,1269,1217,52,3286,3124,162,0,0,0,0,0,0,0,0,0
"Webster County","Webster County, Iowa","G1901870","1901870","11","19187","19","187",21645,20677,968,12225,11598,627,9420,9079,341,21269,20357,912,283,238,45,14,14,0,177,166,11
"Winnebago County","Winnebago County, Iowa","G1901890","1901890","11","19189","19","189",5976,5349,627,3471,3103,368,2505,2246,259,5964,5342,622,0,0,0,0,0,0,18,18,0
"Winneshiek County","Winneshiek County, Iowa","G1901910","1901910","11","19191","19","191",10249,9628,621,5983,5545,438,4266,4083,183,10166,9556,610,70,64,6,0,0,0,11,11,0
"Woodbury County","Woodbury County, Iowa","G1901930","1901930","11","19193","19","193",46738,43813,2925,26829,25078,1751,19909,18735,1174,45639,42903,2736,428,345,83,343,261,82,528,455,73
"Worth County","Worth County, Iowa","G1901950","1901950","11","19195","19","195",4069,3759,310,2441,2246,195,1628,1513,115,4046,3745,301,0,0,0,0,0,0,23,20,3
"Wright County","Wright County, Iowa","G1901970","1901970","11","19197","19","197",7100,6772,328,4357,4153,204,2743,2619,124,7063,6747,316,0,0,0,12,0,12,67,60,7
"Allen County","Allen County, Kansas","G2000010","2000010","11","20001","20","001",6977,6586,391,4039,3835,204,2938,2751,187,6820,6448,372,83,64,19,33,33,0,74,70,4
"Anderson County","Anderson County, Kansas","G2000030","2000030","11","20003","20","003",3747,3629,118,2333,2248,85,1414,1381,33,3712,3594,118,0,0,0,14,14,0,22,21,1
"Atchison County","Atchison County, Kansas","G2000050","2000050","11","20005","20","005",7979,7540,439,4734,4507,227,3245,3033,212,7472,7109,363,421,360,61,13,9,4,115,103,12
"Barber County","Barber County, Kansas","G2000070","2000070","11","20007","20","007",2975,2933,42,1810,1788,22,1165,1145,20,2943,2901,42,0,0,0,0,0,0,16,16,0
"Barton County","Barton County, Kansas","G2000090","2000090","11","20009","20","009",15353,15002,351,9069,8904,165,6284,6098,186,15016,14678,338,125,121,4,65,65,0,203,194,9
"Bourbon County","Bourbon County, Kansas","G2000110","2000110","11","20011","20","011",7377,7082,295,4068,3897,171,3309,3185,124,7117,6843,274,175,157,18,47,44,3,32,32,0
"Brown County","Brown County, Kansas","G2000130","2000130","11","20013","20","013",5034,4822,212,3078,2946,132,1956,1876,80,4695,4544,151,52,50,2,259,200,59,89,81,8
"Butler County","Butler County, Kansas","G2000150","2000150","11","20015","20","015",21526,20880,646,12712,12348,364,8814,8532,282,21118,20477,641,117,117,0,142,142,0,214,211,3
"Chase County","Chase County, Kansas","G2000170","2000170","11","20017","20","017",1502,1434,68,912,879,33,590,555,35,1486,1422,64,0,0,0,0,0,0,0,0,0
"Chautauqua County","Chautauqua County, Kansas","G2000190","2000190","11","20019","20","019",2184,2129,55,1334,1304,30,850,825,25,2123,2072,51,0,0,0,46,42,4,0,0,0
"Cherokee County","Cherokee County, Kansas","G2000210","2000210","11","20021","20","021",8995,8509,486,5393,5074,319,3602,3435,167,8752,8276,476,49,49,0,163,153,10,24,24,0
"Cheyenne County","Cheyenne County, Kansas","G2000230","2000230","11","20023","20","023",1595,1580,15,998,990,8,597,590,7,1583,1570,13,0,0,0,0,0,0,0,0,0
"Clark County","Clark County, Kansas","G2000250","2000250","11","20025","20","025",1173,1156,17,702,691,11,471,465,6,1170,1153,17,0,0,0,0,0,0,0,0,0
"Clay County","Clay County, Kansas","G2000270","2000270","11","20027","20","027",4476,4340,136,2753,2664,89,1723,1676,47,4469,4333,136,0,0,0,0,0,0,32,32,0
"Cloud County","Cloud County, Kansas","G2000290","2000290","11","20029","20","029",5499,5365,134,3257,3179,78,2242,2186,56,5474,5340,134,0,0,0,0,0,0,13,13,0
"Coffey County","Coffey County, Kansas","G2000310","2000310","11","20031","20","031",4032,3886,146,2573,2486,87,1459,1400,59,3984,3843,141,0,0,0,37,32,5,0,0,0
"Comanche County","Comanche County, Kansas","G2000330","2000330","11","20033","20","033",1214,1209,5,743,743,0,471,466,5,1211,1206,5,0,0,0,0,0,0,0,0,0
"Cowley County","Cowley County, Kansas","G2000350","2000350","11","20035","20","035",16594,16087,507,9777,9497,280,6817,6590,227,15718,15252,466,466,448,18,210,193,17,303,289,14
"Crawford County","Crawford County, Kansas","G2000370","2000370","11","20037","20","037",16374,15557,817,9461,9015,446,6913,6542,371,15974,15185,789,141,141,0,157,129,28,74,70,4
"Decatur County","Decatur County, Kansas","G2000390","2000390","11","20039","20","039",2026,2005,21,1258,1248,10,768,757,11,2020,1999,21,0,0,0,0,0,0,0,0,0
"Dickinson County","Dickinson County, Kansas","G2000410","2000410","11","20041","20","041",9087,8626,461,5375,5059,316,3712,3567,145,8990,8534,456,21,20,1,16,16,0,165,160,5
"Doniphan County","Doniphan County, Kansas","G2000430","2000430","11","20043","20","043",3727,3552,175,2350,2229,121,1377,1323,54,3576,3423,153,96,87,9,42,31,11,48,41,7
"Douglas County","Douglas County, Kansas","G2000450","2000450","11","20045","20","045",34129,32464,1665,19227,18193,1034,14902,14271,631,31390,29984,1406,1296,1172,124,607,504,103,630,586,44
"Edwards County","Edwards County, Kansas","G2000470","2000470","11","20047","20","047",1915,1861,54,1167,1150,17,748,711,37,1858,1804,54,0,0,0,0,0,0,66,64,2
"Elk County","Elk County, Kansas","G2000490","2000490","11","20049","20","049",1653,1586,67,985,937,48,668,649,19,1639,1572,67,0,0,0,10,10,0,5,0,5
"Ellis County","Ellis County, Kansas","G2000510","2000510","11","20051","20","051",13735,13310,425,7455,7233,222,6280,6077,203,13591,13166,425,23,23,0,45,45,0,110,110,0
"Ellsworth County","Ellsworth County, Kansas","G2000530","2000530","11","20053","20","053",2969,2910,59,1784,1754,30,1185,1156,29,2934,2880,54,0,0,0,0,0,0,73,71,2
"Finney County","Finney County, Kansas","G2000550","2000550","11","20055","20","055",11860,11478,382,7143,6947,196,4717,4531,186,10898,10563,335,73,73,0,59,48,11,1337,1278,59
"Ford County","Ford County, Kansas","G2000570","2000570","11","20057","20","057",11909,11658,251,7031,6909,122,4878,4749,129,11201,10976,225,206,206,0,85,80,5,689,642,47
"Franklin County","Franklin County, Kansas","G2000590","2000590","11","20059","20","059",10126,9611,515,5889,5488,401,4237,4123,114,9811,9320,491,116,114,2,76,67,9,169,149,20
"Geary County","Geary County, Kansas","G2000610","2000610","11","20061","20","061",10161,9238,923,5155,4764,391,5006,4474,532,7964,7403,561,1553,1273,280,37,20,17,276,219,57
"Gove County","Gove County, Kansas","G2000630","2000630","11","20063","20","063",1614,1601,13,1061,1058,3,553,543,10,1609,1596,13,0,0,0,0,0,0,0,0,0
"Graham County","Graham County, Kansas","G2000650","2000650","11","20065","20","065",1783,1753,30,1123,1107,16,660,646,14,1726,1704,22,56,48,8,0,0,0,0,0,0
"Grant County","Grant County, Kansas","G2000670","2000670","11","20067","20","067",3193,3134,59,1995,1964,31,1198,1170,28,2926,2878,48,0,0,0,12,12,0,445,419,26
"Gray County","Gray County, Kansas","G2000690","2000690","11","20069","20","069",2316,2287,29,1486,1469,17,830,818,12,2300,2273,27,0,0,0,0,0,0,18,16,2
"Greeley County","Greeley County, Kansas","G2000710","2000710","11","20071","20","071",863,850,13,558,548,10,305,302,3,843,830,13,0,0,0,0,0,0,38,35,3
"Greenwood County","Greenwood County, Kansas","G2000730","2000730","11","20073","20","073",3726,3613,113,2295,2225,70,1431,1388,43,3696,3583,113,0,0,0,19,19,0,27,27,0
"Hamilton County","Hamilton County, Kansas","G2000750","2000750","11","20075","20","075",1151,1116,35,728,705,23,423,411,12,1136,1103,33,0,0,0,0,0,0,28,26,2
"Harper County","Harper County, Kansas","G2000770","2000770","11","20077","20","077",3556,3448,108,2093,2013,80,1463,1435,28,3540,3434,106,0,0,0,0,0,0,27,25,2
"Harvey County","Harvey County, Kansas","G2000790","2000790","11","20079","20","079",15113,14734,379,8601,8444,157,6512,6290,222,14428,14084,344,232,203,29,60,60,0,659,651,8
"Haskell County","Haskell County, Kansas","G2000810","2000810","11","20081","20","081",1710,1674,36,1149,1139,10,561,535,26,1631,1597,34,0,0,0,0,0,0,128,126,2
"Hodgeman County","Hodgeman County, Kansas","G2000830","2000830","11","20083","20","083",1055,1040,15,714,701,13,341,339,2,1048,1033,15,0,0,0,0,0,0,0,0,0
"Jackson County","Jackson County, Kansas","G2000850","2000850","11","20085","20","085",5191,4904,287,3129,2942,187,2062,1962,100,4985,4721,264,0,0,0,184,161,23,20,18,2
"Jefferson County","Jefferson County, Kansas","G2000870","2000870","11","20087","20","087",6952,6647,305,4139,3930,209,2813,2717,96,6858,6555,303,24,24,0,38,36,2,47,43,4
"Jewell County","Jewell County, Kansas","G2000890","2000890","11","20089","20","089",2034,1979,55,1303,1285,18,731,694,37,2025,1970,55,0,0,0,0,0,0,0,0,0
"Johnson County","Johnson County, Kansas","G2000910","2000910","11","20091","20","091",144716,140099,4617,83098,80376,2722,61618,59723,1895,140737,136357,4380,1613,1502,111,491,468,23,2109,2032,77
"Kearny County","Kearny County, Kansas","G2000930","2000930","11","20093","20","093",1498,1462,36,980,964,16,518,498,20,1400,1372,28,0,0,0,0,0,0,148,140,8
"Kingman County","Kingman County, Kansas","G2000950","2000950","11","20095","20","095",3985,3924,61,2486,2438,48,1499,1486,13,3922,3861,61,0,0,0,0,0,0,60,60,0
"Kiowa County","Kiowa County, Kansas","G2000970","2000970","11","20097","20","097",1872,1842,30,1139,1123,16,733,719,14,1864,1834,30,0,0,0,0,0,0,0,0,0
"Labette County","Labette County, Kansas","G2000990","2000990","11","20099","20","099",11259,10623,636,6472,6126,346,4787,4497,290,10464,9899,565,507,453,54,169,155,14,227,192,35
"Lane County","Lane County, Kansas","G2001010","2001010","11","20101","20","101",1076,1057,19,717,715,2,359,342,17,1068,1049,19,0,0,0,0,0,0,13,10,3
"Leavenworth County","Leavenworth County, Kansas","G2001030","2001030","11","20103","20","103",20619,19453,1166,11511,10819,692,9108,8634,474,18798,17836,962,1356,1209,147,148,138,10,313,299,14
"Lincoln County","Lincoln County, Kansas","G2001050","2001050","11","20105","20","105",1704,1680,24,1097,1084,13,607,596,11,1701,1677,24,0,0,0,0,0,0,0,0,0
"Linn County","Linn County, Kansas","G2001070","2001070","11","20107","20","107",3355,3155,200,2067,1921,146,1288,1234,54,3332,3136,196,9,7,2,13,11,2,0,0,0
"Logan County","Logan County, Kansas","G2001090","2001090","11","20109","20","109",1580,1552,28,974,957,17,606,595,11,1578,1550,28,0,0,0,0,0,0,0,0,0
"Lyon County","Lyon County, Kansas","G2001110","2001110","11","20111","20","111",17983,17247,736,10294,9879,415,7689,7368,321,17111,16429,682,418,385,33,108,92,16,692,680,12
"Mcpherson County","Mcpherson County, Kansas","G2001130","2001130","11","20113","20","113",13571,13250,321,7874,7679,195,5697,5571,126,13273,12977,296,195,173,22,42,39,3,117,115,2
"Marion County","Marion County, Kansas","G2001150","2001150","11","20115","20","115",6206,6016,190,3727,3649,78,2479,2367,112,6149,5966,183,19,16,3,11,8,3,45,43,2
"Marshall County","Marshall County, Kansas","G2001170","2001170","11","20117","20","117",5556,5421,135,3452,3352,100,2104,2069,35,5537,5404,133,0,0,0,0,0,0,24,23,1
"Meade County","Meade County, Kansas","G2001190","2001190","11","20119","20","119",2159,2121,38,1415,1408,7,744,713,31,2129,2093,36,0,0,0,0,0,0,36,31,5
"Miami County","Miami County, Kansas","G2001210","2001210","11","20121","20","121",9513,9060,453,5659,5334,325,3854,3726,128,9252,8825,427,207,184,23,32,29,3,78,78,0
"Mitchell County","Mitchell County, Kansas","G2001230","2001230","11","20123","20","123",3720,3668,52,2209,2190,19,1511,1478,33,3709,3657,52,0,0,0,0,0,0,0,0,0
"Montgomery County","Montgomery County, Kansas","G2001250","2001250","11","20125","20","125",19138,18199,939,11057,10567,490,8081,7632,449,17688,16880,808,970,871,99,313,288,25,260,250,10
"Morris County","Morris County, Kansas","G2001270","2001270","11","20127","20","127",2849,2746,103,1764,1702,62,1085,1044,41,2824,2721,103,0,0,0,7,7,0,35,32,3
"Morton County","Morton County, Kansas","G2001290","2001290","11","20129","20","129",1573,1555,18,1034,1027,7,539,528,11,1518,1500,18,0,0,0,0,0,0,65,65,0
"Nemaha County","Nemaha County, Kansas","G2001310","2001310","11","20131","20","131",4856,4711,145,2986,2892,94,1870,1819,51,4816,4671,145,24,24,0,6,6,0,8,8,0
"Neosho County","Neosho County, Kansas","G2001330","2001330","11","20133","20","133",8303,7979,324,5005,4827,178,3298,3152,146,8072,7772,300,72,58,14,20,18,2,188,173,15
"Ness County","Ness County, Kansas","G2001350","2001350","11","20135","20","135",1995,1977,18,1309,1301,8,686,676,10,1976,1958,18,0,0,0,0,0,0,0,0,0
"Norton County","Norton County, Kansas","G2001370","2001370","11","20137","20","137",2903,2838,65,1667,1618,49,1236,1220,16,2875,2810,65,0,0,0,0,0,0,18,18,0
"Osage County","Osage County, Kansas","G2001390","2001390","11","20139","20","139",6857,6574,283,4046,3831,215,2811,2743,68,6797,6520,277,0,0,0,39,35,4,66,62,4
"Osborne County","Osborne County, Kansas","G2001410","2001410","11","20141","20","141",2502,2428,74,1547,1511,36,955,917,38,2487,2416,71,0,0,0,0,0,0,0,0,0
"Ottawa County","Ottawa County, Kansas","G2001430","2001430","11","20143","20","143",2653,2582,71,1620,1577,43,1033,1005,28,2636,2565,71,0,0,0,0,0,0,18,16,2
"Pawnee County","Pawnee County, Kansas","G2001450","2001450","11","20145","20","145",3712,3580,132,2186,2098,88,1526,1482,44,3487,3360,127,91,86,5,17,17,0,91,91,0
"Phillips County","Phillips County, Kansas","G2001470","2001470","11","20147","20","147",3346,3308,38,2063,2029,34,1283,1279,4,3323,3285,38,21,21,0,0,0,0,0,0,0
"Pottawatomie County","Pottawatomie County, Kansas","G2001490","2001490","11","20149","20","149",6944,6548,396,4176,3918,258,2768,2630,138,6853,6463,390,0,0,0,27,27,0,50,41,9
"Pratt County","Pratt County, Kansas","G2001510","2001510","11","20151","20","151",4839,4765,74,2903,2852,51,1936,1913,23,4730,4658,72,60,58,2,29,29,0,33,33,0
"Rawlins County","Rawlins County, Kansas","G2001530","2001530","11","20153","20","153",1791,1771,20,1179,1168,11,612,603,9,1776,1756,20,0,0,0,0,0,0,13,13,0
"Reno County","Reno County, Kansas","G2001550","2001550","11","20155","20","155",31383,30298,1085,18184,17723,461,13199,12575,624,29926,28939,987,648,598,50,152,116,36,932,900,32
"Republic County","Republic County, Kansas","G2001570","2001570","11","20157","20","157",3179,3120,59,1951,1918,33,1228,1202,26,0,0,0,0,0,0,0,0,0,0,0,0
"Rice County","Rice County, Kansas","G2001590","2001590","11","20159","20","159",5359,5264,95,3209,3173,36,2150,2091,59,5222,5132,90,39,39,0,34,32,2,126,113,13
"Riley County","Riley County, Kansas","G2001610","2001610","11","20161","20","161",23770,22475,1295,12342,11705,637,11428,10770,658,21900,20865,1035,967,802,165,181,161,20,533,488,45
"Rooks County","Rooks County, Kansas","G2001630","2001630","11","20163","20","163",2971,2894,77,1837,1797,40,1134,1097,37,2945,2871,74,0,0,0,11,8,3,0,0,0
"Rush County","Rush County, Kansas","G2001650","2001650","11","20165","20","165",1935,1888,47,1228,1195,33,707,693,14,1931,1884,47,0,0,0,0,0,0,9,9,0
"Russell County","Russell County, Kansas","G2001670","2001670","11","20167","20","167",4048,3949,99,2422,2392,30,1626,1557,69,3983,3889,94,35,30,5,0,0,0,17,17,0
"Saline County","Saline County, Kansas","G2001690","2001690","11","20169","20","169",25014,24000,1014,14147,13526,621,10867,10474,393,23831,22925,906,698,629,69,43,43,0,610,567,43
"Scott County","Scott County, Kansas","G2001710","2001710","11","20171","20","171",2493,2471,22,1601,1586,15,892,885,7,2447,2425,22,0,0,0,0,0,0,45,45,0
"Sedgwick County","Sedgwick County, Kansas","G2001730","2001730","11","20173","20","173",187213,180060,7153,107014,103166,3848,80199,76894,3305,168173,162749,5424,12848,11536,1312,1540,1440,100,4895,4592,303
"Seward County","Seward County, Kansas","G2001750","2001750","11","20175","20","175",8541,8215,326,5338,5187,151,3203,3028,175,7538,7273,265,374,353,21,106,106,0,590,540,50
"Shawnee County","Shawnee County, Kansas","G2001770","2001770","11","20177","20","177",79440,75971,3469,43280,40869,2411,36160,35102,1058,71660,68733,2927,5172,4810,362,667,586,81,2762,2628,134
"Sheridan County","Sheridan County, Kansas","G2001790","2001790","11","20179","20","179",1501,1485,16,1033,1019,14,468,466,2,1499,1483,16,0,0,0,0,0,0,0,0,0
"Sherman County","Sherman County, Kansas","G2001810","2001810","11","20181","20","181",3676,3501,175,2201,2102,99,1475,1399,76,3543,3391,152,0,0,0,20,14,6,118,101,17
"Smith County","Smith County, Kansas","G2001830","2001830","11","20183","20","183",2550,2492,58,1629,1599,30,921,893,28,2538,2480,58,0,0,0,0,0,0,0,0,0
"Stafford County","Stafford County, Kansas","G2001850","2001850","11","20185","20","185",2436,2391,45,1488,1468,20,948,923,25,2395,2350,45,0,0,0,0,0,0,27,27,0
"Stanton County","Stanton County, Kansas","G2001870","2001870","11","20187","20","187",1048,1043,5,693,691,2,355,352,3,942,938,4,0,0,0,15,15,0,100,100,0
"Stevens County","Stevens County, Kansas","G2001890","2001890","11","20189","20","189",2167,2129,38,1435,1407,28,732,722,10,2028,1990,38,0,0,0,32,32,0,128,128,0
"Sumner County","Sumner County, Kansas","G2001910","2001910","11","20191","20","191",11303,11001,302,6834,6690,144,4469,4311,158,10970,10682,288,18,18,0,113,104,9,260,246,14
"Thomas County","Thomas County, Kansas","G2001930","2001930","11","20193","20","193",4040,3961,79,2420,2370,50,1620,1591,29,4033,3954,79,0,0,0,0,0,0,17,17,0
"Trego County","Trego County, Kansas","G2001950","2001950","11","20195","20","195",1824,1797,27,1170,1158,12,654,639,15,1814,1787,27,0,0,0,0,0,0,0,0,0
"Wabaunsee County","Wabaunsee County, Kansas","G2001970","2001970","11","20197","20","197",3026,2927,99,1889,1817,72,1137,1110,27,2986,2890,96,11,8,3,0,0,0,32,30,2
"Wallace County","Wallace County, Kansas","G2001990","2001990","11","20199","20","199",869,865,4,584,582,2,285,283,2,864,860,4,0,0,0,0,0,0,0,0,0
"Washington County","Washington County, Kansas","G2002010","2002010","11","20201","20","201",3652,3532,120,2324,2258,66,1328,1274,54,3643,3524,119,0,0,0,0,0,0,0,0,0
"Wichita County","Wichita County, Kansas","G2002030","2002030","11","20203","20","203",1289,1237,52,857,827,30,432,410,22,1154,1122,32,0,0,0,0,0,0,140,119,21
"Wilson County","Wilson County, Kansas","G2002050","2002050","11","20205","20","205",4974,4751,223,2997,2874,123,1977,1877,100,4898,4681,217,0,0,0,22,22,0,76,70,6
"Woodson County","Woodson County, Kansas","G2002070","2002070","11","20207","20","207",1801,1741,60,1134,1101,33,667,640,27,1778,1723,55,0,0,0,15,10,5,9,9,0
"Wyandotte County","Wyandotte County, Kansas","G2002090","2002090","11","20209","20","209",79201,73287,5914,44239,40713,3526,34962,32574,2388,60623,57075,3548,16300,14187,2113,368,282,86,3284,3078,206
"Adair County","Adair County, Kentucky","G2100010","2100010","11","21001","21","001",6195,5751,444,3635,3362,273,2560,2389,171,5928,5500,428,242,232,10,0,0,0,47,41,6
"Allen County","Allen County, Kentucky","G2100030","2100030","11","21003","21","003",6313,5796,517,3542,3272,270,2771,2524,247,6247,5741,506,0,0,0,0,0,0,20,20,0
"Anderson County","Anderson County, Kentucky","G2100050","2100050","11","21005","21","005",5746,5447,299,3273,3114,159,2473,2333,140,5565,5291,274,176,151,25,0,0,0,19,19,0
"Ballard County","Ballard County, Kentucky","G2100070","2100070","11","21007","21","007",3355,3016,339,2188,1937,251,1167,1079,88,3278,2954,324,69,56,13,0,0,0,23,15,8
"Barren County","Barren County, Kentucky","G2100090","2100090","11","21009","21","009",14917,13794,1123,8718,8061,657,6199,5733,466,14225,13204,1021,671,569,102,0,0,0,56,56,0
"Bath County","Bath County, Kentucky","G2100110","2100110","11","21011","21","011",3986,3456,530,2488,2116,372,1498,1340,158,3864,3362,502,0,0,0,0,0,0,19,19,0
"Bell County","Bell County, Kentucky","G2100130","2100130","11","21013","21","013",10531,8948,1583,6929,5705,1224,3602,3243,359,10317,8780,1537,189,143,46,8,8,0,36,29,7
"Boone County","Boone County, Kentucky","G2100150","2100150","11","21015","21","015",21814,20632,1182,12867,12207,660,8947,8425,522,21638,20479,1159,133,110,23,10,10,0,44,39,5
"Bourbon County","Bourbon County, Kentucky","G2100170","2100170","11","21017","21","017",8467,7997,470,5037,4797,240,3430,3200,230,7705,7316,389,737,656,81,0,0,0,53,47,6
"Boyd County","Boyd County, Kentucky","G2100190","2100190","11","21019","21","019",22703,20097,2606,14415,12590,1825,8288,7507,781,22275,19728,2547,356,304,52,26,26,0,98,76,22
"Boyle County","Boyle County, Kentucky","G2100210","2100210","11","21021","21","021",11355,10442,913,6463,5940,523,4892,4502,390,10300,9503,797,1022,906,116,0,0,0,39,39,0
"Bracken County","Bracken County, Kentucky","G2100230","2100230","11","21023","21","023",2815,2577,238,1863,1690,173,952,887,65,2797,2562,235,10,10,0,0,0,0,10,8,2
"Breathitt County","Breathitt County, Kentucky","G2100250","2100250","11","21025","21","025",4708,4102,606,3142,2697,445,1566,1405,161,4684,4084,600,0,0,0,0,0,0,29,17,12
"Breckinridge County","Breckinridge County, Kentucky","G2100270","2100270","11","21027","21","027",6497,5859,638,4128,3743,385,2369,2116,253,6219,5633,586,272,224,48,0,0,0,33,24,9
"Bullitt County","Bullitt County, Kentucky","G2100290","2100290","11","21029","21","029",18047,16388,1659,11507,10505,1002,6540,5883,657,17855,16214,1641,112,108,4,40,26,14,102,96,6
"Butler County","Butler County, Kentucky","G2100310","2100310","11","21031","21","031",4055,3562,493,2720,2348,372,1335,1214,121,4008,3523,485,22,22,0,0,0,0,8,8,0
"Caldwell County","Caldwell County, Kentucky","G2100330","2100330","11","21033","21","033",5996,5442,554,3568,3240,328,2428,2202,226,5627,5128,499,0,0,0,0,0,0,43,29,14
"Calloway County","Calloway County, Kentucky","G2100350","2100350","11","21035","21","035",13457,12326,1131,7638,6951,687,5819,5375,444,13028,11942,1086,347,312,35,33,27,6,32,32,0
"Campbell County","Campbell County, Kentucky","G2100370","2100370","11","21037","21","037",36441,33995,2446,21388,19907,1481,15053,14088,965,35988,33585,2403,306,263,43,0,0,0,128,116,12
"Carlisle County","Carlisle County, Kentucky","G2100390","2100390","11","21039","21","039",2084,1828,256,1308,1143,165,776,685,91,2082,1826,256,2,2,0,0,0,0,23,23,0
"Carroll County","Carroll County, Kentucky","G2100410","2100410","11","21041","21","041",3970,3585,385,2411,2179,232,1559,1406,153,3802,3448,354,0,0,0,0,0,0,0,0,0
"Carter County","Carter County, Kentucky","G2100430","2100430","11","21043","21","043",8819,7583,1236,5702,4822,880,3117,2761,356,8819,7583,1236,0,0,0,0,0,0,39,39,0
"Casey County","Casey County, Kentucky","G2100450","2100450","11","21045","21","045",5222,4724,498,3313,2982,331,1909,1742,167,5200,4702,498,17,17,0,0,0,0,49,36,13
"Christian County","Christian County, Kentucky","G2100470","2100470","11","21047","21","047",21352,18904,2448,11408,10276,1132,9944,8628,1316,17022,15489,1533,4040,3227,813,62,42,20,252,180,72
"Clark County","Clark County, Kentucky","G2100490","2100490","11","21049","21","049",12660,11699,961,7473,6992,481,5187,4707,480,11869,11005,864,759,662,97,0,0,0,79,79,0
"Clay County","Clay County, Kentucky","G2100510","2100510","11","21051","21","051",6337,5296,1041,4066,3283,783,2271,2013,258,6208,5184,1024,128,111,17,0,0,0,94,65,29
"Clinton County","Clinton County, Kentucky","G2100530","2100530","11","21053","21","053",3438,3093,345,1976,1767,209,1462,1326,136,3426,3081,345,0,0,0,0,0,0,25,25,0
"Crittenden County","Crittenden County, Kentucky","G2100550","2100550","11","21055","21","055",3755,3338,417,2281,2018,263,1474,1320,154,3719,3310,409,0,0,0,0,0,0,57,44,13
"Cumberland County","Cumberland County, Kentucky","G2100570","2100570","11","21057","21","057",3010,2720,290,1651,1449,202,1359,1271,88,2854,2572,282,156,148,8,0,0,0,32,32,0
"Daviess County","Daviess County, Kentucky","G2100590","2100590","11","21059","21","059",38989,35823,3166,22849,20947,1902,16140,14876,1264,37427,34495,2932,1374,1152,222,0,0,0,117,108,9
"Edmonson County","Edmonson County, Kentucky","G2100610","2100610","11","21061","21","061",3653,3132,521,2294,2006,288,1359,1126,233,3612,3100,512,22,22,0,19,10,9,7,7,0
"Elliott County","Elliott County, Kentucky","G2100630","2100630","11","21063","21","063",2062,1571,491,1389,975,414,673,596,77,2062,1571,491,0,0,0,0,0,0,6,0,6
"Estill County","Estill County, Kentucky","G2100650","2100650","11","21065","21","065",4937,4372,565,3060,2673,387,1877,1699,178,0,0,0,0,0,0,0,0,0,0,0,0
"Fayette County","Fayette County, Kentucky","G2100670","2100670","11","21067","21","067",104150,98868,5282,56932,53892,3040,47218,44976,2242,91690,87732,3958,11365,10065,1300,187,172,15,599,562,37
"Fleming County","Fleming County, Kentucky","G2100690","2100690","11","21069","21","069",5127,4659,468,3224,2924,300,1903,1735,168,5025,4565,460,102,94,8,0,0,0,55,40,15
"Floyd County","Floyd County, Kentucky","G2100710","2100710","11","21071","21","071",15204,13619,1585,10141,9121,1020,5063,4498,565,15123,13546,1577,50,42,8,17,17,0,98,98,0
"Franklin County","Franklin County, Kentucky","G2100730","2100730","11","21073","21","073",21597,20513,1084,11532,10860,672,10065,9653,412,19975,19048,927,1497,1340,157,11,11,0,65,65,0
"Fulton County","Fulton County, Kentucky","G2100750","2100750","11","21075","21","075",3448,3036,412,2000,1737,263,1448,1299,149,3063,2738,325,385,298,87,0,0,0,8,8,0
"Gallatin County","Gallatin County, Kentucky","G2100770","2100770","11","21077","21","077",1874,1728,146,1210,1105,105,664,623,41,1830,1689,141,29,24,5,15,15,0,0,0,0
"Garrard County","Garrard County, Kentucky","G2100790","2100790","11","21079","21","079",4749,4341,408,2897,2647,250,1852,1694,158,4469,4115,354,280,226,54,0,0,0,0,0,0
"Grant County","Grant County, Kentucky","G2100810","2100810","11","21081","21","081",5399,5048,351,3436,3213,223,1963,1835,128,5359,5020,339,0,0,0,20,14,6,18,12,6
"Graves County","Graves County, Kentucky","G2100830","2100830","11","21083","21","083",14814,13078,1736,8779,7663,1116,6035,5415,620,14270,12647,1623,521,408,113,0,0,0,74,61,13
"Grayson County","Grayson County, Kentucky","G2100850","2100850","11","21085","21","085",8205,7286,919,5077,4403,674,3128,2883,245,8176,7260,916,13,13,0,0,0,0,33,33,0
"Green County","Green County, Kentucky","G2100870","2100870","11","21087","21","087",4637,4333,304,2852,2644,208,1785,1689,96,4461,4175,286,0,0,0,0,0,0,34,28,6
"Greenup County","Greenup County, Kentucky","G2100890","2100890","11","21089","21","089",14968,13485,1483,9949,8953,996,5019,4532,487,14894,13411,1483,51,51,0,0,0,0,12,12,0
"Hancock County","Hancock County, Kentucky","G2100910","2100910","11","21091","21","091",3011,2654,357,1976,1753,223,1035,901,134,2962,2613,349,40,32,8,0,0,0,22,22,0
"Hardin County","Hardin County, Kentucky","G2100930","2100930","11","21093","21","093",26217,23367,2850,14626,13226,1400,11591,10141,1450,24303,21896,2407,1509,1160,349,42,24,18,364,270,94
"Harlan County","Harlan County, Kentucky","G2100950","2100950","11","21095","21","095",12673,11483,1190,8637,7793,844,4036,3690,346,12197,11086,1111,433,362,71,31,23,8,84,84,0
"Harrison County","Harrison County, Kentucky","G2100970","2100970","11","21097","21","097",6552,6117,435,3852,3569,283,2700,2548,152,6365,5987,378,170,113,57,0,0,0,0,0,0
"Hart County","Hart County, Kentucky","G2100990","2100990","11","21099","21","099",5762,5070,692,3691,3320,371,2071,1750,321,5346,4715,631,412,353,59,0,0,0,52,48,4
"Henderson County","Henderson County, Kentucky","G2101010","2101010","11","21101","21","101",18974,17844,1130,11225,10650,575,7749,7194,555,17758,16770,988,1144,1011,133,0,0,0,104,92,12
"Henry County","Henry County, Kentucky","G2101030","2101030","11","21103","21","103",5421,4976,445,3333,3070,263,2088,1906,182,5125,4725,400,269,232,37,0,0,0,41,34,7
"Hickman County","Hickman County, Kentucky","G2101050","2101050","11","21105","21","105",2526,2330,196,1481,1322,159,1045,1008,37,2293,2118,175,0,0,0,0,0,0,0,0,0
"Hopkins County","Hopkins County, Kentucky","G2101070","2101070","11","21107","21","107",18575,17039,1536,11607,10665,942,6968,6374,594,17479,16076,1403,1033,905,128,0,0,0,148,135,13
"Jackson County","Jackson County, Kentucky","G2101090","2101090","11","21109","21","109",3571,2909,662,2388,1903,485,1183,1006,177,3571,2909,662,0,0,0,0,0,0,55,46,9
"Jefferson County","Jefferson County, Kentucky","G2101110","2101110","11","21111","21","111",325298,299594,25704,182762,167693,15069,142536,131901,10635,278027,259602,18425,44993,37924,7069,494,421,73,1749,1575,174
"Jessamine County","Jessamine County, Kentucky","G2101130","2101130","11","21113","21","113",12174,11485,689,7130,6699,431,5044,4786,258,11646,11030,616,442,374,68,0,0,0,62,62,0
"Johnson County","Johnson County, Kentucky","G2101150","2101150","11","21115","21","115",8267,7557,710,5375,4932,443,2892,2625,267,8249,7539,710,0,0,0,12,12,0,60,60,0
"Kenton County","Kenton County, Kentucky","G2101170","2101170","11","21117","21","117",62139,58451,3688,36202,33934,2268,25937,24517,1420,60472,56978,3494,1333,1180,153,114,78,36,268,256,12
"Knott County","Knott County, Kentucky","G2101190","2101190","11","21119","21","119",4985,4231,754,3487,2903,584,1498,1328,170,4938,4188,750,0,0,0,0,0,0,27,0,27
"Knox County","Knox County, Kentucky","G2101210","2101210","11","21121","21","121",9118,7943,1175,5705,4939,766,3413,3004,409,9044,7881,1163,72,60,12,0,0,0,59,51,8
"Larue County","Larue County, Kentucky","G2101230","2101230","11","21123","21","123",4866,4425,441,2996,2691,305,1870,1734,136,4610,4217,393,234,195,39,0,0,0,57,45,12
"Laurel County","Laurel County, Kentucky","G2101250","2101250","11","21125","21","125",14377,13012,1365,9131,8269,862,5246,4743,503,14250,12903,1347,77,64,13,0,0,0,104,104,0
"Lawrence County","Lawrence County, Kentucky","G2101270","2101270","11","21127","21","127",4369,3709,660,2982,2485,497,1387,1224,163,4355,3697,658,8,6,2,0,0,0,17,14,3
"Lee County","Lee County, Kentucky","G2101290","2101290","11","21129","21","129",2185,1896,289,1437,1210,227,748,686,62,2185,1896,289,0,0,0,0,0,0,14,14,0
"Leslie County","Leslie County, Kentucky","G2101310","2101310","11","21131","21","131",3712,3179,533,2665,2231,434,1047,948,99,3704,3171,533,0,0,0,0,0,0,43,43,0
"Letcher County","Letcher County, Kentucky","G2101330","2101330","11","21133","21","133",8718,7678,1040,6221,5401,820,2497,2277,220,8664,7624,1040,40,40,0,0,0,0,47,36,11
"Lewis County","Lewis County, Kentucky","G2101350","2101350","11","21135","21","135",5198,4491,707,3262,2761,501,1936,1730,206,5176,4469,707,16,16,0,6,6,0,10,10,0
"Lincoln County","Lincoln County, Kentucky","G2101370","2101370","11","21137","21","137",7283,6544,739,4585,4082,503,2698,2462,236,6987,6300,687,288,236,52,0,0,0,57,57,0
"Livingston County","Livingston County, Kentucky","G2101390","2101390","11","21139","21","139",3703,3310,393,2424,2132,292,1279,1178,101,3689,3296,393,0,0,0,0,0,0,0,0,0
"Logan County","Logan County, Kentucky","G2101410","2101410","11","21141","21","141",10603,9793,810,6276,5803,473,4327,3990,337,9656,8926,730,920,840,80,0,0,0,63,57,6
"Lyon County","Lyon County, Kentucky","G2101430","2101430","11","21143","21","143",2278,1993,285,1415,1179,236,863,814,49,2225,1944,281,49,47,2,0,0,0,13,13,0
"Mccracken County","Mccracken County, Kentucky","G2101450","2101450","11","21145","21","145",27036,24986,2050,15896,14710,1186,11140,10276,864,24659,22923,1736,2266,1968,298,23,12,11,134,114,20
"Mccreary County","Mccreary County, Kentucky","G2101470","2101470","11","21147","21","147",4475,3461,1014,2901,2217,684,1574,1244,330,4412,3412,1000,37,37,0,20,12,8,6,0,6
"Mclean County","Mclean County, Kentucky","G2101490","2101490","11","21149","21","149",3895,3513,382,2513,2289,224,1382,1224,158,3871,3496,375,17,10,7,0,0,0,28,19,9
"Madison County","Madison County, Kentucky","G2101510","2101510","11","21151","21","151",23668,21581,2087,13226,12147,1079,10442,9434,1008,22244,20369,1875,1246,1047,199,46,46,0,165,123,42
"Magoffin County","Magoffin County, Kentucky","G2101530","2101530","11","21153","21","153",3686,3090,596,2642,2179,463,1044,911,133,0,0,0,0,0,0,0,0,0,10,4,6
"Marion County","Marion County, Kentucky","G2101550","2101550","11","21155","21","155",7307,6558,749,4406,3859,547,2901,2699,202,6800,6156,644,0,0,0,0,0,0,0,0,0
"Marshall County","Marshall County, Kentucky","G2101570","2101570","11","21157","21","157",10382,9188,1194,6623,5898,725,3759,3290,469,10363,9175,1188,0,0,0,0,0,0,56,38,18
"Martin County","Martin County, Kentucky","G2101590","2101590","11","21159","21","159",3915,3568,347,2881,2610,271,1034,958,76,3908,3561,347,0,0,0,0,0,0,13,13,0
"Mason County","Mason County, Kentucky","G2101610","2101610","11","21161","21","161",7606,7262,344,4525,4352,173,3081,2910,171,7062,6738,324,531,511,20,0,0,0,35,28,7
"Meade County","Meade County, Kentucky","G2101630","2101630","11","21163","21","163",6417,5611,806,3863,3480,383,2554,2131,423,6035,5364,671,294,199,95,13,1,12,83,75,8
"Menifee County","Menifee County, Kentucky","G2101650","2101650","11","21165","21","165",1836,1571,265,1226,1067,159,610,504,106,1785,1520,265,0,0,0,0,0,0,30,22,8
"Mercer County","Mercer County, Kentucky","G2101670","2101670","11","21167","21","167",8483,7882,601,5214,4833,381,3269,3049,220,8165,7593,572,304,275,29,0,0,0,47,47,0
"Metcalfe County","Metcalfe County, Kentucky","G2101690","2101690","11","21169","21","169",3941,3552,389,2439,2229,210,1502,1323,179,3854,3475,379,77,67,10,0,0,0,31,29,2
"Monroe County","Monroe County, Kentucky","G2101710","2101710","11","21171","21","171",4987,4582,405,2903,2666,237,2084,1916,168,4869,4490,379,116,90,26,0,0,0,46,30,16
"Montgomery County","Montgomery County, Kentucky","G2101730","2101730","11","21173","21","173",8658,7757,901,5047,4475,572,3611,3282,329,8218,7399,819,422,342,80,0,0,0,40,35,5
"Morgan County","Morgan County, Kentucky","G2101750","2101750","11","21175","21","175",3807,3256,551,2619,2172,447,1188,1084,104,3807,3256,551,0,0,0,0,0,0,17,17,0
"Muhlenberg County","Muhlenberg County, Kentucky","G2101770","2101770","11","21177","21","177",11739,10615,1124,7865,7102,763,3874,3513,361,11186,10174,1012,526,429,97,23,8,15,52,52,0
"Nelson County","Nelson County, Kentucky","G2101790","2101790","11","21179","21","179",11568,10373,1195,7063,6350,713,4505,4023,482,10893,9787,1106,665,576,89,0,0,0,53,47,6
"Nicholas County","Nicholas County, Kentucky","G2101810","2101810","11","21181","21","181",3092,2860,232,1789,1659,130,1303,1201,102,3037,2817,220,49,40,9,0,0,0,14,14,0
"Ohio County","Ohio County, Kentucky","G2101830","2101830","11","21183","21","183",8087,7166,921,5214,4627,587,2873,2539,334,7991,7101,890,67,49,18,25,12,13,9,7,2
"Oldham County","Oldham County, Kentucky","G2101850","2101850","11","21185","21","185",11756,11140,616,7235,6926,309,4521,4214,307,11438,10869,569,305,264,41,0,0,0,57,55,2
"Owen County","Owen County, Kentucky","G2101870","2101870","11","21187","21","187",3493,3264,229,2134,1968,166,1359,1296,63,3401,3185,216,81,68,13,0,0,0,15,9,6
"Owsley County","Owsley County, Kentucky","G2101890","2101890","11","21189","21","189",1469,1185,284,997,771,226,472,414,58,1469,1185,284,0,0,0,0,0,0,0,0,0
"Pendleton County","Pendleton County, Kentucky","G2101910","2101910","11","21191","21","191",4411,4052,359,2741,2545,196,1670,1507,163,4405,4052,353,0,0,0,0,0,0,0,0,0
"Perry County","Perry County, Kentucky","G2101930","2101930","11","21193","21","193",10429,9027,1402,7063,5998,1065,3366,3029,337,10262,8887,1375,153,133,20,7,7,0,74,64,10
"Pike County","Pike County, Kentucky","G2101950","2101950","11","21195","21","195",26110,24105,2005,18218,16741,1477,7892,7364,528,25958,23980,1978,91,85,6,0,0,0,162,157,5
"Powell County","Powell County, Kentucky","G2101970","2101970","11","21197","21","197",4179,3608,571,2526,2155,371,1653,1453,200,4132,3568,564,41,34,7,0,0,0,21,14,7
"Pulaski County","Pulaski County, Kentucky","G2101990","2101990","11","21199","21","199",17914,16004,1910,10750,9458,1292,7164,6546,618,17638,15747,1891,225,208,17,0,0,0,108,102,6
"Robertson County","Robertson County, Kentucky","G2102010","2102010","11","21201","21","201",884,800,84,577,511,66,307,289,18,880,796,84,0,0,0,0,0,0,0,0,0
"Rockcastle County","Rockcastle County, Kentucky","G2102030","2102030","11","21203","21","203",4696,4126,570,2950,2588,362,1746,1538,208,4690,4126,564,0,0,0,0,0,0,27,27,0
"Rowan County","Rowan County, Kentucky","G2102050","2102050","11","21205","21","205",7662,6919,743,4303,3823,480,3359,3096,263,7528,6792,736,76,69,7,0,0,0,36,36,0
"Russell County","Russell County, Kentucky","G2102070","2102070","11","21207","21","207",5135,4496,639,3058,2633,425,2077,1863,214,5080,4457,623,0,0,0,0,0,0,20,20,0
"Scott County","Scott County, Kentucky","G2102090","2102090","11","21209","21","209",9847,9307,540,5800,5455,345,4047,3852,195,9222,8775,447,608,515,93,0,0,0,54,54,0
"Shelby County","Shelby County, Kentucky","G2102110","2102110","11","21211","21","211",10515,9904,611,6220,5864,356,4295,4040,255,9456,8931,525,1042,956,86,0,0,0,56,38,18
"Simpson County","Simpson County, Kentucky","G2102130","2102130","11","21213","21","213",6783,6215,568,3821,3587,234,2962,2628,334,5965,5495,470,801,703,98,0,0,0,44,44,0
"Spencer County","Spencer County, Kentucky","G2102150","2102150","11","21215","21","215",2562,2403,159,1651,1560,91,911,843,68,2461,2319,142,101,84,17,0,0,0,20,20,0
"Taylor County","Taylor County, Kentucky","G2102170","2102170","11","21217","21","217",9878,9214,664,5473,4983,490,4405,4231,174,9321,8752,569,524,435,89,33,27,6,41,33,8
"Todd County","Todd County, Kentucky","G2102190","2102190","11","21219","21","219",4633,4293,340,2855,2691,164,1778,1602,176,4099,3822,277,519,458,61,0,0,0,45,38,7
"Trigg County","Trigg County, Kentucky","G2102210","2102210","11","21221","21","221",3925,3597,328,2347,2151,196,1578,1446,132,3527,3265,262,398,332,66,0,0,0,13,13,0
"Trimble County","Trimble County, Kentucky","G2102230","2102230","11","21223","21","223",2554,2357,197,1621,1494,127,933,863,70,2554,2357,197,0,0,0,0,0,0,20,20,0
"Union County","Union County, Kentucky","G2102250","2102250","11","21225","21","225",6562,6168,394,4233,4001,232,2329,2167,162,5865,5508,357,694,657,37,0,0,0,52,46,6
"Warren County","Warren County, Kentucky","G2102270","2102270","11","21227","21","227",35181,32864,2317,19180,17980,1200,16001,14884,1117,32603,30611,1992,2464,2159,305,26,12,14,112,112,0
"Washington County","Washington County, Kentucky","G2102290","2102290","11","21229","21","229",4491,4070,421,2658,2432,226,1833,1638,195,4083,3694,389,365,333,32,36,36,0,83,83,0
"Wayne County","Wayne County, Kentucky","G2102310","2102310","11","21231","21","231",5932,5057,875,3578,2982,596,2354,2075,279,5837,4978,859,0,0,0,0,0,0,11,11,0
"Webster County","Webster County, Kentucky","G2102330","2102330","11","21233","21","233",5561,5197,364,3634,3471,163,1927,1726,201,5237,4909,328,314,278,36,0,0,0,19,19,0
"Whitley County","Whitley County, Kentucky","G2102350","2102350","11","21235","21","235",11641,10043,1598,7090,5996,1094,4551,4047,504,11535,9947,1588,61,61,0,0,0,0,65,65,0
"Wolfe County","Wolfe County, Kentucky","G2102370","2102370","11","21237","21","237",2115,1891,224,1326,1172,154,789,719,70,2115,1891,224,0,0,0,0,0,0,9,9,0
"Woodford County","Woodford County, Kentucky","G2102390","2102390","11","21239","21","239",8337,7939,398,4871,4668,203,3466,3271,195,7729,7409,320,0,0,0,0,0,0,78,49,29
"Acadia Parish","Acadia Parish, Louisiana","G2200010","2200010","11","22001","22","001",20973,19992,981,13424,12941,483,7549,7051,498,17506,16855,651,3414,3097,317,0,0,0,221,194,27
"Allen Parish","Allen Parish, Louisiana","G2200030","2200030","11","22003","22","003",7610,6890,720,4918,4372,546,2692,2518,174,6255,5701,554,1237,1071,166,118,118,0,66,66,0
"Ascension Parish","Ascension Parish, Louisiana","G2200050","2200050","11","22005","22","005",19867,18682,1185,12847,12136,711,7020,6546,474,16074,15345,729,3715,3269,446,34,24,10,399,357,42
"Assumption Parish","Assumption Parish, Louisiana","G2200070","2200070","11","22007","22","007",7802,7352,450,5215,4955,260,2587,2397,190,5719,5461,258,2053,1861,192,18,18,0,205,175,30
"Avoyelles Parish","Avoyelles Parish, Louisiana","G2200090","2200090","11","22009","22","009",13744,12551,1193,8935,8312,623,4809,4239,570,10746,9979,767,2938,2519,419,23,23,0,158,155,3
"Beauregard Parish","Beauregard Parish, Louisiana","G2200110","2200110","11","22011","22","011",10610,9650,960,6722,6095,627,3888,3555,333,9128,8447,681,1420,1141,279,0,0,0,129,122,7
"Bienville Parish","Bienville Parish, Louisiana","G2200130","2200130","11","22013","22","013",6019,5546,473,3673,3439,234,2346,2107,239,3594,3450,144,2417,2088,329,0,0,0,104,84,20
"Bossier Parish","Bossier Parish, Louisiana","G2200150","2200150","11","22015","22","015",33732,31693,2039,18485,17429,1056,15247,14264,983,28248,26955,1293,5106,4383,723,92,81,11,490,468,22
"Caddo Parish","Caddo Parish, Louisiana","G2200170","2200170","11","22017","22","017",116116,109188,6928,63673,60159,3514,52443,49029,3414,76459,73560,2899,38687,34735,3952,211,193,18,1574,1470,104
"Calcasieu Parish","Calcasieu Parish, Louisiana","G2200190","2200190","11","22019","22","019",74063,70002,4061,45893,43557,2336,28170,26445,1725,58800,56249,2551,14672,13196,1476,157,148,9,1047,974,73
"Caldwell Parish","Caldwell Parish, Louisiana","G2200210","2200210","11","22021","22","021",3886,3585,301,2343,2167,176,1543,1418,125,3255,3034,221,607,527,80,0,0,0,68,68,0
"Cameron Parish","Cameron Parish, Louisiana","G2200230","2200230","11","22023","22","023",3933,3705,228,2697,2561,136,1236,1144,92,3685,3468,217,211,205,6,0,0,0,86,86,0
"Catahoula Parish","Catahoula Parish, Louisiana","G2200250","2200250","11","22025","22","025",4258,3955,303,2731,2548,183,1527,1407,120,3467,3260,207,784,688,96,0,0,0,33,22,11
"Claiborne Parish","Claiborne Parish, Louisiana","G2200270","2200270","11","22027","22","027",6312,5925,387,3774,3547,227,2538,2378,160,3808,3680,128,2492,2233,259,0,0,0,44,44,0
"Concordia Parish","Concordia Parish, Louisiana","G2200290","2200290","11","22029","22","029",8523,7954,569,5308,5012,296,3215,2942,273,6121,5835,286,2390,2110,280,0,0,0,77,64,13
"De Soto Parish","De Soto Parish, Louisiana","G2200310","2200310","11","22031","22","031",9755,8975,780,5771,5344,427,3984,3631,353,5944,5636,308,3778,3309,469,22,22,0,136,93,43
"East Baton Rouge Parish","East Baton Rouge Parish, Louisiana","G2200330","2200330","11","22033","22","033",171057,161997,9060,98042,93294,4748,73015,68703,4312,122484,118029,4455,46703,42165,4538,338,331,7,2716,2541,175
"East Carroll Parish","East Carroll Parish, Louisiana","G2200350","2200350","11","22035","22","035",3782,3395,387,2274,2003,271,1508,1392,116,2046,1937,109,1721,1447,274,0,0,0,62,62,0
"East Feliciana Parish","East Feliciana Parish, Louisiana","G2200370","2200370","11","22037","22","037",6376,5986,390,3577,3367,210,2799,2619,180,3625,3526,99,2714,2423,291,0,0,0,109,98,11
"Evangeline Parish","Evangeline Parish, Louisiana","G2200390","2200390","11","22039","22","039",11083,10281,802,7127,6650,477,3956,3631,325,8893,8388,505,2172,1875,297,0,0,0,155,148,7
"Franklin Parish","Franklin Parish, Louisiana","G2200410","2200410","11","22041","22","041",8069,7399,670,4881,4529,352,3188,2870,318,6214,5821,393,1850,1573,277,0,0,0,18,18,0
"Grant Parish","Grant Parish, Louisiana","G2200430","2200430","11","22043","22","043",5838,5316,522,3605,3287,318,2233,2029,204,4905,4507,398,909,806,103,0,0,0,81,81,0
"Iberia Parish","Iberia Parish, Louisiana","G2200450","2200450","11","22045","22","045",26556,25103,1453,16628,15875,753,9928,9228,700,19821,19025,796,6559,5910,649,47,45,2,1028,990,38
"Iberville Parish","Iberville Parish, Louisiana","G2200470","2200470","11","22047","22","047",12234,11148,1086,7567,6849,718,4667,4299,368,7104,6678,426,5091,4431,660,9,9,0,272,256,16
"Jackson Parish","Jackson Parish, Louisiana","G2200490","2200490","11","22049","22","049",6579,5969,610,3849,3448,401,2730,2521,209,4506,4141,365,0,0,0,0,0,0,0,0,0
"Jefferson Parish","Jefferson Parish, Louisiana","G2200510","2200510","11","22051","22","051",214909,205987,8922,129895,124964,4931,85014,81023,3991,184894,178259,6635,25118,23041,2077,690,658,32,10291,9854,437
"Jefferson Davis Parish","Jefferson Davis Parish, Louisiana","G2200530","2200530","11","22053","22","053",12183,11690,493,8114,7831,283,4069,3859,210,9969,9651,318,2177,2002,175,10,10,0,172,169,3
"Lafayette Parish","Lafayette Parish, Louisiana","G2200550","2200550","11","22055","22","055",71508,68817,2691,42863,41698,1165,28645,27119,1526,58308,56633,1675,12582,11600,982,69,66,3,1470,1383,87
"Lafourche Parish","Lafourche Parish, Louisiana","G2200570","2200570","11","22057","22","057",33376,32154,1222,22271,21652,619,11105,10502,603,29794,28837,957,3141,2898,243,336,314,22,689,641,48
"La Salle Parish","La Salle Parish, Louisiana","G2200590","2200590","11","22059","22","059",6426,6068,358,4089,3911,178,2337,2157,180,5815,5508,307,568,520,48,28,25,3,26,23,3
"Lincoln Parish","Lincoln Parish, Louisiana","G2200610","2200610","11","22061","22","061",15782,14858,924,8986,8488,498,6796,6370,426,10668,10332,336,4947,4400,547,41,16,25,93,82,11
"Livingston Parish","Livingston Parish, Louisiana","G2200630","2200630","11","22063","22","063",23118,21380,1738,14985,13756,1229,8133,7624,509,21711,20180,1531,1316,1119,197,30,30,0,289,227,62
"Madison Parish","Madison Parish, Louisiana","G2200650","2200650","11","22065","22","065",5025,4626,399,2956,2759,197,2069,1867,202,2697,2525,172,2288,2069,219,0,0,0,112,91,21
"Morehouse Parish","Morehouse Parish, Louisiana","G2200670","2200670","11","22067","22","067",11390,10518,872,7020,6478,542,4370,4040,330,7958,7508,450,3406,2986,420,10,10,0,41,41,0
"Natchitoches Parish","Natchitoches Parish, Louisiana","G2200690","2200690","11","22069","22","069",15150,13872,1278,8597,7948,649,6553,5924,629,10176,9608,568,4887,4183,704,20,20,0,190,157,33
"Orleans Parish","Orleans Parish, Louisiana","G2200710","2200710","11","22071","22","071",235250,218693,16557,129399,120699,8700,105851,97994,7857,116398,111721,4677,114854,103206,11648,301,249,52,8642,8174,468
"Ouachita Parish","Ouachita Parish, Louisiana","G2200730","2200730","11","22073","22","073",57648,53912,3736,32879,30875,2004,24769,23037,1732,44530,42309,2221,12812,11331,1481,101,72,29,446,396,50
"Plaquemines Parish","Plaquemines Parish, Louisiana","G2200750","2200750","11","22075","22","075",9712,9200,512,6603,6336,267,3109,2864,245,8009,7731,278,1552,1329,223,108,97,11,227,206,21
"Pointe Coupee Parish","Pointe Coupee Parish, Louisiana","G2200770","2200770","11","22077","22","077",8429,7699,730,5463,5140,323,2966,2559,407,5368,5136,232,3022,2524,498,0,0,0,94,89,5
"Rapides Parish","Rapides Parish, Louisiana","G2200790","2200790","11","22079","22","079",51514,48015,3499,29169,27234,1935,22345,20781,1564,39020,36922,2098,11835,10491,1344,248,223,25,595,548,47
"Red River Parish","Red River Parish, Louisiana","G2200810","2200810","11","22081","22","081",3823,3544,279,2234,2057,177,1589,1487,102,2494,2387,107,1315,1152,163,0,0,0,65,61,4
"Richland Parish","Richland Parish, Louisiana","G2200830","2200830","11","22083","22","083",7168,6778,390,4464,4210,254,2704,2568,136,5277,5066,211,1882,1703,179,0,0,0,8,8,0
"Sabine Parish","Sabine Parish, Louisiana","G2200850","2200850","11","22085","22","085",8183,7316,867,5454,4884,570,2729,2432,297,6552,6003,549,1396,1109,287,195,164,31,736,674,62
"St. Bernard Parish","St. Bernard Parish, Louisiana","G2200870","2200870","11","22087","22","087",28010,26599,1411,17562,16672,890,10448,9927,521,26793,25530,1263,862,733,129,157,150,7,2066,1886,180
"St. Charles Parish","St. Charles Parish, Louisiana","G2200890","2200890","11","22089","22","089",16133,15146,987,10376,9830,546,5757,5316,441,12161,11649,512,3856,3395,461,41,36,5,345,300,45
"St. Helena Parish","St. Helena Parish, Louisiana","G2200910","2200910","11","22091","22","091",3271,2946,325,1984,1767,217,1287,1179,108,1868,1705,163,1396,1234,162,0,0,0,14,14,0
"St. James Parish","St. James Parish, Louisiana","G2200930","2200930","11","22093","22","093",8775,8124,651,5418,5110,308,3357,3014,343,4947,4804,143,0,0,0,0,0,0,144,134,10
"St. John The Baptist Parish","St. John The Baptist Parish, Louisiana","G2200950","2200950","11","22095","22","095",13217,12244,973,8506,8020,486,4711,4224,487,8786,8328,458,4368,3857,511,28,28,0,201,181,20
"St. Landry Parish","St. Landry Parish, Louisiana","G2200970","2200970","11","22097","22","097",29806,27941,1865,18669,17714,955,11137,10227,910,20187,19328,859,9552,8546,1006,16,16,0,437,410,27
"St. Martin Parish","St. Martin Parish, Louisiana","G2200990","2200990","11","22099","22","099",15831,14989,842,9616,9179,437,6215,5810,405,10881,10494,387,4863,4414,449,29,29,0,248,244,4
"St. Mary Parish","St. Mary Parish, Louisiana","G2201010","2201010","11","22101","22","101",27380,26128,1252,17688,17083,605,9692,9045,647,20411,19744,667,6604,6042,562,142,142,0,609,596,13
"St. Tammany Parish","St. Tammany Parish, Louisiana","G2201030","2201030","11","22103","22","103",46206,43571,2635,29027,27559,1468,17179,16012,1167,40661,38591,2070,5210,4677,533,161,144,17,859,832,27
"Tangipahoa Parish","Tangipahoa Parish, Louisiana","G2201050","2201050","11","22105","22","105",30536,27988,2548,18116,16748,1368,12420,11240,1180,22943,21638,1305,7456,6226,1230,49,42,7,362,340,22
"Tensas Parish","Tensas Parish, Louisiana","G2201070","2201070","11","22107","22","107",2714,2534,180,1702,1605,97,1012,929,83,0,0,0,1124,984,140,0,0,0,34,32,2
"Terrebonne Parish","Terrebonne Parish, Louisiana","G2201090","2201090","11","22109","22","109",38929,37703,1226,25730,25029,701,13199,12674,525,32472,31634,838,5253,4951,302,1093,1007,86,545,510,35
"Union Parish","Union Parish, Louisiana","G2201110","2201110","11","22111","22","111",7383,6674,709,4723,4290,433,2660,2384,276,5415,4992,423,1948,1662,286,0,0,0,98,98,0
"Vermilion Parish","Vermilion Parish, Louisiana","G2201130","2201130","11","22113","22","113",18391,17545,846,12073,11598,475,6318,5947,371,16178,15526,652,2120,1928,192,0,0,0,347,314,33
"Vernon Parish","Vernon Parish, Louisiana","G2201150","2201150","11","22115","22","115",13746,12211,1535,7927,7289,638,5819,4922,897,11666,10460,1206,1590,1375,215,85,61,24,379,286,93
"Washington Parish","Washington Parish, Louisiana","G2201170","2201170","11","22117","22","117",16517,15172,1345,9866,9144,722,6651,6028,623,12292,11546,746,4188,3602,586,23,17,6,105,99,6
"Webster Parish","Webster Parish, Louisiana","G2201190","2201190","11","22119","22","119",17385,15784,1601,10213,9364,849,7172,6420,752,12283,11478,805,5052,4256,796,28,28,0,104,85,19
"West Baton Rouge Parish","West Baton Rouge Parish, Louisiana","G2201210","2201210","11","22121","22","121",7737,7187,550,4748,4416,332,2989,2771,218,5014,4727,287,2693,2430,263,0,0,0,105,99,6
"West Carroll Parish","West Carroll Parish, Louisiana","G2201230","2201230","11","22123","22","123",3882,3598,284,2551,2338,213,1331,1260,71,3459,3201,258,419,393,26,0,0,0,10,10,0
"West Feliciana Parish","West Feliciana Parish, Louisiana","G2201250","2201250","11","22125","22","125",3081,2887,194,1860,1767,93,1221,1120,101,1847,1820,27,1220,1053,167,0,0,0,42,42,0
"Winn Parish","Winn Parish, Louisiana","G2201270","2201270","11","22127","22","127",5801,5057,744,3717,3190,527,2084,1867,217,4434,3997,437,1356,1049,307,0,0,0,27,27,0
"Androscoggin County","Androscoggin County, Maine","G2300010","2300010","11","23001","23","001",46618,43718,2900,25797,24111,1686,20821,19607,1214,46339,43447,2892,97,97,0,73,68,5,156,145,11
"Aroostook County","Aroostook County, Maine","G2300030","2300030","11","23003","23","003",35522,31671,3851,21228,18710,2518,14294,12961,1333,35021,31291,3730,124,101,23,178,111,67,100,77,23
"Cumberland County","Cumberland County, Maine","G2300050","2300050","11","23005","23","005",101729,95856,5873,56644,53214,3430,45085,42642,2443,100661,94827,5834,478,457,21,172,160,12,501,470,31
"Franklin County","Franklin County, Maine","G2300070","2300070","11","23007","23","007",12108,11264,844,6911,6421,490,5197,4843,354,12053,11216,837,0,0,0,0,0,0,28,28,0
"Hancock County","Hancock County, Maine","G2300090","2300090","11","23009","23","009",17286,15386,1900,10280,9242,1038,7006,6144,862,17226,15338,1888,6,6,0,25,20,5,65,31,34
"Kennebec County","Kennebec County, Maine","G2300110","2300110","11","23011","23","011",50388,46903,3485,28197,26048,2149,22191,20855,1336,49960,46545,3415,48,31,17,186,162,24,215,200,15
"Knox County","Knox County, Maine","G2300130","2300130","11","23013","23","013",13833,12447,1386,8081,7315,766,5752,5132,620,13789,12414,1375,0,0,0,22,22,0,33,28,5
"Lincoln County","Lincoln County, Maine","G2300150","2300150","11","23015","23","015",10687,9898,789,6427,6015,412,4260,3883,377,10664,9875,789,0,0,0,15,15,0,37,37,0
"Oxford County","Oxford County, Maine","G2300170","2300170","11","23017","23","017",21726,20256,1470,12786,11955,831,8940,8301,639,21630,20162,1468,0,0,0,6,4,2,116,110,6
"Penobscot County","Penobscot County, Maine","G2300190","2300190","11","23019","23","019",61209,56023,5186,36012,32828,3184,25197,23195,2002,60476,55370,5106,126,113,13,421,356,65,204,181,23
"Piscataquis County","Piscataquis County, Maine","G2300210","2300210","11","23021","23","021",7477,6877,600,4414,3975,439,3063,2902,161,7400,6807,593,0,0,0,59,54,5,19,15,4
"Sagadahoc County","Sagadahoc County, Maine","G2300230","2300230","11","23023","23","023",12025,11182,843,6740,6342,398,5285,4840,445,11895,11083,812,60,44,16,30,22,8,55,48,7
"Somerset County","Somerset County, Maine","G2300250","2300250","11","23025","23","025",18841,17186,1655,10997,9832,1165,7844,7354,490,18777,17124,1653,6,6,0,44,44,0,46,46,0
"Waldo County","Waldo County, Maine","G2300270","2300270","11","23027","23","027",11564,10024,1540,7023,6106,917,4541,3918,623,11528,9989,1539,0,0,0,0,0,0,49,45,4
"Washington County","Washington County, Maine","G2300290","2300290","11","23029","23","029",13270,11392,1878,8145,7037,1108,5125,4355,770,12954,11161,1793,0,0,0,291,216,75,16,11,5
"York County","York County, Maine","G2300310","2300310","11","23031","23","031",63118,59439,3679,36336,34253,2083,26782,25186,1596,62653,59015,3638,169,151,18,153,142,11,226,202,24
"Allegany County","Allegany County, Maryland","G2400010","2400010","11","24001","24","001",33068,30309,2759,19845,18258,1587,13223,12051,1172,32440,29736,2704,481,426,55,19,19,0,87,87,0
"Anne Arundel County","Anne Arundel County, Maryland","G2400030","2400030","11","24003","24","003",177606,169089,8517,102416,97983,4433,75190,71106,4084,157952,151123,6829,16969,15442,1527,362,333,29,1405,1318,87
"Baltimore County","Baltimore County, Maryland","G2400050","2400050","11","24005","24","005",344672,327459,17213,195477,186132,9345,149195,141327,7868,310722,295854,14868,28582,26452,2130,483,461,22,2404,2295,109
"Calvert County","Calvert County, Maryland","G2400090","2400090","11","24009","24","009",15430,14155,1275,9133,8382,751,6297,5773,524,12164,11502,662,3228,2615,613,0,0,0,140,114,26
"Caroline County","Caroline County, Maryland","G2400110","2400110","11","24011","24","011",10531,9842,689,6024,5695,329,4507,4147,360,8757,8273,484,1737,1538,199,0,0,0,97,76,21
"Carroll County","Carroll County, Maryland","G2400130","2400130","11","24013","24","013",47004,45342,1662,27427,26566,861,19577,18776,801,45667,44052,1615,1088,1043,45,40,40,0,296,289,7
"Cecil County","Cecil County, Maryland","G2400150","2400150","11","24015","24","015",26202,24201,2001,15790,14629,1161,10412,9572,840,25051,23183,1868,1041,920,121,18,13,5,191,175,16
"Charles County","Charles County, Maryland","G2400170","2400170","11","24017","24","017",32694,30906,1788,18939,17947,992,13755,12959,796,26376,25350,1026,5828,5115,713,261,233,28,325,299,26
"Dorchester County","Dorchester County, Maryland","G2400190","2400190","11","24019","24","019",14531,13370,1161,7616,7065,551,6915,6305,610,10546,10041,505,3904,3248,656,0,0,0,99,88,11
"Frederick County","Frederick County, Maryland","G2400210","2400210","11","24021","24","021",55674,53434,2240,32204,30965,1239,23470,22469,1001,52365,50403,1962,2849,2609,240,73,73,0,341,298,43
"Garrett County","Garrett County, Maryland","G2400230","2400230","11","24023","24","023",10623,9586,1037,6758,6039,719,3865,3547,318,10606,9577,1029,0,0,0,11,3,8,15,15,0
"Harford County","Harford County, Maryland","G2400250","2400250","11","24025","24","025",66613,62729,3884,39311,37147,2164,27302,25582,1720,61398,58096,3302,4403,3939,464,157,134,23,529,451,78
"Howard County","Howard County, Maryland","G2400270","2400270","11","24027","24","027",62882,60997,1885,35863,34958,905,27019,26039,980,54475,52976,1499,6979,6640,339,101,87,14,683,653,30
"Kent County","Kent County, Maryland","G2400290","2400290","11","24029","24","029",7664,7084,580,4331,4041,290,3333,3043,290,5933,5638,295,1670,1391,279,12,6,6,55,45,10
"Montgomery County","Montgomery County, Maryland","G2400310","2400310","11","24031","24","031",308701,299748,8953,169811,165458,4353,138890,134290,4600,265815,258762,7053,27644,26292,1352,542,510,32,11572,11172,400
"Prince George's County","Prince George's County, Maryland","G2400330","2400330","11","24033","24","033",352859,337142,15717,185496,176960,8536,167363,160182,7181,210053,202636,7417,131257,123483,7774,993,949,44,6785,6399,386
"Queen Anne's County","Queen Anne's County, Maryland","G2400350","2400350","11","24035","24","035",12000,11231,769,7133,6702,431,4867,4529,338,10053,9565,488,1910,1640,270,0,0,0,61,39,22
"St. Mary's County","St. Mary's County, Maryland","G2400370","2400370","11","24037","24","037",24066,22452,1614,14097,13369,728,9969,9083,886,20133,19088,1045,3659,3123,536,38,31,7,302,271,31
"Somerset County","Somerset County, Maryland","G2400390","2400390","11","24039","24","039",8602,7683,919,4801,4304,497,3801,3379,422,5750,5317,433,2795,2326,469,0,0,0,61,48,13
"Talbot County","Talbot County, Maryland","G2400410","2400410","11","24041","24","041",12823,12214,609,7166,6819,347,5657,5395,262,9981,9590,391,2802,2584,218,0,0,0,47,47,0
"Washington County","Washington County, Maryland","G2400430","2400430","11","24043","24","043",51310,48126,3184,30394,28510,1884,20916,19616,1300,49802,46793,3009,1222,1060,162,41,35,6,241,211,30
"Wicomico County","Wicomico County, Maryland","G2400450","2400450","11","24045","24","045",31580,29509,2071,17116,16055,1061,14464,13454,1010,25294,23946,1348,6076,5367,709,35,35,0,132,121,11
"Worcester County","Worcester County, Maryland","G2400470","2400470","11","24047","24","047",15200,13756,1444,8611,7955,656,6589,5801,788,11231,10364,867,3809,3238,571,37,34,3,87,74,13
"Baltimore City","Baltimore City, Maryland","G2405100","2405100","11","24510","24","510",343177,306248,36929,184046,163194,20852,159131,143054,16077,159112,149001,10111,179980,153703,26277,949,761,188,3222,2759,463
"Barnstable County","Barnstable County, Massachusetts","G2500010","2500010","11","25001","25","001",62723,58651,4072,35212,33146,2066,27511,25505,2006,60765,56953,3812,733,642,91,383,332,51,376,321,55
"Berkshire County","Berkshire County, Massachusetts","G2500030","2500030","11","25003","25","003",68657,63526,5131,38356,35422,2934,30301,28104,2197,67396,62389,5007,847,764,83,65,50,15,341,321,20
"Bristol County","Bristol County, Massachusetts","G2500050","2500050","11","25005","25","005",227200,212435,14765,125319,116316,9003,101881,96119,5762,220852,206874,13978,1857,1603,254,289,262,27,4837,4385,452
"Dukes County","Dukes County, Massachusetts","G2500070","2500070","11","25007","25","007",4283,4009,274,2444,2316,128,1839,1693,146,4135,3878,257,105,95,10,0,0,0,49,37,12
"Essex County","Essex County, Massachusetts","G2500090","2500090","11","25009","25","009",310952,296069,14883,174349,165896,8453,136603,130173,6430,303849,289584,14265,2684,2447,237,477,447,30,5995,5367,628
"Franklin County","Franklin County, Massachusetts","G2500110","2500110","11","25011","25","011",31863,30033,1830,18013,16824,1189,13850,13209,641,31611,29801,1810,129,117,12,33,33,0,136,130,6
"Hampden County","Hampden County, Massachusetts","G2500130","2500130","11","25013","25","013",209397,197182,12215,116691,109757,6934,92706,87425,5281,193893,183618,10275,10923,9736,1187,354,334,20,5714,4736,978
"Hampshire County","Hampshire County, Massachusetts","G2500150","2500150","11","25015","25","015",69420,66053,3367,36343,34323,2020,33077,31730,1347,67455,64243,3212,965,872,93,90,83,7,802,754,48
"Middlesex County","Middlesex County, Massachusetts","G2500170","2500170","11","25017","25","017",708331,681640,26691,390281,374635,15646,318050,307005,11045,684150,658569,25581,12756,12170,586,733,685,48,9786,9233,553
"Nantucket County","Nantucket County, Massachusetts","G2500190","2500190","11","25019","25","019",2767,2714,53,1545,1506,39,1222,1208,14,2718,2665,53,37,37,0,0,0,0,0,0,0
"Norfolk County","Norfolk County, Massachusetts","G2500210","2500210","11","25021","25","021",309733,297022,12711,171264,163674,7590,138469,133348,5121,303077,290646,12431,2923,2817,106,255,220,35,2231,2132,99
"Plymouth County","Plymouth County, Massachusetts","G2500230","2500230","11","25023","25","023",187511,175768,11743,107609,100645,6964,79902,75123,4779,181445,170378,11067,3168,2882,286,303,271,32,1534,1357,177
"Suffolk County","Suffolk County, Massachusetts","G2500250","2500250","11","25025","25","025",314465,295006,19459,165930,154017,11913,148535,140989,7546,246192,232918,13274,52271,47461,4810,592,558,34,13740,12325,1415
"Worcester County","Worcester County, Massachusetts","G2500270","2500270","11","25027","25","027",309072,294167,14905,173994,165145,8849,135078,129022,6056,302326,288014,14312,3548,3233,315,416,351,65,4227,3873,354
"Alcona County","Alcona County, Michigan","G2600010","2600010","11","26001","26","001",3320,2720,600,1970,1579,391,1350,1141,209,3308,2712,596,0,0,0,4,2,2,21,21,0
"Alger County","Alger County, Michigan","G2600030","2600030","11","26003","26","003",3613,3168,445,2263,2003,260,1350,1165,185,3546,3115,431,0,0,0,66,52,14,8,8,0
"Allegan County","Allegan County, Michigan","G2600050","2600050","11","26005","26","005",37171,34025,3146,22342,20428,1914,14829,13597,1232,36160,33280,2880,425,317,108,157,121,36,726,543,183
"Alpena County","Alpena County, Michigan","G2600070","2600070","11","26007","26","007",13804,11708,2096,8299,6968,1331,5505,4740,765,13746,11671,2075,0,0,0,15,13,2,27,25,2
"Antrim County","Antrim County, Michigan","G2600090","2600090","11","26009","26","009",6507,5589,918,3928,3356,572,2579,2233,346,6447,5542,905,0,0,0,44,33,11,30,30,0
"Arenac County","Arenac County, Michigan","G2600110","2600110","11","26011","26","011",5477,4493,984,3359,2761,598,2118,1732,386,5435,4472,963,0,0,0,17,10,7,45,31,14
"Baraga County","Baraga County, Michigan","G2600130","2600130","11","26013","26","013",3077,2653,424,1898,1555,343,1179,1098,81,2778,2399,379,0,0,0,293,248,45,0,0,0
"Barry County","Barry County, Michigan","G2600150","2600150","11","26015","26","015",20340,18553,1787,12395,11267,1128,7945,7286,659,20063,18315,1748,23,14,9,121,102,19,182,156,26
"Bay County","Bay County, Michigan","G2600170","2600170","11","26017","26","017",53294,46138,7156,32432,27730,4702,20862,18408,2454,52168,45364,6804,350,248,102,263,201,62,977,679,298
"Benzie County","Benzie County, Michigan","G2600190","2600190","11","26019","26","019",4658,3985,673,2737,2348,389,1921,1637,284,4554,3903,651,4,4,0,74,57,17,34,25,9
"Berrien County","Berrien County, Michigan","G2600210","2600210","11","26021","26","021",77575,69342,8233,44750,40179,4571,32825,29163,3662,68495,62664,5831,7959,5725,2234,239,183,56,772,621,151
"Branch County","Branch County, Michigan","G2600230","2600230","11","26023","26","023",18629,16157,2472,10613,9269,1344,8016,6888,1128,18456,16027,2429,28,28,0,97,65,32,48,48,0
"Calhoun County","Calhoun County, Michigan","G2600250","2600250","11","26025","26","025",63878,57611,6267,36701,32989,3712,27177,24622,2555,57783,52550,5233,5249,4329,920,227,175,52,998,870,128
"Cass County","Cass County, Michigan","G2600270","2600270","11","26027","26","027",22236,19714,2522,13041,11435,1606,9195,8279,916,20606,18392,2214,1422,1153,269,127,94,33,109,90,19
"Charlevoix County","Charlevoix County, Michigan","G2600290","2600290","11","26029","26","029",8791,7480,1311,5149,4330,819,3642,3150,492,8644,7379,1265,0,0,0,126,84,42,29,26,3
"Cheboygan County","Cheboygan County, Michigan","G2600310","2600310","11","26031","26","031",8458,6736,1722,5007,3943,1064,3451,2793,658,8396,6688,1708,0,0,0,50,38,12,28,21,7
"Chippewa County","Chippewa County, Michigan","G2600330","2600330","11","26033","26","033",11452,9653,1799,6839,5627,1212,4613,4026,587,10553,8978,1575,11,7,4,859,644,215,44,25,19
"Clare County","Clare County, Michigan","G2600350","2600350","11","26035","26","035",8408,6927,1481,5068,4081,987,3340,2846,494,8318,6874,1444,0,0,0,72,43,29,26,22,4
"Clinton County","Clinton County, Michigan","G2600370","2600370","11","26037","26","037",25770,23982,1788,15612,14421,1191,10158,9561,597,25286,23553,1733,63,54,9,90,85,5,393,332,61
"Crawford County","Crawford County, Michigan","G2600390","2600390","11","26039","26","039",3628,3195,433,2186,1934,252,1442,1261,181,3609,3185,424,0,0,0,17,8,9,0,0,0
"Delta County","Delta County, Michigan","G2600410","2600410","11","26041","26","041",15689,13714,1975,9772,8369,1403,5917,5345,572,15553,13604,1949,0,0,0,121,95,26,52,49,3
"Dickinson County","Dickinson County, Michigan","G2600430","2600430","11","26043","26","043",10655,9826,829,6413,5825,588,4242,4001,241,10627,9798,829,0,0,0,0,0,0,31,19,12
"Eaton County","Eaton County, Michigan","G2600450","2600450","11","26045","26","045",43806,40638,3168,25229,23246,1983,18577,17392,1185,42049,39059,2990,1195,1080,115,123,105,18,629,560,69
"Emmet County","Emmet County, Michigan","G2600470","2600470","11","26047","26","047",10761,9300,1461,5982,5099,883,4779,4201,578,10534,9145,1389,8,8,0,206,136,70,20,19,1
"Genesee County","Genesee County, Michigan","G2600490","2600490","11","26049","26","049",199191,171803,27388,117690,101462,16228,81501,70341,11160,165247,145611,19636,30708,23619,7089,1169,914,255,2598,2002,596
"Gladwin County","Gladwin County, Michigan","G2600510","2600510","11","26051","26","051",7061,5880,1181,4394,3630,764,2667,2250,417,7010,5850,1160,0,0,0,31,17,14,39,29,10
"Gogebic County","Gogebic County, Michigan","G2600530","2600530","11","26053","26","053",7333,6384,949,4319,3682,637,3014,2702,312,7209,6282,927,0,0,0,110,90,20,15,10,5
"Grand Traverse County","Grand Traverse County, Michigan","G2600550","2600550","11","26055","26","055",26117,23905,2212,14744,13491,1253,11373,10414,959,25826,23665,2161,17,6,11,187,147,40,110,110,0
"Gratiot County","Gratiot County, Michigan","G2600570","2600570","11","26057","26","057",17183,15370,1813,10258,9084,1174,6925,6286,639,16876,15112,1764,0,0,0,75,65,10,420,343,77
"Hillsdale County","Hillsdale County, Michigan","G2600590","2600590","11","26059","26","059",18329,16260,2069,10853,9645,1208,7476,6615,861,18210,16167,2043,35,30,5,49,43,6,73,56,17
"Houghton County","Houghton County, Michigan","G2600610","2600610","11","26061","26","061",13592,11812,1780,8326,7014,1312,5266,4798,468,13356,11596,1760,54,47,7,51,40,11,36,36,0
"Huron County","Huron County, Michigan","G2600630","2600630","11","26063","26","063",14540,12941,1599,8899,7981,918,5641,4960,681,14433,12876,1557,4,2,2,21,14,7,133,85,48
"Ingham County","Ingham County, Michigan","G2600650","2600650","11","26065","26","065",136809,126335,10474,75003,68323,6680,61806,58012,3794,123458,114975,8483,9099,7806,1293,776,635,141,4125,3333,792
"Ionia County","Ionia County, Michigan","G2600670","2600670","11","26067","26","067",21060,18835,2225,12687,11393,1294,8373,7442,931,20851,18671,2180,17,4,13,67,48,19,266,230,36
"Iosco County","Iosco County, Michigan","G2600690","2600690","11","26069","26","069",8892,7291,1601,4966,4038,928,3926,3253,673,8711,7140,1571,109,92,17,36,34,2,44,21,23
"Iron County","Iron County, Michigan","G2600710","2600710","11","26071","26","071",5009,4389,620,2976,2581,395,2033,1808,225,4984,4369,615,0,0,0,17,12,5,0,0,0
"Isabella County","Isabella County, Michigan","G2600730","2600730","11","26073","26","073",23671,21417,2254,12878,11536,1342,10793,9881,912,23044,20898,2146,234,194,40,205,157,48,282,245,37
"Jackson County","Jackson County, Michigan","G2600750","2600750","11","26075","26","075",66988,60149,6839,39732,35665,4067,27256,24484,2772,63575,57260,6315,2669,2236,433,291,224,67,519,473,46
"Kalamazoo County","Kalamazoo County, Michigan","G2600770","2600770","11","26077","26","077",106091,98941,7150,59396,54930,4466,46695,44011,2684,98361,92392,5969,6464,5433,1031,349,310,39,966,863,103
"Kalkaska County","Kalkaska County, Michigan","G2600790","2600790","11","26079","26","079",4162,3461,701,2626,2194,432,1536,1267,269,4118,3422,696,0,0,0,22,20,2,12,12,0
"Kent County","Kent County, Michigan","G2600810","2600810","11","26081","26","081",217779,202824,14955,124029,115347,8682,93750,87477,6273,200946,188824,12122,12866,10545,2321,920,729,191,3700,3216,484
"Keweenaw County","Keweenaw County, Michigan","G2600830","2600830","11","26083","26","083",558,464,94,347,278,69,211,186,25,554,460,94,0,0,0,0,0,0,0,0,0
"Lake County","Lake County, Michigan","G2600850","2600850","11","26085","26","085",2556,2120,436,1489,1209,280,1067,911,156,2265,1865,400,273,237,36,15,15,0,13,13,0
"Lapeer County","Lapeer County, Michigan","G2600870","2600870","11","26087","26","087",29382,25884,3498,18383,16335,2048,10999,9549,1450,28923,25486,3437,70,62,8,83,69,14,484,399,85
"Leelanau County","Leelanau County, Michigan","G2600890","2600890","11","26089","26","089",6295,5672,623,3722,3348,374,2573,2324,249,6217,5610,607,0,0,0,65,49,16,18,15,3
"Lenawee County","Lenawee County, Michigan","G2600910","2600910","11","26091","26","091",40553,36270,4283,24024,21420,2604,16529,14850,1679,39332,35336,3996,322,240,82,64,42,22,1642,1287,355
"Livingston County","Livingston County, Michigan","G2600930","2600930","11","26093","26","093",45704,41259,4445,28176,25200,2976,17528,16059,1469,45380,40986,4394,2,2,0,172,121,51,245,223,22
"Luce County","Luce County, Michigan","G2600950","2600950","11","26095","26","095",2582,2280,302,1493,1303,190,1089,977,112,2471,2201,270,0,0,0,0,0,0,0,0,0
"Mackinac County","Mackinac County, Michigan","G2600970","2600970","11","26097","26","097",4213,3190,1023,2469,1931,538,1744,1259,485,3849,2945,904,0,0,0,354,241,113,0,0,0
"Macomb County","Macomb County, Michigan","G2600990","2600990","11","26099","26","099",338744,305242,33502,204031,182858,21173,134713,122384,12329,331229,298945,32284,3631,2874,757,879,654,225,2789,2437,352
"Manistee County","Manistee County, Michigan","G2601010","2601010","11","26101","26","101",9398,7969,1429,5743,4863,880,3655,3106,549,9265,7876,1389,34,16,18,70,50,20,99,70,29
"Marquette County","Marquette County, Michigan","G2601030","2601030","11","26103","26","103",29281,26314,2967,17478,15638,1840,11803,10676,1127,28767,25899,2868,135,104,31,226,170,56,120,114,6
"Mason County","Mason County, Michigan","G2601050","2601050","11","26105","26","105",11093,9793,1300,6705,5971,734,4388,3822,566,10922,9662,1260,27,19,8,76,48,28,145,103,42
"Mecosta County","Mecosta County, Michigan","G2601070","2601070","11","26107","26","107",14893,13344,1549,8470,7424,1046,6423,5920,503,14522,13044,1478,204,175,29,91,57,34,110,81,29
"Menominee County","Menominee County, Michigan","G2601090","2601090","11","26109","26","109",10948,9831,1117,6841,6198,643,4107,3633,474,10814,9748,1066,0,0,0,115,79,36,3,3,0
"Midland County","Midland County, Michigan","G2601110","2601110","11","26111","26","111",33072,30038,3034,20193,18198,1995,12879,11840,1039,32242,29304,2938,323,310,13,103,73,30,259,236,23
"Missaukee County","Missaukee County, Michigan","G2601130","2601130","11","26113","26","113",3903,3317,586,2463,2086,377,1440,1231,209,3869,3297,572,0,0,0,25,11,14,0,0,0
"Monroe County","Monroe County, Michigan","G2601150","2601150","11","26115","26","115",59200,52195,7005,36888,32298,4590,22312,19897,2415,57967,51218,6749,834,669,165,112,93,19,558,438,120
"Montcalm County","Montcalm County, Michigan","G2601170","2601170","11","26117","26","117",20128,18136,1992,11989,10788,1201,8139,7348,791,19899,17974,1925,27,24,3,75,48,27,202,156,46
"Montmorency County","Montmorency County, Michigan","G2601190","2601190","11","26119","26","119",2607,2036,571,1486,1146,340,1121,890,231,2595,2027,568,0,0,0,12,9,3,9,4,5
"Muskegon County","Muskegon County, Michigan","G2601210","2601210","11","26121","26","121",69066,61518,7548,39747,35574,4173,29319,25944,3375,61994,55863,6131,6059,4872,1187,421,288,133,1115,855,260
"Newaygo County","Newaygo County, Michigan","G2601230","2601230","11","26123","26","123",13829,12346,1483,8469,7567,902,5360,4779,581,13543,12116,1427,111,99,12,54,32,22,204,172,32
"Oakland County","Oakland County, Michigan","G2601250","2601250","11","26125","26","125",505258,467706,37552,300781,277171,23610,204477,190535,13942,474316,440623,33693,21488,18497,2991,1592,1358,234,5985,5306,679
"Oceana County","Oceana County, Michigan","G2601270","2601270","11","26127","26","127",8758,7517,1241,5301,4623,678,3457,2894,563,8522,7333,1189,0,0,0,47,37,10,270,212,58
"Ogemaw County","Ogemaw County, Michigan","G2601290","2601290","11","26129","26","129",5652,4704,948,3371,2762,609,2281,1942,339,5609,4677,932,0,0,0,11,6,5,28,19,9
"Ontonagon County","Ontonagon County, Michigan","G2601310","2601310","11","26131","26","131",3750,3310,440,2331,2030,301,1419,1280,139,3716,3283,433,0,0,0,0,0,0,0,0,0
"Osceola County","Osceola County, Michigan","G2601330","2601330","11","26133","26","133",7432,6439,993,4438,3803,635,2994,2636,358,7395,6411,984,0,0,0,24,20,4,36,31,5
"Oscoda County","Oscoda County, Michigan","G2601350","2601350","11","26135","26","135",2469,2072,397,1448,1236,212,1021,836,185,2463,2069,394,0,0,0,0,0,0,0,0,0
"Otsego County","Otsego County, Michigan","G2601370","2601370","11","26137","26","137",6242,5592,650,3737,3295,442,2505,2297,208,6218,5570,648,0,0,0,0,0,0,7,7,0
"Ottawa County","Ottawa County, Michigan","G2601390","2601390","11","26139","26","139",76114,71614,4500,45292,42715,2577,30822,28899,1923,74284,70055,4229,255,209,46,194,151,43,2097,1832,265
"Presque Isle County","Presque Isle County, Michigan","G2601410","2601410","11","26141","26","141",5179,4312,867,3364,2763,601,1815,1549,266,5104,4250,854,0,0,0,35,32,3,14,14,0
"Roscommon County","Roscommon County, Michigan","G2601430","2601430","11","26143","26","143",5764,4765,999,3319,2707,612,2445,2058,387,5742,4749,993,0,0,0,14,14,0,0,0,0
"Saginaw County","Saginaw County, Michigan","G2601450","2601450","11","26145","26","145",97942,84609,13333,57516,49672,7844,40426,34937,5489,82313,73067,9246,12382,8995,3387,357,308,49,4318,3297,1021
"St. Clair County","St. Clair County, Michigan","G2601470","2601470","11","26147","26","147",59599,51779,7820,36244,31601,4643,23355,20178,3177,58091,50550,7541,1013,842,171,189,158,31,664,517,147
"St. Joseph County","St. Joseph County, Michigan","G2601490","2601490","11","26149","26","149",25526,23165,2361,14977,13637,1340,10549,9528,1021,24918,22638,2280,422,376,46,91,56,35,102,101,1
"Sanilac County","Sanilac County, Michigan","G2601510","2601510","11","26151","26","151",16238,14011,2227,10043,8621,1422,6195,5390,805,16057,13870,2187,0,0,0,31,25,6,254,203,51
"Schoolcraft County","Schoolcraft County, Michigan","G2601530","2601530","11","26153","26","153",3411,2832,579,1990,1594,396,1421,1238,183,3218,2695,523,0,0,0,0,0,0,0,0,0
"Shiawassee County","Shiawassee County, Michigan","G2601550","2601550","11","26155","26","155",31390,27779,3611,19170,16857,2313,12220,10922,1298,31126,27594,3532,23,23,0,126,83,43,248,168,80
"Tuscola County","Tuscola County, Michigan","G2601570","2601570","11","26157","26","157",23681,20380,3301,14523,12315,2208,9158,8065,1093,23324,20132,3192,88,60,28,81,55,26,362,255,107
"Van Buren County","Van Buren County, Michigan","G2601590","2601590","11","26159","26","159",28373,25268,3105,16666,14851,1815,11707,10417,1290,26377,23739,2638,1466,1103,363,187,145,42,546,438,108
"Washtenaw County","Washtenaw County, Michigan","G2601610","2601610","11","26161","26","161",137866,128554,9312,75977,70268,5709,61889,58286,3603,121836,114608,7228,12408,10537,1871,402,372,30,1747,1590,157
"Wayne County","Wayne County, Michigan","G2601630","2601630","11","26163","26","163",1027869,880690,147179,592917,499162,93755,434952,381528,53424,692442,619351,73091,318090,246569,71521,3185,2594,591,17705,14497,3208
"Wexford County","Wexford County, Michigan","G2601650","2601650","11","26165","26","165",10675,9112,1563,6116,5188,928,4559,3924,635,10614,9067,1547,0,0,0,38,25,13,55,42,13
"Aitkin County","Aitkin County, Minnesota","G2700010","2700010","11","27001","27","001",4861,4127,734,2997,2499,498,1864,1628,236,4803,4097,706,0,0,0,54,26,28,11,6,5
"Anoka County","Anoka County, Minnesota","G2700030","2700030","11","27003","27","003",101731,97103,4628,58039,55102,2937,43692,42001,1691,100357,95805,4552,104,104,0,539,502,37,481,449,32
"Becker County","Becker County, Minnesota","G2700050","2700050","11","27005","27","005",11958,10689,1269,7214,6322,892,4744,4367,377,11371,10244,1127,0,0,0,560,430,130,50,40,10
"Beltrami County","Beltrami County, Minnesota","G2700070","2700070","11","27007","27","007",13375,11979,1396,7860,6858,1002,5515,5121,394,12062,10939,1123,0,0,0,1215,948,267,45,43,2
"Benton County","Benton County, Minnesota","G2700090","2700090","11","27009","27","009",11580,10996,584,6782,6416,366,4798,4580,218,11516,10940,576,0,0,0,23,15,8,37,37,0
"Big Stone County","Big Stone County, Minnesota","G2700110","2700110","11","27011","27","011",3304,3054,250,2012,1867,145,1292,1187,105,3291,3041,250,0,0,0,0,0,0,0,0,0
"Blue Earth County","Blue Earth County, Minnesota","G2700130","2700130","11","27013","27","013",25894,24588,1306,14547,13668,879,11347,10920,427,25588,24301,1287,81,79,2,36,36,0,151,134,17
"Brown County","Brown County, Minnesota","G2700150","2700150","11","27015","27","015",13410,12737,673,7693,7194,499,5717,5543,174,13368,12701,667,0,0,0,0,0,0,50,48,2
"Carlton County","Carlton County, Minnesota","G2700170","2700170","11","27017","27","017",12271,10935,1336,7530,6611,919,4741,4324,417,11940,10691,1249,0,0,0,321,234,87,17,17,0
"Carver County","Carver County, Minnesota","G2700190","2700190","11","27019","27","019",18829,18200,629,11069,10629,440,7760,7571,189,18770,18145,625,14,14,0,0,0,0,40,38,2
"Cass County","Cass County, Minnesota","G2700210","2700210","11","27021","27","021",7321,6349,972,4454,3717,737,2867,2632,235,6789,5960,829,0,0,0,517,376,141,13,12,1
"Chippewa County","Chippewa County, Minnesota","G2700230","2700230","11","27023","27","023",6453,6058,395,3903,3613,290,2550,2445,105,6436,6046,390,0,0,0,0,0,0,16,11,5
"Chisago County","Chisago County, Minnesota","G2700250","2700250","11","27025","27","025",11608,10945,663,6856,6382,474,4752,4563,189,11551,10894,657,0,0,0,21,19,2,20,18,2
"Clay County","Clay County, Minnesota","G2700270","2700270","11","27027","27","027",24010,22392,1618,13516,12455,1061,10494,9937,557,23677,22074,1603,87,87,0,73,71,2,170,144,26
"Clearwater County","Clearwater County, Minnesota","G2700290","2700290","11","27029","27","029",3365,2788,577,2064,1618,446,1301,1170,131,3190,2650,540,0,0,0,173,136,37,0,0,0
"Cook County","Cook County, Minnesota","G2700310","2700310","11","27031","27","031",1934,1708,226,1155,1009,146,779,699,80,1771,1577,194,0,0,0,151,121,30,0,0,0
"Cottonwood County","Cottonwood County, Minnesota","G2700330","2700330","11","27033","27","033",6480,6206,274,3949,3773,176,2531,2433,98,6470,6196,274,0,0,0,0,0,0,4,4,0
"Crow Wing County","Crow Wing County, Minnesota","G2700350","2700350","11","27035","27","035",16550,14615,1935,9658,8362,1296,6892,6253,639,16459,14543,1916,0,0,0,61,48,13,51,31,20
"Dakota County","Dakota County, Minnesota","G2700370","2700370","11","27037","27","037",102066,98048,4018,57857,55365,2492,44209,42683,1526,100156,96295,3861,652,601,51,266,246,20,895,842,53
"Dodge County","Dodge County, Minnesota","G2700390","2700390","11","27039","27","039",6794,6454,340,4070,3836,234,2724,2618,106,6764,6426,338,0,0,0,0,0,0,34,34,0
"Douglas County","Douglas County, Minnesota","G2700410","2700410","11","27041","27","041",12599,11830,769,7311,6794,517,5288,5036,252,12503,11755,748,0,0,0,42,28,14,24,24,0
"Faribault County","Faribault County, Minnesota","G2700430","2700430","11","27043","27","043",8508,7878,630,5148,4741,407,3360,3137,223,8423,7810,613,0,0,0,0,0,0,86,67,19
"Fillmore County","Fillmore County, Minnesota","G2700450","2700450","11","27045","27","045",9667,9144,523,6005,5685,320,3662,3459,203,9644,9123,521,0,0,0,0,0,0,20,20,0
"Freeborn County","Freeborn County, Minnesota","G2700470","2700470","11","27047","27","047",16719,15694,1025,10025,9429,596,6694,6265,429,16477,15509,968,0,0,0,21,11,10,360,310,50
"Goodhue County","Goodhue County, Minnesota","G2700490","2700490","11","27049","27","049",18205,17372,833,10702,10132,570,7503,7240,263,18107,17285,822,0,0,0,52,45,7,37,31,6
"Grant County","Grant County, Minnesota","G2700510","2700510","11","27051","27","051",2848,2674,174,1743,1617,126,1105,1057,48,2837,2663,174,0,0,0,0,0,0,8,6,2
"Hennepin County","Hennepin County, Minnesota","G2700530","2700530","11","27053","27","053",520449,501343,19106,283114,270682,12432,237335,230661,6674,496699,479933,16766,13541,12364,1177,3697,2923,774,3547,3213,334
"Houston County","Houston County, Minnesota","G2700550","2700550","11","27055","27","055",8602,8007,595,5195,4785,410,3407,3222,185,8583,7991,592,0,0,0,0,0,0,26,24,2
"Hubbard County","Hubbard County, Minnesota","G2700570","2700570","11","27057","27","057",5611,4798,813,3286,2737,549,2325,2061,264,5560,4767,793,0,0,0,47,27,20,0,0,0
"Isanti County","Isanti County, Minnesota","G2700590","2700590","11","27059","27","059",10295,9632,663,6137,5663,474,4158,3969,189,10229,9577,652,17,9,8,32,29,3,40,39,1
"Itasca County","Itasca County, Minnesota","G2700610","2700610","11","27061","27","061",17390,14845,2545,11031,9157,1874,6359,5688,671,17038,14641,2397,0,0,0,330,182,148,46,44,2
"Jackson County","Jackson County, Minnesota","G2700630","2700630","11","27063","27","063",6214,5969,245,3769,3603,166,2445,2366,79,6203,5958,245,0,0,0,0,0,0,7,7,0
"Kanabec County","Kanabec County, Minnesota","G2700650","2700650","11","27065","27","065",5130,4690,440,3042,2712,330,2088,1978,110,5109,4673,436,0,0,0,0,0,0,15,13,2
"Kandiyohi County","Kandiyohi County, Minnesota","G2700670","2700670","11","27067","27","067",16968,15942,1026,9837,9159,678,7131,6783,348,16892,15866,1026,0,0,0,4,4,0,29,27,2
"Kittson County","Kittson County, Minnesota","G2700690","2700690","11","27069","27","069",2881,2592,289,1787,1635,152,1094,957,137,0,0,0,0,0,0,0,0,0,0,0,0
"Koochiching County","Koochiching County, Minnesota","G2700710","2700710","11","27071","27","071",7635,6518,1117,4572,3793,779,3063,2725,338,7539,6453,1086,0,0,0,93,62,31,0,0,0
"Lac Qui Parle County","Lac Qui Parle County, Minnesota","G2700730","2700730","11","27073","27","073",4534,4296,238,2890,2742,148,1644,1554,90,4523,4285,238,0,0,0,0,0,0,0,0,0
"Lake County","Lake County, Minnesota","G2700750","2700750","11","27075","27","075",5861,4890,971,4006,3210,796,1855,1680,175,5817,4849,968,0,0,0,23,22,1,20,16,4
"Lake Of The Woods County","Lake Of The Woods County, Minnesota","G2700770","2700770","11","27077","27","077",1745,1642,103,1011,949,62,734,693,41,0,0,0,0,0,0,0,0,0,11,11,0
"Le Sueur County","Le Sueur County, Minnesota","G2700790","2700790","11","27079","27","079",10676,9991,685,6327,5838,489,4349,4153,196,10647,9966,681,0,0,0,11,11,0,27,16,11
"Lincoln County","Lincoln County, Minnesota","G2700810","2700810","11","27081","27","081",3423,3271,152,2116,2000,116,1307,1271,36,3408,3256,152,0,0,0,0,0,0,0,0,0
"Lyon County","Lyon County, Minnesota","G2700830","2700830","11","27083","27","083",11985,11369,616,6911,6429,482,5074,4940,134,11888,11276,612,18,18,0,9,9,0,56,41,15
"Mcleod County","Mcleod County, Minnesota","G2700850","2700850","11","27085","27","085",14335,13589,746,8257,7755,502,6078,5834,244,14249,13529,720,0,0,0,10,7,3,76,45,31
"Mahnomen County","Mahnomen County, Minnesota","G2700870","2700870","11","27087","27","087",2075,1813,262,1295,1092,203,780,721,59,1728,1561,167,0,0,0,347,252,95,19,16,3
"Marshall County","Marshall County, Minnesota","G2700890","2700890","11","27089","27","089",5269,4686,583,3429,3098,331,1840,1588,252,5255,4677,578,0,0,0,0,0,0,11,6,5
"Martin County","Martin County, Minnesota","G2700910","2700910","11","27091","27","091",11582,11055,527,6776,6481,295,4806,4574,232,11489,10970,519,0,0,0,0,0,0,36,34,2
"Meeker County","Meeker County, Minnesota","G2700930","2700930","11","27093","27","093",9035,8555,480,5438,5105,333,3597,3450,147,8959,8482,477,0,0,0,0,0,0,65,63,2
"Mille Lacs County","Mille Lacs County, Minnesota","G2700950","2700950","11","27095","27","095",7766,7188,578,4579,4179,400,3187,3009,178,7510,6957,553,0,0,0,218,197,21,15,13,2
"Morrison County","Morrison County, Minnesota","G2700970","2700970","11","27097","27","097",11556,10513,1043,7072,6314,758,4484,4199,285,11521,10484,1037,0,0,0,25,19,6,14,14,0
"Mower County","Mower County, Minnesota","G2700990","2700990","11","27099","27","099",17882,16720,1162,10708,9968,740,7174,6752,422,17806,16656,1150,6,0,6,13,13,0,37,26,11
"Murray County","Murray County, Minnesota","G2701010","2701010","11","27101","27","101",4739,4461,278,3052,2845,207,1687,1616,71,4729,4451,278,0,0,0,0,0,0,0,0,0
"Nicollet County","Nicollet County, Minnesota","G2701030","2701030","11","27103","27","103",13105,12539,566,7385,6971,414,5720,5568,152,13026,12470,556,23,18,5,0,0,0,23,22,1
"Nobles County","Nobles County, Minnesota","G2701050","2701050","11","27105","27","105",10077,9613,464,5959,5599,360,4118,4014,104,9978,9526,452,0,0,0,17,17,0,65,59,6
"Norman County","Norman County, Minnesota","G2701070","2701070","11","27107","27","107",3653,3416,237,2305,2125,180,1348,1291,57,3639,3411,228,0,0,0,12,3,9,0,0,0
"Olmsted County","Olmsted County, Minnesota","G2701090","2701090","11","27109","27","109",49541,47537,2004,26549,25153,1396,22992,22384,608,48609,46641,1968,206,183,23,98,85,13,253,253,0
"Otter Tail County","Otter Tail County, Minnesota","G2701110","2701110","11","27111","27","111",21873,20264,1609,13060,11947,1113,8813,8317,496,21784,20177,1607,0,0,0,40,38,2,25,25,0
"Pennington County","Pennington County, Minnesota","G2701130","2701130","11","27113","27","113",7219,6330,889,4160,3642,518,3059,2688,371,7173,6301,872,0,0,0,33,21,12,25,5,20
"Pine County","Pine County, Minnesota","G2701150","2701150","11","27115","27","115",8012,7084,928,4856,4218,638,3156,2866,290,7917,7012,905,12,12,0,48,39,9,16,8,8
"Pipestone County","Pipestone County, Minnesota","G2701170","2701170","11","27117","27","117",4871,4625,246,3005,2840,165,1866,1785,81,4823,4586,237,0,0,0,45,36,9,21,19,2
"Polk County","Polk County, Minnesota","G2701190","2701190","11","27119","27","119",15165,13819,1346,8998,8047,951,6167,5772,395,14885,13618,1267,11,9,2,72,57,15,222,154,68
"Pope County","Pope County, Minnesota","G2701210","2701210","11","27121","27","121",4830,4473,357,3044,2816,228,1786,1657,129,4826,4471,355,0,0,0,0,0,0,0,0,0
"Ramsey County","Ramsey County, Minnesota","G2701230","2701230","11","27123","27","123",240456,230651,9805,130320,124074,6246,110136,106577,3559,228954,220415,8539,6055,5351,704,1299,1082,217,3604,3232,372
"Red Lake County","Red Lake County, Minnesota","G2701250","2701250","11","27125","27","125",1985,1658,327,1247,1015,232,738,643,95,0,0,0,0,0,0,0,0,0,0,0,0
"Redwood County","Redwood County, Minnesota","G2701270","2701270","11","27127","27","127",7982,7649,333,4891,4635,256,3091,3014,77,7924,7602,322,0,0,0,58,47,11,15,13,2
"Renville County","Renville County, Minnesota","G2701290","2701290","11","27129","27","129",8585,8124,461,5323,4985,338,3262,3139,123,8562,8101,461,0,0,0,16,16,0,18,18,0
"Rice County","Rice County, Minnesota","G2701310","2701310","11","27131","27","131",21569,20394,1175,12161,11416,745,9408,8978,430,21375,20235,1140,41,41,0,15,11,4,68,57,11
"Rock County","Rock County, Minnesota","G2701330","2701330","11","27133","27","133",4849,4650,199,3024,2889,135,1825,1761,64,4822,4623,199,0,0,0,0,0,0,0,0,0
"Roseau County","Roseau County, Minnesota","G2701350","2701350","11","27135","27","135",5284,4574,710,3084,2685,399,2200,1889,311,5244,4546,698,0,0,0,0,0,0,0,0,0
"St. Louis County","St. Louis County, Minnesota","G2701370","2701370","11","27137","27","137",97188,88521,8667,58616,52540,6076,38572,35981,2591,95409,87038,8371,317,266,51,1025,795,230,277,247,30
"Scott County","Scott County, Minnesota","G2701390","2701390","11","27139","27","139",21479,20611,868,12597,11989,608,8882,8622,260,21290,20432,858,22,22,0,112,102,10,107,104,3
"Sherburne County","Sherburne County, Minnesota","G2701410","2701410","11","27141","27","141",13265,12440,825,7997,7393,604,5268,5047,221,13174,12355,819,10,8,2,41,39,2,60,57,3
"Sibley County","Sibley County, Minnesota","G2701430","2701430","11","27143","27","143",7028,6721,307,4287,4090,197,2741,2631,110,7001,6696,305,0,0,0,0,0,0,33,33,0
"Stearns County","Stearns County, Minnesota","G2701450","2701450","11","27145","27","145",49837,46877,2960,28676,26655,2021,21161,20222,939,49587,46634,2953,27,27,0,50,45,5,155,125,30
"Steele County","Steele County, Minnesota","G2701470","2701470","11","27147","27","147",14816,14227,589,8513,8123,390,6303,6104,199,14759,14181,578,0,0,0,25,14,11,89,83,6
"Stevens County","Stevens County, Minnesota","G2701490","2701490","11","27149","27","149",4851,4566,285,2889,2700,189,1962,1866,96,4746,4470,276,64,55,9,0,0,0,13,13,0
"Swift County","Swift County, Minnesota","G2701510","2701510","11","27151","27","151",5421,5082,339,3339,3098,241,2082,1984,98,5408,5069,339,0,0,0,0,0,0,17,3,14
"Todd County","Todd County, Minnesota","G2701530","2701530","11","27153","27","153",9858,9184,674,6177,5680,497,3681,3504,177,9834,9169,665,0,0,0,9,9,0,20,15,5
"Traverse County","Traverse County, Minnesota","G2701550","2701550","11","27155","27","155",2189,2070,119,1346,1249,97,843,821,22,2161,2048,113,0,0,0,24,20,4,0,0,0
"Wabasha County","Wabasha County, Minnesota","G2701570","2701570","11","27157","27","157",8656,8246,410,5228,4965,263,3428,3281,147,8621,8213,408,0,0,0,14,12,2,16,16,0
"Wadena County","Wadena County, Minnesota","G2701590","2701590","11","27159","27","159",5355,4978,377,3273,2998,275,2082,1980,102,5334,4959,375,0,0,0,13,11,2,8,8,0
"Waseca County","Waseca County, Minnesota","G2701610","2701610","11","27161","27","161",8542,8204,338,5014,4788,226,3528,3416,112,8477,8139,338,0,0,0,0,0,0,60,60,0
"Washington County","Washington County, Minnesota","G2701630","2701630","11","27163","27","163",56543,54064,2479,33086,31469,1617,23457,22595,862,55685,53226,2459,228,222,6,121,109,12,442,431,11
"Watonwan County","Watonwan County, Minnesota","G2701650","2701650","11","27165","27","165",5560,5127,433,3407,3160,247,2153,1967,186,5494,5063,431,0,0,0,0,0,0,92,80,12
"Wilkin County","Wilkin County, Minnesota","G2701670","2701670","11","27167","27","167",3573,3397,176,2230,2123,107,1343,1274,69,3544,3383,161,0,0,0,29,14,15,0,0,0
"Winona County","Winona County, Minnesota","G2701690","2701690","11","27169","27","169",22115,20624,1491,12424,11533,891,9691,9091,600,21953,20482,1471,31,24,7,42,40,2,129,100,29
"Wright County","Wright County, Minnesota","G2701710","2701710","11","27171","27","171",26313,24877,1436,15700,14713,987,10613,10164,449,26192,24778,1414,27,18,9,49,47,2,52,52,0
"Yellow Medicine County","Yellow Medicine County, Minnesota","G2701730","2701730","11","27173","27","173",5729,5367,362,3468,3200,268,2261,2167,94,5691,5331,360,0,0,0,25,23,2,0,0,0
"Adams County","Adams County, Mississippi","G2800010","2800010","11","28001","28","001",15522,14267,1255,8923,8388,535,6599,5879,720,9159,8823,336,6302,5383,919,0,0,0,130,100,30
"Alcorn County","Alcorn County, Mississippi","G2800030","2800030","11","28003","28","003",14509,13528,981,8196,7654,542,6313,5874,439,13253,12365,888,1195,1102,93,10,10,0,48,43,5
"Amite County","Amite County, Mississippi","G2800050","2800050","11","28005","28","005",4872,4552,320,2868,2695,173,2004,1857,147,2820,2702,118,2044,1842,202,0,0,0,38,38,0
"Attala County","Attala County, Mississippi","G2800070","2800070","11","28007","28","007",7195,6553,642,4157,3775,382,3038,2778,260,4921,4641,280,2269,1907,362,0,0,0,10,10,0
"Benton County","Benton County, Mississippi","G2800090","2800090","11","28009","28","009",3179,2796,383,1810,1597,213,1369,1199,170,2235,2041,194,944,755,189,0,0,0,20,20,0
"Bolivar County","Bolivar County, Mississippi","G2800110","2800110","11","28011","28","011",15917,14299,1618,8585,7792,793,7332,6507,825,7586,7336,250,8170,6802,1368,0,0,0,249,216,33
"Calhoun County","Calhoun County, Mississippi","G2800130","2800130","11","28013","28","013",6295,6000,295,3552,3412,140,2743,2588,155,4896,4698,198,1392,1295,97,0,0,0,33,33,0
"Carroll County","Carroll County, Mississippi","G2800150","2800150","11","28015","28","015",3496,3184,312,2060,1911,149,1436,1273,163,2163,2044,119,1331,1138,193,0,0,0,46,35,11
"Chickasaw County","Chickasaw County, Mississippi","G2800170","2800170","11","28017","28","017",7424,7028,396,4098,3898,200,3326,3130,196,5134,4879,255,2278,2137,141,0,0,0,70,63,7
"Choctaw County","Choctaw County, Mississippi","G2800190","2800190","11","28019","28","019",3090,2914,176,1789,1691,98,1301,1223,78,2466,2320,146,624,594,30,0,0,0,30,28,2
"Claiborne County","Claiborne County, Mississippi","G2800210","2800210","11","28021","28","021",4389,3891,498,2373,2079,294,2016,1812,204,1381,1341,40,2982,2530,452,0,0,0,22,15,7
"Clarke County","Clarke County, Mississippi","G2800230","2800230","11","28023","28","023",6585,6248,337,3841,3681,160,2744,2567,177,4630,4407,223,0,0,0,0,0,0,15,15,0
"Clay County","Clay County, Mississippi","G2800250","2800250","11","28025","28","025",8496,7957,539,4737,4483,254,3759,3474,285,4839,4683,156,3636,3260,376,0,0,0,56,56,0
"Coahoma County","Coahoma County, Mississippi","G2800270","2800270","11","28027","28","027",12696,11104,1592,7148,6397,751,5548,4707,841,5951,5740,211,6667,5293,1374,0,0,0,95,83,12
"Copiah County","Copiah County, Mississippi","G2800290","2800290","11","28029","28","029",9760,8917,843,5533,5138,395,4227,3779,448,5662,5409,253,4064,3474,590,0,0,0,92,79,13
"Covington County","Covington County, Mississippi","G2800310","2800310","11","28031","28","031",5467,5193,274,3253,3099,154,2214,2094,120,3899,3770,129,0,0,0,0,0,0,18,18,0
"De Soto County","De Soto County, Mississippi","G2800330","2800330","11","28033","28","033",23449,22113,1336,14177,13497,680,9272,8616,656,20466,19499,967,2904,2540,364,0,0,0,159,151,8
"Forrest County","Forrest County, Mississippi","G2800350","2800350","11","28035","28","035",28394,27038,1356,15480,14692,788,12914,12346,568,21510,20697,813,6745,6202,543,25,25,0,213,210,3
"Franklin County","Franklin County, Mississippi","G2800370","2800370","11","28037","28","037",2960,2694,266,1790,1682,108,1170,1012,158,2044,1924,120,916,770,146,0,0,0,0,0,0
"George County","George County, Mississippi","G2800390","2800390","11","28039","28","039",5512,5127,385,3662,3421,241,1850,1706,144,5086,4768,318,412,345,67,0,0,0,35,35,0
"Greene County","Greene County, Mississippi","G2800410","2800410","11","28041","28","041",3390,2991,399,2150,1903,247,1240,1088,152,2751,2495,256,636,493,143,0,0,0,8,8,0
"Grenada County","Grenada County, Mississippi","G2800430","2800430","11","28043","28","043",9142,8307,835,4928,4509,419,4214,3798,416,5886,5578,308,3256,2729,527,0,0,0,92,84,8
"Hancock County","Hancock County, Mississippi","G2800450","2800450","11","28045","28","045",8852,8137,715,5593,5142,451,3259,2995,264,7899,7292,607,896,792,104,23,23,0,140,128,12
"Harrison County","Harrison County, Mississippi","G2800470","2800470","11","28047","28","047",58735,54309,4426,32975,30672,2303,25760,23637,2123,47807,44742,3065,10096,8797,1299,230,212,18,1070,978,92
"Hinds County","Hinds County, Mississippi","G2800490","2800490","11","28049","28","049",117241,110975,6266,60858,57759,3099,56383,53216,3167,71565,69775,1790,45087,40641,4446,117,108,9,836,801,35
"Holmes County","Holmes County, Mississippi","G2800510","2800510","11","28051","28","051",6716,6031,685,3612,3268,344,3104,2763,341,2666,2581,85,4025,3425,600,0,0,0,45,45,0
"Humphreys County","Humphreys County, Mississippi","G2800530","2800530","11","28053","28","053",4339,3864,475,2405,2173,232,1934,1691,243,0,0,0,2315,1879,436,0,0,0,44,42,2
"Issaquena County","Issaquena County, Mississippi","G2800550","2800550","11","28055","28","055",822,754,68,521,474,47,301,280,21,0,0,0,341,297,44,0,0,0,10,10,0
"Itawamba County","Itawamba County, Mississippi","G2800570","2800570","11","28057","28","057",9126,8370,756,5331,4810,521,3795,3560,235,8598,7931,667,489,411,78,0,0,0,34,34,0
"Jackson County","Jackson County, Mississippi","G2800590","2800590","11","28059","28","059",50159,45601,4558,30121,27586,2535,20038,18015,2023,40817,37934,2883,8822,7206,1616,248,220,28,628,594,34
"Jasper County","Jasper County, Mississippi","G2800610","2800610","11","28061","28","061",6072,5457,615,3638,3347,291,2434,2110,324,3461,3251,210,2606,2201,405,0,0,0,27,22,5
"Jefferson County","Jefferson County, Mississippi","G2800630","2800630","11","28063","28","063",3264,2725,539,1837,1551,286,1427,1174,253,711,683,28,2553,2042,511,0,0,0,36,16,20
"Jefferson Davis County","Jefferson Davis County, Mississippi","G2800650","2800650","11","28065","28","065",4615,4186,429,2722,2479,243,1893,1707,186,2336,2222,114,2275,1960,315,0,0,0,10,10,0
"Jones County","Jones County, Mississippi","G2800670","2800670","11","28067","28","067",25480,24058,1422,15039,14363,676,10441,9695,746,20211,19379,832,5223,4633,590,0,0,0,167,147,20
"Kemper County","Kemper County, Mississippi","G2800690","2800690","11","28069","28","069",3481,3190,291,2094,1939,155,1387,1251,136,1858,1786,72,1623,1404,219,0,0,0,17,16,1
"Lafayette County","Lafayette County, Mississippi","G2800710","2800710","11","28071","28","071",13430,12816,614,7033,6817,216,6397,5999,398,10154,9804,350,3159,2901,258,0,0,0,95,95,0
"Lamar County","Lamar County, Mississippi","G2800730","2800730","11","28073","28","073",9573,9113,460,5885,5673,212,3688,3440,248,8585,8260,325,918,794,124,0,0,0,76,65,11
"Lauderdale County","Lauderdale County, Mississippi","G2800750","2800750","11","28075","28","075",31346,29223,2123,17112,16079,1033,14234,13144,1090,22758,21641,1117,8404,7414,990,23,18,5,252,218,34
"Lawrence County","Lawrence County, Mississippi","G2800770","2800770","11","28077","28","077",4594,4394,200,2848,2729,119,1746,1665,81,3295,3211,84,0,0,0,0,0,0,30,30,0
"Leake County","Leake County, Mississippi","G2800790","2800790","11","28079","28","079",6576,6030,546,3881,3545,336,2695,2485,210,4233,3971,262,2120,1879,241,0,0,0,24,24,0
"Lee County","Lee County, Mississippi","G2800810","2800810","11","28081","28","081",27370,25867,1503,14783,13862,921,12587,12005,582,22498,21471,1027,4798,4330,468,0,0,0,143,135,8
"Leflore County","Leflore County, Mississippi","G2800830","2800830","11","28083","28","083",15295,13896,1399,8152,7593,559,7143,6303,840,7879,7636,243,7306,6156,1150,0,0,0,102,81,21
"Lincoln County","Lincoln County, Mississippi","G2800850","2800850","11","28085","28","085",11311,10658,653,6697,6330,367,4614,4328,286,8308,7902,406,2989,2742,247,0,0,0,83,83,0
"Lowndes County","Lowndes County, Mississippi","G2800870","2800870","11","28087","28","087",23077,21306,1771,12199,11343,856,10878,9963,915,16280,15514,766,6651,5657,994,46,46,0,142,130,12
"Madison County","Madison County, Mississippi","G2800890","2800890","11","28089","28","089",16699,15550,1149,9195,8561,634,7504,6989,515,9315,9052,263,7319,6433,886,0,0,0,57,57,0
"Marion County","Marion County, Mississippi","G2800910","2800910","11","28091","28","091",9528,8860,668,5680,5393,287,3848,3467,381,7157,6761,396,2354,2082,272,12,12,0,44,44,0
"Marshall County","Marshall County, Mississippi","G2800930","2800930","11","28093","28","093",10857,9719,1138,6390,5735,655,4467,3984,483,5820,5437,383,4991,4241,750,0,0,0,50,45,5
"Monroe County","Monroe County, Mississippi","G2800950","2800950","11","28095","28","095",15312,14492,820,8466,7952,514,6846,6540,306,11639,11118,521,3666,3367,299,0,0,0,42,40,2
"Montgomery County","Montgomery County, Mississippi","G2800970","2800970","11","28097","28","097",4955,4569,386,2836,2603,233,2119,1966,153,3345,3128,217,0,0,0,0,0,0,3,0,3
"Neshoba County","Neshoba County, Mississippi","G2800990","2800990","11","28099","28","099",9444,8619,825,5457,5045,412,3987,3574,413,7093,6643,450,1417,1147,270,908,803,105,25,25,0
"Newton County","Newton County, Mississippi","G2801010","2801010","11","28101","28","101",7958,7474,484,4567,4425,142,3391,3049,342,5870,5598,272,1880,1668,212,0,0,0,44,44,0
"Noxubee County","Noxubee County, Mississippi","G2801030","2801030","11","28103","28","103",4478,3956,522,2679,2434,245,1799,1522,277,2038,1954,84,2428,1990,438,0,0,0,26,26,0
"Oktibbeha County","Oktibbeha County, Mississippi","G2801050","2801050","11","28105","28","105",14610,13476,1134,7992,7426,566,6618,6050,568,10264,9831,433,4278,3583,695,0,0,0,77,60,17
"Panola County","Panola County, Mississippi","G2801070","2801070","11","28107","28","107",10524,9562,962,6124,5628,496,4400,3934,466,6077,5740,337,4426,3801,625,0,0,0,112,102,10
"Pearl River County","Pearl River County, Mississippi","G2801090","2801090","11","28109","28","109",12548,11485,1063,7823,7209,614,4725,4276,449,11036,10241,795,1494,1226,268,18,18,0,80,80,0
"Perry County","Perry County, Mississippi","G2801110","2801110","11","28111","28","111",3535,3238,297,2201,2046,155,1334,1192,142,2892,2693,199,623,525,98,0,0,0,27,19,8
"Pike County","Pike County, Mississippi","G2801130","2801130","11","28113","28","113",13941,12804,1137,7763,7265,498,6178,5539,639,8499,8094,405,5401,4676,725,20,13,7,66,60,6
"Pontotoc County","Pontotoc County, Mississippi","G2801150","2801150","11","28115","28","115",9117,8477,640,5140,4753,387,3977,3724,253,7789,7267,522,1312,1196,116,0,0,0,47,47,0
"Prentiss County","Prentiss County, Mississippi","G2801170","2801170","11","28117","28","117",10420,9846,574,5793,5360,433,4627,4486,141,9368,8879,489,1025,953,72,18,5,13,16,14,2
"Quitman County","Quitman County, Mississippi","G2801190","2801190","11","28119","28","119",4242,3848,394,2465,2255,210,1777,1593,184,2299,2192,107,1913,1628,285,0,0,0,25,23,2
"Rankin County","Rankin County, Mississippi","G2801210","2801210","11","28121","28","121",31938,30613,1325,18337,17658,679,13601,12955,646,27120,26223,897,4690,4264,426,67,65,2,137,127,10
"Scott County","Scott County, Mississippi","G2801230","2801230","11","28123","28","123",9930,9386,544,5694,5410,284,4236,3976,260,6886,6572,314,3025,2795,230,0,0,0,78,70,8
"Sharkey County","Sharkey County, Mississippi","G2801250","2801250","11","28125","28","125",2446,2263,183,1434,1320,114,1012,943,69,1115,1089,26,1326,1169,157,0,0,0,51,51,0
"Simpson County","Simpson County, Mississippi","G2801270","2801270","11","28127","28","127",9251,8806,445,5341,5066,275,3910,3740,170,6703,6496,207,2539,2301,238,0,0,0,24,24,0
"Smith County","Smith County, Mississippi","G2801290","2801290","11","28129","28","129",5779,5437,342,3471,3259,212,2308,2178,130,4676,4436,240,1094,992,102,6,6,0,25,15,10
"Stone County","Stone County, Mississippi","G2801310","2801310","11","28131","28","131",3694,3331,363,2323,2135,188,1371,1196,175,2995,2741,254,687,584,103,0,0,0,27,21,6
"Sunflower County","Sunflower County, Mississippi","G2801330","2801330","11","28133","28","133",11740,10678,1062,6540,6011,529,5200,4667,533,5711,5546,165,5963,5066,897,0,0,0,107,99,8
"Tallahatchie County","Tallahatchie County, Mississippi","G2801350","2801350","11","28135","28","135",5541,5023,518,3250,2996,254,2291,2027,264,2800,2632,168,2696,2349,347,0,0,0,25,22,3
"Tate County","Tate County, Mississippi","G2801370","2801370","11","28137","28","137",7987,7328,659,4590,4279,311,3397,3049,348,5365,5056,309,2580,2230,350,0,0,0,66,57,9
"Tippah County","Tippah County, Mississippi","G2801390","2801390","11","28139","28","139",7744,7180,564,4219,3871,348,3525,3309,216,6667,6255,412,1067,915,152,0,0,0,16,16,0
"Tishomingo County","Tishomingo County, Mississippi","G2801410","2801410","11","28141","28","141",8118,7471,647,4719,4273,446,3399,3198,201,7773,7166,607,307,275,32,31,23,8,42,42,0
"Tunica County","Tunica County, Mississippi","G2801430","2801430","11","28143","28","143",2834,2413,421,1792,1556,236,1042,857,185,0,0,0,1787,1399,388,0,0,0,21,9,12
"Union County","Union County, Mississippi","G2801450","2801450","11","28145","28","145",9493,8990,503,5389,5081,308,4104,3909,195,8185,7864,321,1275,1093,182,0,0,0,29,29,0
"Walthall County","Walthall County, Mississippi","G2801470","2801470","11","28147","28","147",4915,4503,412,2843,2628,215,2072,1875,197,3189,3049,140,1699,1427,272,0,0,0,60,55,5
"Warren County","Warren County, Mississippi","G2801490","2801490","11","28149","28","149",21927,20588,1339,12655,11992,663,9272,8596,676,14897,14317,580,6811,6057,754,30,30,0,285,285,0
"Washington County","Washington County, Mississippi","G2801510","2801510","11","28151","28","151",27521,25290,2231,15269,14330,939,12252,10960,1292,14834,14199,635,12443,10847,1596,48,48,0,221,196,25
"Wayne County","Wayne County, Mississippi","G2801530","2801530","11","28153","28","153",7233,6602,631,4219,3899,320,3014,2703,311,5158,4826,332,2069,1770,299,0,0,0,46,46,0
"Webster County","Webster County, Mississippi","G2801550","2801550","11","28155","28","155",4004,3775,229,2367,2223,144,1637,1552,85,3292,3131,161,706,644,62,0,0,0,24,24,0
"Wilkinson County","Wilkinson County, Mississippi","G2801570","2801570","11","28157","28","157",3459,3103,356,1897,1730,167,1562,1373,189,0,0,0,2022,1726,296,0,0,0,58,58,0
"Winston County","Winston County, Mississippi","G2801590","2801590","11","28159","28","159",7577,6887,690,4391,4108,283,3186,2779,407,5079,4794,285,2444,2044,400,54,49,5,59,53,6
"Yalobusha County","Yalobusha County, Mississippi","G2801610","2801610","11","28161","28","161",5019,4751,268,2677,2513,164,2342,2238,104,3267,3120,147,0,0,0,0,0,0,47,47,0
"Yazoo County","Yazoo County, Mississippi","G2801630","2801630","11","28163","28","163",9843,9152,691,5717,5454,263,4126,3698,428,5819,5672,147,4002,3458,544,0,0,0,69,69,0
"Adair County","Adair County, Missouri","G2900010","2900010","11","29001","29","001",11427,10802,625,6052,5646,406,5375,5156,219,11176,10604,572,133,111,22,0,0,0,67,67,0
"Andrew County","Andrew County, Missouri","G2900030","2900030","11","29003","29","003",5843,5531,312,3697,3536,161,2146,1995,151,5833,5521,312,0,0,0,7,7,0,19,7,12
"Atchison County","Atchison County, Missouri","G2900050","2900050","11","29005","29","005",3655,3485,170,2295,2217,78,1360,1268,92,3646,3478,168,0,0,0,0,0,0,22,20,2
"Audrain County","Audrain County, Missouri","G2900070","2900070","11","29007","29","007",11915,11308,607,7108,6795,313,4807,4513,294,11333,10771,562,561,516,45,0,0,0,55,55,0
"Barry County","Barry County, Missouri","G2900090","2900090","11","29009","29","009",9670,9144,526,5707,5384,323,3963,3760,203,9597,9076,521,0,0,0,27,22,5,38,38,0
"Barton County","Barton County, Missouri","G2900110","2900110","11","29011","29","011",4586,4401,185,2877,2770,107,1709,1631,78,4547,4365,182,0,0,0,28,25,3,0,0,0
"Bates County","Bates County, Missouri","G2900130","2900130","11","29013","29","013",6550,6175,375,4090,3830,260,2460,2345,115,6474,6110,364,32,32,0,0,0,0,26,24,2
"Benton County","Benton County, Missouri","G2900150","2900150","11","29015","29","015",4544,3989,555,2764,2381,383,1780,1608,172,4503,3948,555,0,0,0,29,29,0,0,0,0
"Bollinger County","Bollinger County, Missouri","G2900170","2900170","11","29017","29","017",3804,3417,387,2469,2176,293,1335,1241,94,3785,3398,387,0,0,0,0,0,0,0,0,0
"Boone County","Boone County, Missouri","G2900190","2900190","11","29019","29","019",53147,51000,2147,28187,26827,1360,24960,24173,787,49012,47163,1849,3094,2852,242,156,119,37,551,520,31
"Buchanan County","Buchanan County, Missouri","G2900210","2900210","11","29021","29","021",39590,36635,2955,22406,20595,1811,17184,16040,1144,37852,35072,2780,1368,1238,130,108,82,26,749,673,76
"Butler County","Butler County, Missouri","G2900230","2900230","11","29023","29","023",14859,13351,1508,8311,7333,978,6548,6018,530,14163,12740,1423,584,542,42,0,0,0,37,37,0
"Caldwell County","Caldwell County, Missouri","G2900250","2900250","11","29025","29","025",3556,3338,218,2193,2034,159,1363,1304,59,3546,3329,217,0,0,0,0,0,0,12,12,0
"Callaway County","Callaway County, Missouri","G2900270","2900270","11","29027","29","027",15037,14205,832,8662,8071,591,6375,6134,241,14213,13474,739,735,651,84,32,32,0,60,60,0
"Camden County","Camden County, Missouri","G2900290","2900290","11","29029","29","029",8274,7569,705,4880,4496,384,3394,3073,321,8243,7538,705,0,0,0,19,19,0,75,69,6
"Cape Girardeau County","Cape Girardeau County, Missouri","G2900310","2900310","11","29031","29","031",28411,26705,1706,15985,14848,1137,12426,11857,569,27406,25831,1575,889,767,122,47,47,0,178,171,7
"Carroll County","Carroll County, Missouri","G2900330","2900330","11","29033","29","033",4890,4618,272,3118,2956,162,1772,1662,110,4749,4494,255,81,72,9,31,31,0,25,17,8
"Carter County","Carter County, Missouri","G2900350","2900350","11","29035","29","035",1922,1624,298,1178,982,196,744,642,102,1918,1620,298,0,0,0,0,0,0,7,7,0
"Cass County","Cass County, Missouri","G2900370","2900370","11","29037","29","037",24031,22594,1437,14108,13168,940,9923,9426,497,23567,22174,1393,135,130,5,149,129,20,180,167,13
"Cedar County","Cedar County, Missouri","G2900390","2900390","11","29039","29","039",4395,4163,232,2656,2474,182,1739,1689,50,4349,4128,221,0,0,0,0,0,0,16,11,5
"Chariton County","Chariton County, Missouri","G2900410","2900410","11","29041","29","041",4390,4110,280,2690,2493,197,1700,1617,83,4234,3972,262,150,132,18,0,0,0,0,0,0
"Christian County","Christian County, Missouri","G2900430","2900430","11","29043","29","043",9900,9174,726,5913,5487,426,3987,3687,300,9835,9119,716,0,0,0,39,34,5,25,13,12
"Clark County","Clark County, Missouri","G2900450","2900450","11","29045","29","045",3489,3272,217,2138,2004,134,1351,1268,83,3487,3270,217,0,0,0,0,0,0,28,28,0
"Clay County","Clay County, Missouri","G2900470","2900470","11","29047","29","047",72369,68568,3801,40938,38792,2146,31431,29776,1655,70673,66985,3688,672,594,78,342,318,24,997,918,79
"Clinton County","Clinton County, Missouri","G2900490","2900490","11","29049","29","049",6836,6387,449,4217,3952,265,2619,2435,184,6664,6239,425,123,106,17,38,38,0,38,20,18
"Cole County","Cole County, Missouri","G2900510","2900510","11","29051","29","051",27600,26246,1354,14938,14137,801,12662,12109,553,26322,25100,1222,1134,1020,114,37,27,10,141,134,7
"Cooper County","Cooper County, Missouri","G2900530","2900530","11","29053","29","053",6606,6257,349,3869,3630,239,2737,2627,110,6268,5947,321,333,310,23,0,0,0,33,29,4
"Crawford County","Crawford County, Missouri","G2900550","2900550","11","29055","29","055",7372,6560,812,4450,3918,532,2922,2642,280,7338,6535,803,0,0,0,26,17,9,24,21,3
"Dade County","Dade County, Missouri","G2900570","2900570","11","29057","29","057",2976,2804,172,1808,1700,108,1168,1104,64,2947,2776,171,0,0,0,16,15,1,0,0,0
"Dallas County","Dallas County, Missouri","G2900590","2900590","11","29059","29","059",4453,4114,339,2658,2485,173,1795,1629,166,4394,4065,329,0,0,0,46,36,10,32,28,4
"Daviess County","Daviess County, Missouri","G2900610","2900610","11","29061","29","061",3539,3342,197,2231,2110,121,1308,1232,76,3534,3337,197,0,0,0,0,0,0,11,9,2
"De Kalb County","De Kalb County, Missouri","G2900630","2900630","11","29063","29","063",3543,3305,238,2194,2047,147,1349,1258,91,3525,3289,236,0,0,0,0,0,0,9,7,2
"Dent County","Dent County, Missouri","G2900650","2900650","11","29065","29","065",5647,5281,366,3525,3309,216,2122,1972,150,5606,5240,366,0,0,0,0,0,0,35,28,7
"Douglas County","Douglas County, Missouri","G2900670","2900670","11","29067","29","067",4512,4185,327,2652,2483,169,1860,1702,158,4482,4155,327,0,0,0,0,0,0,0,0,0
"Dunklin County","Dunklin County, Missouri","G2900690","2900690","11","29069","29","069",13720,12269,1451,7916,7126,790,5804,5143,661,13038,11723,1315,634,498,136,27,27,0,56,54,2
"Franklin County","Franklin County, Missouri","G2900710","2900710","11","29071","29","071",32071,29256,2815,19305,17396,1909,12766,11860,906,31615,28826,2789,266,249,17,84,75,9,113,108,5
"Gasconade County","Gasconade County, Missouri","G2900730","2900730","11","29073","29","073",5819,5460,359,3534,3291,243,2285,2169,116,5815,5456,359,0,0,0,0,0,0,38,33,5
"Gentry County","Gentry County, Missouri","G2900750","2900750","11","29075","29","075",3416,3262,154,2040,1934,106,1376,1328,48,3399,3249,150,0,0,0,0,0,0,0,0,0
"Greene County","Greene County, Missouri","G2900770","2900770","11","29077","29","077",86635,80895,5740,49176,46027,3149,37459,34868,2591,84477,78972,5505,1145,1009,136,472,424,48,438,395,43
"Grundy County","Grundy County, Missouri","G2900790","2900790","11","29079","29","079",5220,4949,271,3052,2869,183,2168,2080,88,5196,4925,271,15,15,0,0,0,0,19,14,5
"Harrison County","Harrison County, Missouri","G2900810","2900810","11","29081","29","081",4132,3977,155,2563,2467,96,1569,1510,59,4109,3954,155,0,0,0,0,0,0,13,13,0
"Henry County","Henry County, Missouri","G2900830","2900830","11","29083","29","083",8240,7652,588,4893,4501,392,3347,3151,196,8092,7521,571,101,86,15,32,30,2,25,14,11
"Hickory County","Hickory County, Missouri","G2900850","2900850","11","29085","29","085",2002,1851,151,1286,1183,103,716,668,48,1980,1851,129,0,0,0,0,0,0,0,0,0
"Holt County","Holt County, Missouri","G2900870","2900870","11","29087","29","087",2590,2478,112,1725,1662,63,865,816,49,2568,2463,105,0,0,0,0,0,0,0,0,0
"Howard County","Howard County, Missouri","G2900890","2900890","11","29089","29","089",4381,4220,161,2517,2411,106,1864,1809,55,4057,3902,155,310,304,6,0,0,0,0,0,0
"Howell County","Howell County, Missouri","G2900910","2900910","11","29091","29","091",11445,10507,938,6832,6348,484,4613,4159,454,11324,10386,938,29,29,0,73,73,0,39,39,0
"Iron County","Iron County, Missouri","G2900930","2900930","11","29093","29","093",4039,3699,340,2494,2278,216,1545,1421,124,3999,3665,334,15,13,2,15,13,2,15,13,2
"Jackson County","Jackson County, Missouri","G2900950","2900950","11","29095","29","095",314888,295850,19038,172410,161129,11281,142478,134721,7757,250938,238666,12272,56965,50763,6202,1703,1515,188,7309,6738,571
"Jasper County","Jasper County, Missouri","G2900970","2900970","11","29097","29","097",38972,36378,2594,22866,21526,1340,16106,14852,1254,38057,35565,2492,525,461,64,279,245,34,160,153,7
"Jefferson County","Jefferson County, Missouri","G2900990","2900990","11","29099","29","099",67688,61307,6381,41484,37309,4175,26204,23998,2206,66967,60741,6226,413,323,90,181,136,45,344,301,43
"Johnson County","Johnson County, Missouri","G2901010","2901010","11","29101","29","101",15649,14533,1116,8433,7852,581,7216,6681,535,14928,13963,965,531,399,132,24,20,4,148,136,12
"Knox County","Knox County, Missouri","G2901030","2901030","11","29103","29","103",2200,2093,107,1390,1338,52,810,755,55,2199,2092,107,0,0,0,0,0,0,0,0,0
"Laclede County","Laclede County, Missouri","G2901050","2901050","11","29105","29","105",10058,9315,743,5898,5503,395,4160,3812,348,9882,9155,727,63,47,16,83,83,0,13,13,0
"Lafayette County","Lafayette County, Missouri","G2901070","2901070","11","29107","29","107",13676,12886,790,8186,7776,410,5490,5110,380,13187,12450,737,379,337,42,66,55,11,39,37,2
"Lawrence County","Lawrence County, Missouri","G2901090","2901090","11","29109","29","109",12100,11392,708,7089,6691,398,5011,4701,310,12014,11310,704,0,0,0,71,67,4,41,39,2
"Lewis County","Lewis County, Missouri","G2901110","2901110","11","29111","29","111",4747,4421,326,2834,2652,182,1913,1769,144,4604,4303,301,139,115,24,0,0,0,18,11,7
"Lincoln County","Lincoln County, Missouri","G2901130","2901130","11","29113","29","113",9269,8427,842,5680,5129,551,3589,3298,291,9034,8230,804,221,183,38,4,4,0,37,31,6
"Linn County","Linn County, Missouri","G2901150","2901150","11","29115","29","115",6663,6274,389,3830,3587,243,2833,2687,146,6643,6261,382,2,2,0,15,11,4,23,20,3
"Livingston County","Livingston County, Missouri","G2901170","2901170","11","29117","29","117",6822,6429,393,4008,3734,274,2814,2695,119,6727,6336,391,73,73,0,0,0,0,0,0,0
"Mcdonald County","Mcdonald County, Missouri","G2901190","2901190","11","29119","29","119",5990,5587,403,3680,3434,246,2310,2153,157,5890,5489,401,0,0,0,88,86,2,19,11,8
"Macon County","Macon County, Missouri","G2901210","2901210","11","29121","29","121",6807,6412,395,4123,3845,278,2684,2567,117,6682,6310,372,123,100,23,0,0,0,8,8,0
"Madison County","Madison County, Missouri","G2901230","2901230","11","29123","29","123",3918,3613,305,2318,2127,191,1600,1486,114,3889,3584,305,0,0,0,0,0,0,29,29,0
"Maries County","Maries County, Missouri","G2901250","2901250","11","29125","29","125",3197,2914,283,1903,1771,132,1294,1143,151,3189,2906,283,0,0,0,0,0,0,22,22,0
"Marion County","Marion County, Missouri","G2901270","2901270","11","29127","29","127",12562,11657,905,7390,6875,515,5172,4782,390,11979,11138,841,486,425,61,0,0,0,87,81,6
"Mercer County","Mercer County, Missouri","G2901290","2901290","11","29129","29","129",1945,1826,119,1191,1107,84,754,719,35,1942,1823,119,0,0,0,0,0,0,0,0,0
"Miller County","Miller County, Missouri","G2901310","2901310","11","29131","29","131",7659,6930,729,4542,4122,420,3117,2808,309,7611,6882,729,0,0,0,32,32,0,15,15,0
"Mississippi County","Mississippi County, Missouri","G2901330","2901330","11","29133","29","133",5831,5228,603,3405,3052,353,2426,2176,250,5067,4588,479,0,0,0,0,0,0,13,13,0
"Moniteau County","Moniteau County, Missouri","G2901350","2901350","11","29135","29","135",5289,4843,446,3097,2871,226,2192,1972,220,5261,4815,446,20,20,0,0,0,0,14,6,8
"Monroe County","Monroe County, Missouri","G2901370","2901370","11","29137","29","137",4280,3970,310,2592,2438,154,1688,1532,156,4135,3864,271,130,104,26,0,0,0,12,11,1
"Montgomery County","Montgomery County, Missouri","G2901390","2901390","11","29139","29","139",4576,4272,304,2774,2557,217,1802,1715,87,4428,4142,286,138,120,18,0,0,0,8,8,0
"Morgan County","Morgan County, Missouri","G2901410","2901410","11","29141","29","141",5546,5056,490,3212,2886,326,2334,2170,164,5471,4997,474,40,35,5,28,17,11,19,19,0
"New Madrid County","New Madrid County, Missouri","G2901430","2901430","11","29143","29","143",8451,7722,729,5043,4641,402,3408,3081,327,7461,6855,606,976,853,123,0,0,0,55,55,0
"Newton County","Newton County, Missouri","G2901450","2901450","11","29145","29","145",17346,16364,982,10322,9721,601,7024,6643,381,17024,16055,969,91,86,5,187,179,8,62,62,0
"Nodaway County","Nodaway County, Missouri","G2901470","2901470","11","29147","29","147",9998,9546,452,5951,5688,263,4047,3858,189,9907,9460,447,15,15,0,22,22,0,45,40,5
"Oregon County","Oregon County, Missouri","G2901490","2901490","11","29149","29","149",3379,3164,215,2156,2011,145,1223,1153,70,3367,3152,215,0,0,0,0,0,0,11,11,0
"Osage County","Osage County, Missouri","G2901510","2901510","11","29151","29","151",5273,4987,286,3209,3040,169,2064,1947,117,5250,4964,286,0,0,0,0,0,0,14,14,0
"Ozark County","Ozark County, Missouri","G2901530","2901530","11","29153","29","153",2844,2584,260,1665,1526,139,1179,1058,121,2814,2568,246,0,0,0,29,15,14,0,0,0
"Pemiscot County","Pemiscot County, Missouri","G2901550","2901550","11","29155","29","155",8948,7941,1007,5207,4668,539,3741,3273,468,7460,6807,653,1470,1116,354,0,0,0,48,33,15
"Perry County","Perry County, Missouri","G2901570","2901570","11","29157","29","157",7413,6815,598,4425,4023,402,2988,2792,196,7397,6799,598,0,0,0,0,0,0,11,11,0
"Pettis County","Pettis County, Missouri","G2901590","2901590","11","29159","29","159",16232,15164,1068,9308,8704,604,6924,6460,464,15649,14676,973,461,380,81,60,46,14,81,70,11
"Phelps County","Phelps County, Missouri","G2901610","2901610","11","29161","29","161",13926,12989,937,8105,7509,596,5821,5480,341,13625,12714,911,101,89,12,35,35,0,72,66,6
"Pike County","Pike County, Missouri","G2901630","2901630","11","29163","29","163",7367,6927,440,4506,4252,254,2861,2675,186,6976,6564,412,386,358,28,0,0,0,48,39,9
"Platte County","Platte County, Missouri","G2901650","2901650","11","29165","29","165",23693,22724,969,13912,13407,505,9781,9317,464,23041,22131,910,279,254,25,64,61,3,303,272,31
"Polk County","Polk County, Missouri","G2901670","2901670","11","29167","29","167",7550,7041,509,4533,4225,308,3017,2816,201,7519,7016,503,0,0,0,27,21,6,43,43,0
"Pulaski County","Pulaski County, Missouri","G2901690","2901690","11","29169","29","169",10143,9003,1140,5191,4622,569,4952,4381,571,9170,8168,1002,592,498,94,80,61,19,262,217,45
"Putnam County","Putnam County, Missouri","G2901710","2901710","11","29171","29","171",2418,2208,210,1481,1339,142,937,869,68,2409,2204,205,0,0,0,0,0,0,25,19,6
"Ralls County","Ralls County, Missouri","G2901730","2901730","11","29173","29","173",3653,3365,288,2458,2254,204,1195,1111,84,3560,3290,270,79,61,18,0,0,0,0,0,0
"Randolph County","Randolph County, Missouri","G2901750","2901750","11","29175","29","175",10507,9665,842,6187,5660,527,4320,4005,315,9989,9214,775,449,384,65,21,21,0,42,42,0
"Ray County","Ray County, Missouri","G2901770","2901770","11","29177","29","177",9277,8648,629,5628,5247,381,3649,3401,248,9063,8439,624,132,132,0,57,57,0,79,71,8
"Reynolds County","Reynolds County, Missouri","G2901790","2901790","11","29179","29","179",2528,2235,293,1689,1531,158,839,704,135,2520,2227,293,0,0,0,0,0,0,13,13,0
"Ripley County","Ripley County, Missouri","G2901810","2901810","11","29181","29","181",4243,3690,553,2475,2122,353,1768,1568,200,4202,3662,540,0,0,0,26,20,6,8,8,0
"St. Charles County","St. Charles County, Missouri","G2901830","2901830","11","29183","29","183",71999,66875,5124,42581,39371,3210,29418,27504,1914,70644,65681,4963,861,732,129,217,190,27,432,412,20
"St. Clair County","St. Clair County, Missouri","G2901850","2901850","11","29185","29","185",3334,3142,192,1956,1818,138,1378,1324,54,3308,3120,188,0,0,0,20,16,4,0,0,0
"Ste. Genevieve County","Ste. Genevieve County, Missouri","G2901860","2901860","11","29186","29","186",6860,6293,567,4074,3729,345,2786,2564,222,6812,6245,567,15,15,0,0,0,0,46,46,0
"St. Francois County","St. Francois County, Missouri","G2901870","2901870","11","29187","29","187",16767,14975,1792,9956,8796,1160,6811,6179,632,16652,14874,1778,36,24,12,0,0,0,100,98,2
"St. Louis County","St. Louis County, Missouri","G2901890","2901890","11","29189","29","189",496356,469768,26588,281639,265773,15866,214717,203995,10722,438303,418328,19975,52762,46396,6366,666,611,55,3841,3622,219
"Saline County","Saline County, Missouri","G2901950","2901950","11","29195","29","195",11021,10587,434,6276,6035,241,4745,4552,193,10450,10053,397,520,490,30,21,14,7,50,50,0
"Schuyler County","Schuyler County, Missouri","G2901970","2901970","11","29197","29","197",2095,1975,120,1268,1177,91,827,798,29,0,0,0,0,0,0,0,0,0,23,23,0
"Scotland County","Scotland County, Missouri","G2901990","2901990","11","29199","29","199",2235,2125,110,1352,1280,72,883,845,38,2235,2125,110,0,0,0,0,0,0,0,0,0
"Scott County","Scott County, Missouri","G2902010","2902010","11","29201","29","201",16951,15592,1359,9769,9003,766,7182,6589,593,16092,14915,1177,801,621,180,34,32,2,123,110,13
"Shannon County","Shannon County, Missouri","G2902030","2902030","11","29203","29","203",3182,2884,298,1850,1659,191,1332,1225,107,0,0,0,0,0,0,0,0,0,16,10,6
"Shelby County","Shelby County, Missouri","G2902050","2902050","11","29205","29","205",3216,2989,227,1946,1824,122,1270,1165,105,3187,2962,225,22,22,0,0,0,0,0,0,0
"Stoddard County","Stoddard County, Missouri","G2902070","2902070","11","29207","29","207",11755,10634,1121,6783,6144,639,4972,4490,482,11612,10511,1101,114,100,14,0,0,0,47,42,5
"Stone County","Stone County, Missouri","G2902090","2902090","11","29209","29","209",5984,5311,673,3582,3245,337,2402,2066,336,5916,5260,656,0,0,0,61,44,17,11,6,5
"Sullivan County","Sullivan County, Missouri","G2902110","2902110","11","29211","29","211",3065,2910,155,1855,1759,96,1210,1151,59,3047,2894,153,0,0,0,16,14,2,13,11,2
"Taney County","Taney County, Missouri","G2902130","2902130","11","29213","29","213",8712,7756,956,4725,4215,510,3987,3541,446,8629,7677,952,0,0,0,37,33,4,42,42,0
"Texas County","Texas County, Missouri","G2902150","2902150","11","29215","29","215",8345,7732,613,4807,4420,387,3538,3312,226,8311,7700,611,0,0,0,12,10,2,40,38,2
"Vernon County","Vernon County, Missouri","G2902170","2902170","11","29217","29","217",8546,8098,448,4634,4357,277,3912,3741,171,8450,8002,448,0,0,0,43,43,0,29,23,6
"Warren County","Warren County, Missouri","G2902190","2902190","11","29219","29","219",6413,5816,597,3966,3553,413,2447,2263,184,6234,5685,549,170,126,44,0,0,0,18,16,2
"Washington County","Washington County, Missouri","G2902210","2902210","11","29221","29","221",6277,5451,826,3989,3383,606,2288,2068,220,6235,5421,814,37,25,12,5,5,0,26,26,0
"Wayne County","Wayne County, Missouri","G2902230","2902230","11","29223","29","223",3882,3331,551,2372,2009,363,1510,1322,188,3870,3324,546,0,0,0,12,7,5,23,20,3
"Webster County","Webster County, Missouri","G2902250","2902250","11","29225","29","225",7902,7233,669,4950,4553,397,2952,2680,272,7866,7209,657,0,0,0,26,18,8,44,35,9
"Worth County","Worth County, Missouri","G2902270","2902270","11","29227","29","227",1111,1070,41,679,650,29,432,420,12,0,0,0,0,0,0,0,0,0,0,0,0
"Wright County","Wright County, Missouri","G2902290","2902290","11","29229","29","229",6403,5765,638,3832,3421,411,2571,2344,227,6355,5720,635,0,0,0,30,29,1,45,44,1
"St. Louis City","St. Louis City, Missouri","G2905100","2905100","11","29510","29","510",194784,173066,21718,100424,88158,12266,94360,84908,9452,112435,105143,7292,80422,66178,14244,398,337,61,2390,2153,237
"Beaverhead County","Beaverhead County, Montana","G3000010","3000010","11","30001","30","001",3808,3599,209,2442,2314,128,1366,1285,81,3749,3540,209,0,0,0,48,48,0,52,52,0
"Big Horn County","Big Horn County, Montana","G3000030","3000030","11","30003","30","003",4654,3962,692,2686,2205,481,1968,1757,211,2816,2701,115,0,0,0,1737,1170,567,88,82,6
"Blaine County","Blaine County, Montana","G3000050","3000050","11","30005","30","005",2879,2745,134,1762,1684,78,1117,1061,56,2173,2108,65,0,0,0,696,627,69,0,0,0
"Broadwater County","Broadwater County, Montana","G3000070","3000070","11","30007","30","007",1415,1270,145,909,809,100,506,461,45,1395,1256,139,0,0,0,0,0,0,0,0,0
"Carbon County","Carbon County, Montana","G3000090","3000090","11","30009","30","009",3325,3121,204,2059,1964,95,1266,1157,109,3288,3086,202,0,0,0,7,5,2,14,14,0
"Carter County","Carter County, Montana","G3000110","3000110","11","30011","30","011",860,851,9,579,574,5,281,277,4,855,846,9,0,0,0,0,0,0,13,13,0
"Cascade County","Cascade County, Montana","G3000130","3000130","11","30013","30","013",35469,32719,2750,19960,18145,1815,15509,14574,935,34033,31575,2458,212,183,29,915,705,210,444,391,53
"Chouteau County","Chouteau County, Montana","G3000150","3000150","11","30015","30","015",2579,2517,62,1828,1790,38,751,727,24,2513,2451,62,0,0,0,66,66,0,0,0,0
"Custer County","Custer County, Montana","G3000170","3000170","11","30017","30","017",6192,5929,263,3545,3384,161,2647,2545,102,6075,5812,263,0,0,0,59,59,0,97,97,0
"Daniels County","Daniels County, Montana","G3000190","3000190","11","30019","30","019",1136,1112,24,787,777,10,349,335,14,1134,1110,24,0,0,0,0,0,0,0,0,0
"Dawson County","Dawson County, Montana","G3000210","3000210","11","30021","30","021",5999,5754,245,3783,3644,139,2216,2110,106,5936,5691,245,0,0,0,31,31,0,0,0,0
"Deer Lodge County","Deer Lodge County, Montana","G3000230","3000230","11","30023","30","023",5289,4846,443,3128,2840,288,2161,2006,155,5207,4777,430,10,10,0,72,59,13,11,6,5
"Fallon County","Fallon County, Montana","G3000250","3000250","11","30025","30","025",1545,1513,32,1089,1073,16,456,440,16,1535,1503,32,0,0,0,0,0,0,14,14,0
"Fergus County","Fergus County, Montana","G3000270","3000270","11","30027","30","027",5728,5403,325,3368,3152,216,2360,2251,109,5648,5343,305,0,0,0,67,47,20,45,37,8
"Flathead County","Flathead County, Montana","G3000290","3000290","11","30029","30","029",23514,20168,3346,14386,11960,2426,9128,8208,920,23208,19925,3283,17,17,0,178,129,49,148,136,12
"Gallatin County","Gallatin County, Montana","G3000310","3000310","11","30031","30","031",20550,19132,1418,11806,10914,892,8744,8218,526,20294,18917,1377,0,0,0,112,100,12,156,150,6
"Garfield County","Garfield County, Montana","G3000330","3000330","11","30033","30","033",794,783,11,536,534,2,258,249,9,0,0,0,0,0,0,0,0,0,0,0,0
"Glacier County","Glacier County, Montana","G3000350","3000350","11","30035","30","035",4696,4294,402,2701,2449,252,1995,1845,150,2846,2705,141,0,0,0,0,0,0,18,18,0
"Golden Valley County","Golden Valley County, Montana","G3000370","3000370","11","30037","30","037",446,441,5,288,286,2,158,155,3,440,435,5,0,0,0,0,0,0,0,0,0
"Granite County","Granite County, Montana","G3000390","3000390","11","30039","30","039",1087,985,102,709,623,86,378,362,16,1067,970,97,0,0,0,17,12,5,0,0,0
"Hill County","Hill County, Montana","G3000410","3000410","11","30041","30","041",8302,7762,540,5009,4650,359,3293,3112,181,7599,7170,429,0,0,0,646,535,111,91,91,0
"Jefferson County","Jefferson County, Montana","G3000430","3000430","11","30043","30","043",3081,2898,183,1848,1707,141,1233,1191,42,3021,2851,170,0,0,0,39,26,13,41,34,7
"Judith Basin County","Judith Basin County, Montana","G3000450","3000450","11","30045","30","045",1158,1108,50,771,750,21,387,358,29,0,0,0,0,0,0,0,0,0,0,0,0
"Lake County","Lake County, Montana","G3000470","3000470","11","30047","30","047",7345,6610,735,4363,3883,480,2982,2727,255,6205,5693,512,12,12,0,1112,889,223,59,54,5
"Lewis And Clark County","Lewis And Clark County, Montana","G3000490","3000490","11","30049","30","049",21655,20553,1102,11780,11025,755,9875,9528,347,21225,20145,1080,22,22,0,318,296,22,142,139,3
"Liberty County","Liberty County, Montana","G3000510","3000510","11","30051","30","051",928,911,17,648,638,10,280,273,7,923,906,17,0,0,0,0,0,0,0,0,0
"Lincoln County","Lincoln County, Montana","G3000530","3000530","11","30053","30","053",7576,5490,2086,4954,3324,1630,2622,2166,456,7456,5407,2049,0,0,0,88,57,31,78,62,16
"Mccone County","Mccone County, Montana","G3000550","3000550","11","30055","30","055",1168,1144,24,800,784,16,368,360,8,0,0,0,0,0,0,0,0,0,0,0,0
"Madison County","Madison County, Montana","G3000570","3000570","11","30057","30","057",2537,2451,86,1591,1540,51,946,911,35,2521,2438,83,0,0,0,0,0,0,42,42,0
"Meagher County","Meagher County, Montana","G3000590","3000590","11","30059","30","059",1013,955,58,638,595,43,375,360,15,1008,953,55,0,0,0,0,0,0,0,0,0
"Mineral County","Mineral County, Montana","G3000610","3000610","11","30061","30","061",1594,1346,248,1024,836,188,570,510,60,1565,1321,244,0,0,0,17,13,4,9,7,2
"Missoula County","Missoula County, Montana","G3000630","3000630","11","30063","30","063",37232,33264,3968,21277,18831,2446,15955,14433,1522,36557,32684,3873,40,28,12,417,362,55,330,312,18
"Musselshell County","Musselshell County, Montana","G3000650","3000650","11","30065","30","065",1780,1690,90,1145,1086,59,635,604,31,1772,1682,90,0,0,0,0,0,0,0,0,0
"Park County","Park County, Montana","G3000670","3000670","11","30067","30","067",5642,5244,398,3453,3126,327,2189,2118,71,5617,5225,392,0,0,0,0,0,0,30,30,0
"Petroleum County","Petroleum County, Montana","G3000690","3000690","11","30069","30","069",292,289,3,220,217,3,72,72,0,292,289,3,0,0,0,0,0,0,0,0,0
"Phillips County","Phillips County, Montana","G3000710","3000710","11","30071","30","071",2344,2188,156,1528,1413,115,816,775,41,2209,2076,133,0,0,0,133,110,23,0,0,0
"Pondera County","Pondera County, Montana","G3000730","3000730","11","30073","30","073",3064,2875,189,1890,1781,109,1174,1094,80,2848,2702,146,0,0,0,0,0,0,22,22,0
"Powder River County","Powder River County, Montana","G3000750","3000750","11","30075","30","075",1296,1281,15,843,832,11,453,449,4,1263,1248,15,0,0,0,27,27,0,0,0,0
"Powell County","Powell County, Montana","G3000770","3000770","11","30077","30","077",2802,2492,310,1690,1467,223,1112,1025,87,2763,2456,307,0,0,0,25,22,3,11,0,11
"Prairie County","Prairie County, Montana","G3000790","3000790","11","30079","30","079",752,716,36,507,481,26,245,235,10,742,709,33,0,0,0,0,0,0,0,0,0
"Ravalli County","Ravalli County, Montana","G3000810","3000810","11","30081","30","081",8856,7804,1052,5484,4798,686,3372,3006,366,8665,7657,1008,11,11,0,96,74,22,125,113,12
"Richland County","Richland County, Montana","G3000830","3000830","11","30083","30","083",5744,5475,269,3867,3773,94,1877,1702,175,5611,5353,258,0,0,0,39,39,0,66,55,11
"Roosevelt County","Roosevelt County, Montana","G3000850","3000850","11","30085","30","085",4709,4242,467,2815,2548,267,1894,1694,200,3338,3220,118,0,0,0,1327,978,349,23,23,0
"Rosebud County","Rosebud County, Montana","G3000870","3000870","11","30087","30","087",4364,4128,236,2780,2647,133,1584,1481,103,3659,3537,122,0,0,0,701,587,114,26,26,0
"Sanders County","Sanders County, Montana","G3000890","3000890","11","30089","30","089",3209,2621,588,2064,1621,443,1145,1000,145,3159,2571,588,0,0,0,32,32,0,7,5,2
"Sheridan County","Sheridan County, Montana","G3000910","3000910","11","30091","30","091",2422,2394,28,1662,1645,17,760,749,11,2399,2373,26,0,0,0,14,14,0,8,8,0
"Silver Bow County","Silver Bow County, Montana","G3000930","3000930","11","30093","30","093",16330,14871,1459,9561,8666,895,6769,6205,564,15948,14555,1393,47,47,0,178,121,57,344,278,66
"Stillwater County","Stillwater County, Montana","G3000950","3000950","11","30095","30","095",2260,2101,159,1475,1343,132,785,758,27,2252,2100,152,0,0,0,8,1,7,0,0,0
"Sweet Grass County","Sweet Grass County, Montana","G3000970","3000970","11","30097","30","097",1466,1417,49,918,890,28,548,527,21,1456,1407,49,0,0,0,0,0,0,0,0,0
"Teton County","Teton County, Montana","G3000990","3000990","11","30099","30","099",2730,2602,128,1749,1661,88,981,941,40,2697,2574,123,0,0,0,33,28,5,0,0,0
"Toole County","Toole County, Montana","G3001010","3001010","11","30101","30","101",2341,2258,83,1485,1428,57,856,830,26,2310,2246,64,0,0,0,0,0,0,10,10,0
"Treasure County","Treasure County, Montana","G3001030","3001030","11","30103","30","103",391,389,2,297,297,0,94,92,2,382,380,2,0,0,0,0,0,0,10,10,0
"Valley County","Valley County, Montana","G3001050","3001050","11","30105","30","105",4714,4479,235,2790,2643,147,1924,1836,88,4413,4213,200,0,0,0,291,256,35,10,10,0
"Wheatland County","Wheatland County, Montana","G3001070","3001070","11","30107","30","107",1101,1030,71,630,586,44,471,444,27,1096,1025,71,0,0,0,0,0,0,0,0,0
"Wibaux County","Wibaux County, Montana","G3001090","3001090","11","30109","30","109",558,552,6,416,416,0,142,136,6,0,0,0,0,0,0,0,0,0,0,0,0
"Yellowstone County","Yellowstone County, Montana","G3001110","3001110","11","30111","30","111",52956,49407,3549,30733,28415,2318,22223,20992,1231,51296,48052,3244,89,75,14,811,633,178,1130,946,184
"Yellowstone National Park","Yellowstone National Park, Montana","G3001130","3001130","11","30113","30","113",169,135,34,87,68,19,82,67,15,169,135,34,0,0,0,0,0,0,0,0,0
"Adams County","Adams County, Nebraska","G3100010","3100010","11","31001","31","001",15089,14644,445,8603,8324,279,6486,6320,166,14903,14475,428,39,37,2,13,13,0,180,165,15
"Antelope County","Antelope County, Nebraska","G3100030","3100030","11","31003","31","003",3437,3372,65,2236,2208,28,1201,1164,37,3427,3362,65,0,0,0,0,0,0,0,0,0
"Arthur County","Arthur County, Nebraska","G3100050","3100050","11","31005","31","005",262,257,5,186,183,3,76,74,2,262,257,5,0,0,0,0,0,0,0,0,0
"Banner County","Banner County, Nebraska","G3100070","3100070","11","31007","31","007",400,382,18,292,285,7,108,97,11,0,0,0,0,0,0,0,0,0,0,0,0
"Blaine County","Blaine County, Nebraska","G3100090","3100090","11","31009","31","009",341,339,2,245,243,2,96,96,0,0,0,0,0,0,0,0,0,0,0,0,0
"Boone County","Boone County, Nebraska","G3100110","3100110","11","31011","31","011",3163,3100,63,2137,2086,51,1026,1014,12,0,0,0,0,0,0,0,0,0,0,0,0
"Box Butte County","Box Butte County, Nebraska","G3100130","3100130","11","31013","31","013",6494,6310,184,4126,4022,104,2368,2288,80,6223,6039,184,0,0,0,113,113,0,193,193,0
"Boyd County","Boyd County, Nebraska","G3100150","3100150","11","31015","31","015",1395,1339,56,965,936,29,430,403,27,1395,1339,56,0,0,0,0,0,0,0,0,0
"Brown County","Brown County, Nebraska","G3100170","3100170","11","31017","31","017",1876,1846,30,1163,1145,18,713,701,12,0,0,0,0,0,0,0,0,0,0,0,0
"Buffalo County","Buffalo County, Nebraska","G3100190","3100190","11","31019","31","019",17273,16635,638,9651,9309,342,7622,7326,296,16956,16359,597,12,6,6,37,31,6,383,348,35
"Burt County","Burt County, Nebraska","G3100210","3100210","11","31021","31","021",3789,3594,195,2390,2276,114,1399,1318,81,3767,3579,188,0,0,0,15,8,7,15,15,0
"Butler County","Butler County, Nebraska","G3100230","3100230","11","31023","31","023",3880,3759,121,2423,2346,77,1457,1413,44,3873,3755,118,0,0,0,0,0,0,0,0,0
"Cass County","Cass County, Nebraska","G3100250","3100250","11","31025","31","025",8815,8406,409,5291,5059,232,3524,3347,177,8750,8351,399,17,17,0,0,0,0,45,37,8
"Cedar County","Cedar County, Nebraska","G3100270","3100270","11","31027","31","027",4481,4377,104,2927,2857,70,1554,1520,34,4481,4377,104,0,0,0,0,0,0,8,8,0
"Chase County","Chase County, Nebraska","G3100290","3100290","11","31029","31","029",2045,2018,27,1297,1285,12,748,733,15,2002,1977,25,0,0,0,11,11,0,34,32,2
"Cherry County","Cherry County, Nebraska","G3100310","3100310","11","31031","31","031",3103,3008,95,2008,1944,64,1095,1064,31,3090,2995,95,0,0,0,0,0,0,0,0,0
"Cheyenne County","Cheyenne County, Nebraska","G3100330","3100330","11","31033","31","033",4737,4657,80,2879,2835,44,1858,1822,36,4676,4596,80,0,0,0,5,5,0,91,85,6
"Clay County","Clay County, Nebraska","G3100350","3100350","11","31035","31","035",3484,3387,97,2199,2142,57,1285,1245,40,3476,3379,97,0,0,0,0,0,0,4,4,0
"Colfax County","Colfax County, Nebraska","G3100370","3100370","11","31037","31","037",4215,4126,89,2648,2610,38,1567,1516,51,4176,4087,89,0,0,0,0,0,0,85,85,0
"Cuming County","Cuming County, Nebraska","G3100390","3100390","11","31039","31","039",5114,5000,114,3332,3262,70,1782,1738,44,5114,5000,114,0,0,0,0,0,0,28,28,0
"Custer County","Custer County, Nebraska","G3100410","3100410","11","31041","31","041",5922,5773,149,3743,3645,98,2179,2128,51,5894,5745,149,0,0,0,24,24,0,15,15,0
"Dakota County","Dakota County, Nebraska","G3100430","3100430","11","31043","31","043",7699,7270,429,4528,4276,252,3171,2994,177,7489,7086,403,0,0,0,25,16,9,206,194,12
"Dawes County","Dawes County, Nebraska","G3100450","3100450","11","31045","31","045",4669,4549,120,2758,2662,96,1911,1887,24,4569,4449,120,39,39,0,27,27,0,35,35,0
"Dawson County","Dawson County, Nebraska","G3100470","3100470","11","31047","31","047",10688,10213,475,6481,6280,201,4207,3933,274,10441,9985,456,0,0,0,0,0,0,357,345,12
"Deuel County","Deuel County, Nebraska","G3100490","3100490","11","31049","31","049",1028,1008,20,650,640,10,378,368,10,1012,992,20,0,0,0,0,0,0,26,26,0
"Dixon County","Dixon County, Nebraska","G3100510","3100510","11","31051","31","051",3050,2927,123,1940,1865,75,1110,1062,48,3044,2921,123,0,0,0,0,0,0,0,0,0
"Dodge County","Dodge County, Nebraska","G3100530","3100530","11","31053","31","053",16921,16228,693,9852,9445,407,7069,6783,286,16860,16169,691,0,0,0,6,4,2,74,72,2
"Douglas County","Douglas County, Nebraska","G3100550","3100550","11","31055","31","055",196605,187243,9362,108931,103001,5930,87674,84242,3432,177408,170032,7376,15494,13846,1648,678,522,156,3780,3472,308
"Dundy County","Dundy County, Nebraska","G3100570","3100570","11","31057","31","057",1071,1056,15,674,662,12,397,394,3,1061,1046,15,0,0,0,0,0,0,0,0,0
"Fillmore County","Fillmore County, Nebraska","G3100590","3100590","11","31059","31","059",3350,3289,61,2075,2046,29,1275,1243,32,3348,3287,61,0,0,0,0,0,0,0,0,0
"Franklin County","Franklin County, Nebraska","G3100610","3100610","11","31061","31","061",1951,1920,31,1198,1187,11,753,733,20,1947,1916,31,0,0,0,0,0,0,0,0,0
"Frontier County","Frontier County, Nebraska","G3100630","3100630","11","31063","31","063",1641,1613,28,1093,1085,8,548,528,20,1632,1604,28,0,0,0,0,0,0,16,16,0
"Furnas County","Furnas County, Nebraska","G3100650","3100650","11","31065","31","065",2742,2663,79,1607,1552,55,1135,1111,24,2732,2653,79,0,0,0,0,0,0,10,10,0
"Gage County","Gage County, Nebraska","G3100670","3100670","11","31067","31","067",11465,11139,326,6433,6250,183,5032,4889,143,11417,11093,324,12,12,0,15,13,2,54,51,3
"Garden County","Garden County, Nebraska","G3100690","3100690","11","31069","31","069",1359,1349,10,831,826,5,528,523,5,1354,1344,10,0,0,0,0,0,0,0,0,0
"Garfield County","Garfield County, Nebraska","G3100710","3100710","11","31071","31","071",1013,995,18,630,616,14,383,379,4,1013,995,18,0,0,0,0,0,0,0,0,0
"Gosper County","Gosper County, Nebraska","G3100730","3100730","11","31073","31","073",950,934,16,637,629,8,313,305,8,950,934,16,0,0,0,0,0,0,0,0,0
"Grant County","Grant County, Nebraska","G3100750","3100750","11","31075","31","075",403,397,6,271,267,4,132,130,2,0,0,0,0,0,0,0,0,0,0,0,0
"Greeley County","Greeley County, Nebraska","G3100770","3100770","11","31077","31","077",1432,1419,13,938,930,8,494,489,5,0,0,0,0,0,0,0,0,0,0,0,0
"Hall County","Hall County, Nebraska","G3100790","3100790","11","31079","31","079",23515,22917,598,13416,13078,338,10099,9839,260,23128,22561,567,59,59,0,80,59,21,466,441,25
"Hamilton County","Hamilton County, Nebraska","G3100810","3100810","11","31081","31","081",4157,4075,82,2673,2627,46,1484,1448,36,4151,4069,82,0,0,0,0,0,0,0,0,0
"Harlan County","Harlan County, Nebraska","G3100830","3100830","11","31083","31","083",1844,1821,23,1122,1110,12,722,711,11,0,0,0,0,0,0,0,0,0,0,0,0
"Hayes County","Hayes County, Nebraska","G3100850","3100850","11","31085","31","085",548,548,0,427,427,0,121,121,0,0,0,0,0,0,0,0,0,0,0,0,0
"Hitchcock County","Hitchcock County, Nebraska","G3100870","3100870","11","31087","31","087",1665,1613,52,1145,1130,15,520,483,37,1659,1607,52,0,0,0,0,0,0,8,8,0
"Holt County","Holt County, Nebraska","G3100890","3100890","11","31089","31","089",5605,5458,147,3783,3704,79,1822,1754,68,5593,5446,147,0,0,0,0,0,0,6,6,0
"Hooker County","Hooker County, Nebraska","G3100910","3100910","11","31091","31","091",406,403,3,254,254,0,152,149,3,402,399,3,0,0,0,0,0,0,0,0,0
"Howard County","Howard County, Nebraska","G3100930","3100930","11","31093","31","093",2690,2644,46,1673,1655,18,1017,989,28,2683,2637,46,0,0,0,0,0,0,0,0,0
"Jefferson County","Jefferson County, Nebraska","G3100950","3100950","11","31095","31","095",4650,4484,166,2785,2679,106,1865,1805,60,4613,4447,166,0,0,0,0,0,0,18,18,0
"Johnson County","Johnson County, Nebraska","G3100970","3100970","11","31097","31","097",2348,2285,63,1419,1375,44,929,910,19,2345,2282,63,0,0,0,0,0,0,0,0,0
"Kearney County","Kearney County, Nebraska","G3100990","3100990","11","31099","31","099",3255,3189,66,2005,1978,27,1250,1211,39,3224,3158,66,0,0,0,0,0,0,52,52,0
"Keith County","Keith County, Nebraska","G3101010","3101010","11","31101","31","101",4575,4445,130,2705,2630,75,1870,1815,55,4530,4419,111,0,0,0,0,0,0,109,90,19
"Keya Paha County","Keya Paha County, Nebraska","G3101030","3101030","11","31103","31","103",583,574,9,406,404,2,177,170,7,583,574,9,0,0,0,0,0,0,0,0,0
"Kimball County","Kimball County, Nebraska","G3101050","3101050","11","31105","31","105",2371,2274,97,1428,1382,46,943,892,51,2357,2260,97,0,0,0,0,0,0,28,28,0
"Knox County","Knox County, Nebraska","G3101070","3101070","11","31107","31","107",4855,4718,137,3121,3014,107,1734,1704,30,4698,4587,111,0,0,0,152,126,26,0,0,0
"Lancaster County","Lancaster County, Nebraska","G3101090","3101090","11","31109","31","109",105267,101512,3755,56986,54693,2293,48281,46819,1462,101831,98344,3487,1386,1306,80,382,306,76,1362,1272,90
"Lincoln County","Lincoln County, Nebraska","G3101110","3101110","11","31111","31","111",17072,16481,591,10691,10368,323,6381,6113,268,16610,16052,558,16,16,0,39,35,4,682,619,63
"Logan County","Logan County, Nebraska","G3101130","3101130","11","31113","31","113",411,403,8,284,279,5,127,124,3,411,403,8,0,0,0,0,0,0,0,0,0
"Loup County","Loup County, Nebraska","G3101150","3101150","11","31115","31","115",398,393,5,260,259,1,138,134,4,398,393,5,0,0,0,0,0,0,0,0,0
"Mcpherson County","Mcpherson County, Nebraska","G3101170","3101170","11","31117","31","117",249,244,5,190,190,0,59,54,5,249,244,5,0,0,0,0,0,0,0,0,0
"Madison County","Madison County, Nebraska","G3101190","3101190","11","31119","31","119",15401,14929,472,8910,8649,261,6491,6280,211,15343,14873,470,13,13,0,25,23,2,54,54,0
"Merrick County","Merrick County, Nebraska","G3101210","3101210","11","31121","31","121",3978,3810,168,2479,2394,85,1499,1416,83,3963,3795,168,0,0,0,0,0,0,25,25,0
"Morrill County","Morrill County, Nebraska","G3101230","3101230","11","31123","31","123",2630,2507,123,1705,1662,43,925,845,80,2561,2460,101,0,0,0,5,5,0,110,90,20
"Nance County","Nance County, Nebraska","G3101250","3101250","11","31125","31","125",1833,1772,61,1235,1193,42,598,579,19,1831,1772,59,0,0,0,0,0,0,0,0,0
"Nemaha County","Nemaha County, Nebraska","G3101270","3101270","11","31127","31","127",3778,3574,204,2257,2147,110,1521,1427,94,3742,3540,202,28,26,2,0,0,0,24,24,0
"Nuckolls County","Nuckolls County, Nebraska","G3101290","3101290","11","31129","31","129",2925,2815,110,1863,1819,44,1062,996,66,2925,2815,110,0,0,0,0,0,0,0,0,0
"Otoe County","Otoe County, Nebraska","G3101310","3101310","11","31131","31","131",6944,6683,261,4014,3859,155,2930,2824,106,6936,6675,261,0,0,0,0,0,0,21,21,0
"Pawnee County","Pawnee County, Nebraska","G3101330","3101330","11","31133","31","133",1675,1626,49,1083,1061,22,592,565,27,1675,1626,49,0,0,0,0,0,0,0,0,0
"Perkins County","Perkins County, Nebraska","G3101350","3101350","11","31135","31","135",1603,1573,30,1045,1037,8,558,536,22,1591,1561,30,0,0,0,0,0,0,19,19,0
"Phelps County","Phelps County, Nebraska","G3101370","3101370","11","31137","31","137",4934,4852,82,2807,2752,55,2127,2100,27,4893,4813,80,0,0,0,13,13,0,49,47,2
"Pierce County","Pierce County, Nebraska","G3101390","3101390","11","31139","31","139",3772,3691,81,2388,2344,44,1384,1347,37,3772,3691,81,0,0,0,0,0,0,0,0,0
"Platte County","Platte County, Nebraska","G3101410","3101410","11","31141","31","141",14020,13660,360,8261,8075,186,5759,5585,174,13928,13580,348,0,0,0,14,8,6,58,58,0
"Polk County","Polk County, Nebraska","G3101430","3101430","11","31143","31","143",2647,2623,24,1681,1673,8,966,950,16,2623,2604,19,0,0,0,12,7,5,0,0,0
"Red Willow County","Red Willow County, Nebraska","G3101450","3101450","11","31145","31","145",6100,5897,203,3581,3485,96,2519,2412,107,6021,5822,199,0,0,0,0,0,0,111,103,8
"Richardson County","Richardson County, Nebraska","G3101470","3101470","11","31147","31","147",4885,4619,266,2906,2775,131,1979,1844,135,4835,4571,264,0,0,0,43,41,2,16,16,0
"Rock County","Rock County, Nebraska","G3101490","3101490","11","31149","31","149",1128,1114,14,707,700,7,421,414,7,1124,1110,14,0,0,0,0,0,0,0,0,0
"Saline County","Saline County, Nebraska","G3101510","3101510","11","31151","31","151",5904,5752,152,3395,3317,78,2509,2435,74,5865,5719,146,5,5,0,0,0,0,21,21,0
"Sarpy County","Sarpy County, Nebraska","G3101530","3101530","11","31153","31","153",33882,32197,1685,17361,16415,946,16521,15782,739,32091,30509,1582,1049,1005,44,72,59,13,632,600,32
"Saunders County","Saunders County, Nebraska","G3101550","3101550","11","31155","31","155",8214,7837,377,5216,4994,222,2998,2843,155,8178,7801,377,0,0,0,18,18,0,29,28,1
"Scotts Bluff County","Scotts Bluff County, Nebraska","G3101570","3101570","11","31157","31","157",17610,16824,786,10294,9828,466,7316,6996,320,16478,15865,613,0,0,0,108,84,24,1905,1653,252
"Seward County","Seward County, Nebraska","G3101590","3101590","11","31159","31","159",6989,6843,146,4274,4187,87,2715,2656,59,6952,6809,143,6,6,0,10,10,0,21,16,5
"Sheridan County","Sheridan County, Nebraska","G3101610","3101610","11","31161","31","161",3525,3487,38,2090,2072,18,1435,1415,20,3401,3366,35,0,0,0,72,69,3,46,46,0
"Sherman County","Sherman County, Nebraska","G3101630","3101630","11","31163","31","163",1684,1666,18,1065,1062,3,619,604,15,1684,1666,18,0,0,0,0,0,0,0,0,0
"Sioux County","Sioux County, Nebraska","G3101650","3101650","11","31165","31","165",802,779,23,565,554,11,237,225,12,799,776,23,0,0,0,0,0,0,17,17,0
"Stanton County","Stanton County, Nebraska","G3101670","3101670","11","31167","31","167",2883,2834,49,1852,1836,16,1031,998,33,2844,2801,43,0,0,0,0,0,0,0,0,0
"Thayer County","Thayer County, Nebraska","G3101690","3101690","11","31169","31","169",3270,3208,62,2045,2007,38,1225,1201,24,3246,3186,60,0,0,0,12,10,2,26,26,0
"Thomas County","Thomas County, Nebraska","G3101710","3101710","11","31171","31","171",436,429,7,290,290,0,146,139,7,436,429,7,0,0,0,0,0,0,0,0,0
"Thurston County","Thurston County, Nebraska","G3101730","3101730","11","31173","31","173",2910,2716,194,1725,1608,117,1185,1108,77,2116,2060,56,0,0,0,784,648,136,12,11,1
"Valley County","Valley County, Nebraska","G3101750","3101750","11","31175","31","175",2445,2379,66,1549,1506,43,896,873,23,2442,2376,66,0,0,0,0,0,0,0,0,0
"Washington County","Washington County, Nebraska","G3101770","3101770","11","31177","31","177",7273,6974,299,4343,4157,186,2930,2817,113,7237,6944,293,18,18,0,0,0,0,26,24,2
"Wayne County","Wayne County, Nebraska","G3101790","3101790","11","31179","31","179",4791,4608,183,2875,2793,82,1916,1815,101,4742,4566,176,0,0,0,22,15,7,6,6,0
"Webster County","Webster County, Nebraska","G3101810","3101810","11","31181","31","181",2087,2061,26,1286,1268,18,801,793,8,2083,2057,26,0,0,0,0,0,0,0,0,0
"Wheeler County","Wheeler County, Nebraska","G3101830","3101830","11","31183","31","183",475,467,8,315,310,5,160,157,3,475,467,8,0,0,0,0,0,0,0,0,0
"York County","York County, Nebraska","G3101850","3101850","11","31185","31","185",6946,6805,141,4104,4035,69,2842,2770,72,6927,6786,141,6,6,0,0,0,0,25,19,6
"Churchill County","Churchill County, Nevada","G3200010","3200010","11","32001","32","001",5600,5206,394,3279,3122,157,2321,2084,237,5208,4857,351,24,24,0,229,195,34,256,253,3
"Clark County","Clark County, Nevada","G3200030","3200030","11","32003","32","003",240320,224869,15451,136380,127366,9014,103940,97503,6437,207040,194380,12660,20639,18687,1952,1928,1755,173,16957,15685,1272
"Douglas County","Douglas County, Nevada","G3200050","3200050","11","32005","32","005",10324,9660,664,6123,5686,437,4201,3974,227,10002,9388,614,0,0,0,171,138,33,382,336,46
"Elko County","Elko County, Nevada","G3200070","3200070","11","32007","32","007",8424,7976,448,5182,4918,264,3242,3058,184,7444,7079,365,16,16,0,514,468,46,931,881,50
"Esmeralda County","Esmeralda County, Nevada","G3200090","3200090","11","32009","32","009",432,422,10,270,270,0,162,152,10,377,367,10,0,0,0,0,0,0,49,49,0
"Eureka County","Eureka County, Nevada","G3200110","3200110","11","32011","32","011",638,634,4,414,410,4,224,224,0,600,596,4,0,0,0,18,18,0,30,30,0
"Humboldt County","Humboldt County, Nevada","G3200130","3200130","11","32013","32","013",4842,4525,317,3100,2921,179,1742,1604,138,4228,4009,219,27,27,0,227,159,68,717,677,40
"Lander County","Lander County, Nevada","G3200150","3200150","11","32015","32","015",2150,2053,97,1433,1402,31,717,651,66,1972,1891,81,0,0,0,76,60,16,231,226,5
"Lincoln County","Lincoln County, Nevada","G3200170","3200170","11","32017","32","017",1517,1452,65,987,954,33,530,498,32,1429,1364,65,0,0,0,46,46,0,94,94,0
"Lyon County","Lyon County, Nevada","G3200190","3200190","11","32019","32","019",6012,5576,436,3617,3415,202,2395,2161,234,5698,5305,393,0,0,0,208,171,37,289,280,9
"Mineral County","Mineral County, Nevada","G3200210","3200210","11","32021","32","021",2616,2507,109,1485,1439,46,1131,1068,63,2081,1979,102,192,192,0,243,243,0,193,178,15
"Nye County","Nye County, Nevada","G3200230","3200230","11","32023","32","023",4330,4125,205,2813,2687,126,1517,1438,79,4026,3845,181,18,18,0,221,207,14,164,142,22
"Pershing County","Pershing County, Nevada","G3200270","3200270","11","32027","32","027",1601,1542,59,1073,1039,34,528,503,25,1457,1408,49,0,0,0,78,68,10,213,213,0
"Storey County","Storey County, Nevada","G3200290","3200290","11","32029","32","029",840,786,54,477,440,37,363,346,17,811,757,54,0,0,0,17,17,0,15,13,2
"Washoe County","Washoe County, Nevada","G3200310","3200310","11","32031","32","031",113673,108141,5532,63763,60292,3471,49910,47849,2061,105361,100323,5038,1930,1787,143,1762,1614,148,5433,5091,342
"White Pine County","White Pine County, Nevada","G3200330","3200330","11","32033","32","033",3789,3551,238,2335,2180,155,1454,1371,83,3611,3386,225,0,0,0,42,29,13,316,309,7
"Carson City","Carson City, Nevada","G3205100","3205100","11","32510","32","510",16580,15541,1039,9238,8613,625,7342,6928,414,15497,14553,944,104,104,0,595,507,88,592,575,17
"Belknap County","Belknap County, New Hampshire","G3300010","3300010","11","33001","33","001",20717,19677,1040,11728,11087,641,8989,8590,399,20611,19576,1035,0,0,0,66,66,0,61,56,5
"Carroll County","Carroll County, New Hampshire","G3300030","3300030","11","33003","33","003",12780,11862,918,7346,6838,508,5434,5024,410,12739,11826,913,0,0,0,30,30,0,25,21,4
"Cheshire County","Cheshire County, New Hampshire","G3300050","3300050","11","33005","33","005",30371,29059,1312,16939,16252,687,13432,12807,625,30245,28942,1303,33,31,2,0,0,0,73,73,0
"Coos County","Coos County, New Hampshire","G3300070","3300070","11","33007","33","007",15506,13813,1693,9190,8254,936,6316,5559,757,15454,13767,1687,0,0,0,18,15,3,20,20,0
"Grafton County","Grafton County, New Hampshire","G3300090","3300090","11","33009","33","009",31773,29804,1969,17823,16720,1103,13950,13084,866,31301,29379,1922,207,185,22,66,46,20,128,123,5
"Hillsborough County","Hillsborough County, New Hampshire","G3300110","3300110","11","33011","33","011",140972,135226,5746,79276,76027,3249,61696,59199,2497,139328,133645,5683,772,736,36,174,172,2,1036,954,82
"Merrimack County","Merrimack County, New Hampshire","G3300130","3300130","11","33013","33","013",48875,46810,2065,27082,25756,1326,21793,21054,739,48514,46464,2050,111,111,0,75,60,15,180,163,17
"Rockingham County","Rockingham County, New Hampshire","G3300150","3300150","11","33015","33","015",94853,90760,4093,54469,52032,2437,40384,38728,1656,93553,89515,4038,651,622,29,149,131,18,464,405,59
"Strafford County","Strafford County, New Hampshire","G3300170","3300170","11","33017","33","017",41323,39106,2217,23166,21953,1213,18157,17153,1004,41005,38821,2184,89,83,6,54,54,0,212,199,13
"Sullivan County","Sullivan County, New Hampshire","G3300190","3300190","11","33019","33","019",17260,16505,755,9881,9467,414,7379,7038,341,17217,16462,755,0,0,0,20,20,0,60,60,0
"Atlantic County","Atlantic County, New Jersey","G3400010","3400010","11","34001","34","001",90574,82915,7659,50032,46114,3918,40542,36801,3741,73880,68265,5615,14690,12837,1853,168,143,25,2801,2513,288
"Bergen County","Bergen County, New Jersey","G3400030","3400030","11","34003","34","003",442241,421081,21160,254353,243237,11116,187888,177844,10044,412757,393079,19678,17641,16597,1044,379,339,40,15435,14505,930
"Burlington County","Burlington County, New Jersey","G3400050","3400050","11","34005","34","005",164708,153295,11413,94590,88688,5902,70118,64607,5511,142803,133836,8967,18064,15997,2067,297,272,25,3157,2749,408
"Camden County","Camden County, New Jersey","G3400070","3400070","11","34007","34","007",214839,197470,17369,124833,115385,9448,90006,82085,7921,182532,170333,12199,26231,22065,4166,339,301,38,5709,4659,1050
"Cape May County","Cape May County, New Jersey","G3400090","3400090","11","34009","34","009",33045,28561,4484,18640,16640,2000,14405,11921,2484,30681,26432,4249,2016,1814,202,40,27,13,480,427,53
"Cumberland County","Cumberland County, New Jersey","G3400110","3400110","11","34011","34","011",58388,52866,5522,32288,29417,2871,26100,23449,2651,47851,44062,3789,7300,5938,1362,472,397,75,4232,3661,571
"Essex County","Essex County, New Jersey","G3400130","3400130","11","34013","34","013",391612,358757,32855,212583,195301,17282,179029,163456,15573,244579,230173,14406,130397,113709,16688,608,550,58,28570,25101,3469
"Gloucester County","Gloucester County, New Jersey","G3400150","3400150","11","34015","34","015",91693,84758,6935,54769,50924,3845,36924,33834,3090,83420,77362,6058,7303,6543,760,189,176,13,911,833,78
"Hudson County","Hudson County, New Jersey","G3400170","3400170","11","34017","34","017",262788,239761,23027,147024,135547,11477,115764,104214,11550,209818,192912,16906,27943,24450,3493,348,297,51,66009,58716,7293
"Hunterdon County","Hunterdon County, New Jersey","G3400190","3400190","11","34019","34","019",42614,40860,1754,25479,24479,1000,17135,16381,754,42151,40414,1737,213,204,9,36,29,7,321,312,9
"Mercer County","Mercer County, New Jersey","G3400210","3400210","11","34021","34","021",151611,142808,8803,82598,77574,5024,69013,65234,3779,124432,118927,5505,23201,20196,3005,173,151,22,4177,3715,462
"Middlesex County","Middlesex County, New Jersey","G3400230","3400230","11","34023","34","023",307623,290566,17057,176737,167738,8999,130886,122828,8058,280649,265909,14740,16433,14856,1577,349,332,17,14975,13323,1652
"Monmouth County","Monmouth County, New Jersey","G3400250","3400250","11","34025","34","025",230408,215187,15221,133959,125756,8203,96449,89431,7018,208751,195721,13030,17807,15888,1919,284,254,30,5231,4757,474
"Morris County","Morris County, New Jersey","G3400270","3400270","11","34027","34","027",209035,201247,7788,121826,117769,4057,87209,83478,3731,199423,192042,7381,5462,5212,250,138,127,11,5521,5143,378
"Ocean County","Ocean County, New Jersey","G3400290","3400290","11","34029","34","029",131688,119996,11692,78229,71958,6271,53459,48038,5421,126086,115222,10864,3760,3186,574,263,233,30,3188,2648,540
"Passaic County","Passaic County, New Jersey","G3400310","3400310","11","34031","34","031",215035,199564,15471,121728,113844,7884,93307,85720,7587,177725,166810,10915,23608,20589,3019,249,227,22,25641,22547,3094
"Salem County","Salem County, New Jersey","G3400330","3400330","11","34033","34","033",27830,25315,2515,16710,15338,1372,11120,9977,1143,23755,21914,1841,3692,3076,616,124,122,2,350,260,90
"Somerset County","Somerset County, New Jersey","G3400350","3400350","11","34035","34","035",106452,102313,4139,61376,59110,2266,45076,43203,1873,99583,95905,3678,5063,4692,371,99,99,0,2150,1981,169
"Sussex County","Sussex County, New Jersey","G3400370","3400370","11","34037","34","037",54795,51706,3089,32969,31339,1630,21826,20367,1459,54025,50995,3030,286,276,10,91,75,16,876,786,90
"Union County","Union County, New Jersey","G3400390","3400390","11","34039","34","039",256914,242073,14841,145311,137566,7745,111603,104507,7096,211077,200574,10503,38756,34994,3762,252,201,51,20905,18995,1910
"Warren County","Warren County, New Jersey","G3400410","3400410","11","34041","34","041",39362,37203,2159,23579,22384,1195,15783,14819,964,38683,36591,2092,396,350,46,50,50,0,399,367,32
"Bernalillo County","Bernalillo County, New Mexico","G3500010","3500010","11","35001","35","001",197646,184366,13280,112848,105201,7647,84798,79165,5633,164617,154466,10151,3873,3393,480,4340,3904,436,65681,59922,5759
"Catron County","Catron County, New Mexico","G3500030","3500030","11","35003","35","003",948,893,55,678,640,38,270,253,17,865,814,51,0,0,0,11,11,0,277,253,24
"Chaves County","Chaves County, New Mexico","G3500050","3500050","11","35005","35","005",20441,19217,1224,11959,11279,680,8482,7938,544,18028,17052,976,433,388,45,149,141,8,5455,4969,486
"Colfax County","Colfax County, New Mexico","G3500070","3500070","11","35007","35","007",5815,5397,418,3534,3295,239,2281,2102,179,5036,4705,331,8,8,0,51,45,6,2504,2254,250
"Curry County","Curry County, New Mexico","G3500090","3500090","11","35009","35","009",15427,14444,983,8717,8253,464,6710,6191,519,13020,12358,662,678,542,136,47,47,0,2623,2312,311
"De Baca County","De Baca County, New Mexico","G3500110","3500110","11","35011","35","011",956,917,39,600,582,18,356,335,21,857,825,32,0,0,0,0,0,0,265,251,14
"Dona Ana County","Dona Ana County, New Mexico","G3500130","3500130","11","35013","35","013",37816,34768,3048,22424,20821,1603,15392,13947,1445,30750,28538,2212,482,390,92,306,266,40,18432,16585,1847
"Eddy County","Eddy County, New Mexico","G3500150","3500150","11","35015","35","015",18910,17965,945,12085,11581,504,6825,6384,441,16205,15439,766,317,303,14,108,103,5,5055,4657,398
"Grant County","Grant County, New Mexico","G3500170","3500170","11","35017","35","017",9773,9206,567,6332,6051,281,3441,3155,286,8403,7920,483,59,53,6,39,39,0,4332,4002,330
"Guadalupe County","Guadalupe County, New Mexico","G3500190","3500190","11","35019","35","019",1622,1425,197,981,830,151,641,595,46,1328,1186,142,0,0,0,0,0,0,1304,1121,183
"Harding County","Harding County, New Mexico","G3500210","3500210","11","35021","35","021",432,424,8,302,300,2,130,124,6,400,395,5,0,0,0,0,0,0,173,170,3
"Hidalgo County","Hidalgo County, New Mexico","G3500230","3500230","11","35023","35","023",2193,2001,192,1515,1359,156,678,642,36,2096,1915,181,0,0,0,0,0,0,919,812,107
"Lea County","Lea County, New Mexico","G3500250","3500250","11","35025","35","025",24244,23570,674,15932,15608,324,8312,7962,350,21030,20582,448,924,829,95,165,165,0,3984,3807,177
"Lincoln County","Lincoln County, New Mexico","G3500270","3500270","11","35027","35","027",5145,4931,214,2984,2885,99,2161,2046,115,4795,4612,183,0,0,0,40,38,2,1088,996,92
"Los Alamos County","Los Alamos County, New Mexico","G3500280","3500280","11","35028","35","028",9497,9250,247,5780,5699,81,3717,3551,166,9047,8814,233,46,46,0,42,42,0,1016,976,40
"Luna County","Luna County, New Mexico","G3500290","3500290","11","35029","35","029",5043,4547,496,3135,2842,293,1908,1705,203,4265,3904,361,81,61,20,29,24,5,1951,1648,303
"Mckinley County","Mckinley County, New Mexico","G3500310","3500310","11","35031","35","031",19866,17603,2263,11706,10224,1482,8160,7379,781,7562,7377,185,180,171,9,10403,8443,1960,3091,2896,195
"Mora County","Mora County, New Mexico","G3500330","3500330","11","35033","35","033",1181,966,215,818,637,181,363,329,34,771,665,106,0,0,0,0,0,0,972,765,207
"Otero County","Otero County, New Mexico","G3500350","3500350","11","35035","35","035",14705,13309,1396,7984,7328,656,6721,5981,740,12292,11247,1045,566,417,149,710,630,80,3037,2727,310
"Quay County","Quay County, New Mexico","G3500370","3500370","11","35037","35","037",4421,4165,256,2594,2459,135,1827,1706,121,3772,3573,199,19,14,5,51,45,6,1442,1327,115
"Rio Arriba County","Rio Arriba County, New Mexico","G3500390","3500390","11","35039","35","039",10714,9392,1322,6521,5810,711,4193,3582,611,4923,4533,390,12,12,0,1219,1051,168,7801,6749,1052
"Roosevelt County","Roosevelt County, New Mexico","G3500410","3500410","11","35041","35","041",6446,6177,269,3797,3701,96,2649,2476,173,5554,5335,219,94,84,10,20,15,5,1128,1072,56
"Sandoval County","Sandoval County, New Mexico","G3500430","3500430","11","35043","35","043",13269,12072,1197,7909,7182,727,5360,4890,470,8857,8107,750,72,60,12,2835,2493,342,3562,3309,253
"San Juan County","San Juan County, New Mexico","G3500450","3500450","11","35045","35","045",32652,30531,2121,21073,19833,1240,11579,10698,881,23397,22405,992,55,55,0,7366,6389,977,3632,3364,268
"San Miguel County","San Miguel County, New Mexico","G3500470","3500470","11","35047","35","047",8380,7345,1035,4703,4164,539,3677,3181,496,6374,5607,767,26,26,0,45,33,12,6624,5750,874
"Santa Fe County","Santa Fe County, New Mexico","G3500490","3500490","11","35049","35","049",35350,33082,2268,19616,18375,1241,15734,14707,1027,28949,27202,1747,94,94,0,930,854,76,17718,16304,1414
"Sierra County","Sierra County, New Mexico","G3500510","3500510","11","35051","35","051",2219,2077,142,1351,1254,97,868,823,45,2131,1992,139,0,0,0,13,10,3,675,631,44
"Socorro County","Socorro County, New Mexico","G3500530","3500530","11","35053","35","053",4825,4502,323,2952,2793,159,1873,1709,164,4159,3957,202,24,19,5,247,187,60,2268,2098,170
"Taos County","Taos County, New Mexico","G3500550","3500550","11","35055","35","055",8015,7019,996,4744,4173,571,3271,2846,425,4140,3731,409,0,0,0,492,410,82,5028,4333,695
"Torrance County","Torrance County, New Mexico","G3500570","3500570","11","35057","35","057",2665,2423,242,1717,1577,140,948,846,102,2024,1866,158,0,0,0,34,32,2,943,836,107
"Union County","Union County, New Mexico","G3500590","3500590","11","35059","35","059",1933,1783,150,1215,1116,99,718,667,51,1922,1772,150,0,0,0,0,0,0,558,490,68
"Valencia County","Valencia County, New Mexico","G3500610","3500610","11","35061","35","061",24525,22471,2054,15921,14789,1132,8604,7682,922,18089,16880,1209,192,190,2,3056,2536,520,10276,9271,1005
"Albany County","Albany County, New York","G3600010","3600010","11","36001","36","001",140692,133275,7417,76787,72130,4657,63905,61145,2760,130728,124378,6350,8097,7158,939,201,190,11,1319,1216,103
"Allegany County","Allegany County, New York","G3600030","3600030","11","36003","36","003",21133,19132,2001,12344,11071,1273,8789,8061,728,20933,18961,1972,35,26,9,67,54,13,80,67,13
"Bronx County","Bronx County, New York","G3600050","3600050","11","36005","36","005",443935,402872,41063,240364,217542,22822,203571,185330,18241,221451,206404,15047,145912,128885,17027,751,645,106,124892,110119,14773
"Broome County","Broome County, New York","G3600070","3600070","11","36007","36","007",100687,94807,5880,56830,53331,3499,43857,41476,2381,98341,92732,5609,1385,1206,179,171,143,28,663,562,101
"Cattaraugus County","Cattaraugus County, New York","G3600090","3600090","11","36009","36","009",37426,34218,3208,21862,19823,2039,15564,14395,1169,36493,33504,2989,144,108,36,665,487,178,186,181,5
"Cayuga County","Cayuga County, New York","G3600110","3600110","11","36011","36","011",35083,31553,3530,19933,18030,1903,15150,13523,1627,34485,31114,3371,443,311,132,83,66,17,97,82,15
"Chautauqua County","Chautauqua County, New York","G3600130","3600130","11","36013","36","013",65398,60591,4807,38510,35633,2877,26888,24958,1930,63938,59376,4562,709,595,114,196,141,55,762,641,121
"Chemung County","Chemung County, New York","G3600150","3600150","11","36015","36","015",42846,38790,4056,24569,22254,2315,18277,16536,1741,41242,37468,3774,1197,955,242,101,82,19,252,221,31
"Chenango County","Chenango County, New York","G3600170","3600170","11","36017","36","017",22150,20556,1594,12673,11724,949,9477,8832,645,21982,20392,1590,77,77,0,0,0,0,91,88,3
"Clinton County","Clinton County, New York","G3600190","3600190","11","36019","36","019",30500,27199,3301,17454,15593,1861,13046,11606,1440,30012,26824,3188,216,158,58,36,19,17,215,183,32
"Columbia County","Columbia County, New York","G3600210","3600210","11","36021","36","021",26620,24743,1877,15552,14313,1239,11068,10430,638,25654,23957,1697,814,657,157,54,46,8,215,200,15
"Cortland County","Cortland County, New York","G3600230","3600230","11","36023","36","023",22186,20252,1934,12315,11058,1257,9871,9194,677,21931,20041,1890,113,95,18,78,64,14,148,112,36
"Delaware County","Delaware County, New York","G3600250","3600250","11","36025","36","025",19752,18260,1492,11553,10672,881,8199,7588,611,19582,18113,1469,57,57,0,56,33,23,72,63,9
"Dutchess County","Dutchess County, New York","G3600270","3600270","11","36027","36","027",112243,105838,6405,65813,62149,3664,46430,43689,2741,103689,98049,5640,6503,5817,686,216,212,4,2068,1936,132
"Erie County","Erie County, New York","G3600290","3600290","11","36029","36","029",465856,421794,44062,269017,241398,27619,196839,180396,16443,421358,385883,35475,38295,30631,7664,1773,1456,317,5038,4142,896
"Essex County","Essex County, New York","G3600310","3600310","11","36031","36","031",15243,13032,2211,8864,7553,1311,6379,5479,900,15176,12983,2193,20,16,4,29,17,12,73,71,2
"Franklin County","Franklin County, New York","G3600330","3600330","11","36033","36","033",18164,15926,2238,10632,9014,1618,7532,6912,620,17342,15329,2013,0,0,0,757,545,212,29,25,4
"Fulton County","Fulton County, New York","G3600350","3600350","11","36035","36","035",25112,22290,2822,14285,12827,1458,10827,9463,1364,24822,22070,2752,129,111,18,73,46,27,147,112,35
"Genesee County","Genesee County, New York","G3600370","3600370","11","36037","36","037",27977,25937,2040,16274,15091,1183,11703,10846,857,27152,25224,1928,456,389,67,233,194,39,87,68,19
"Greene County","Greene County, New York","G3600390","3600390","11","36039","36","039",17174,15400,1774,9977,9004,973,7197,6396,801,16739,15018,1721,346,310,36,38,30,8,114,103,11
"Hamilton County","Hamilton County, New York","G3600410","3600410","11","36041","36","041",2060,1667,393,1272,1055,217,788,612,176,2055,1662,393,0,0,0,0,0,0,0,0,0
"Herkimer County","Herkimer County, New York","G3600430","3600430","11","36043","36","043",29049,26613,2436,16871,15362,1509,12178,11251,927,28888,26463,2425,66,64,2,40,31,9,78,78,0
"Jefferson County","Jefferson County, New York","G3600450","3600450","11","36045","36","045",36851,32588,4263,21706,19203,2503,15145,13385,1760,36553,32325,4228,106,93,13,90,68,22,140,128,12
"Kings County","Kings County, New York","G3600470","3600470","11","36047","36","047",902282,820786,81496,496131,452007,44124,406151,368779,37372,531135,493568,37567,289309,254766,34543,1696,1451,245,127232,110992,16240
"Lewis County","Lewis County, New York","G3600490","3600490","11","36049","36","049",10311,9253,1058,6404,5694,710,3907,3559,348,10272,9216,1056,0,0,0,0,0,0,25,23,2
"Livingston County","Livingston County, New York","G3600510","3600510","11","36051","36","051",25978,24189,1789,14666,13585,1081,11312,10604,708,25556,23817,1739,232,219,13,77,49,28,106,69,37
"Madison County","Madison County, New York","G3600530","3600530","11","36053","36","053",28154,25894,2260,16504,14964,1540,11650,10930,720,27814,25587,2227,141,133,8,96,75,21,69,63,6
"Monroe County","Monroe County, New York","G3600550","3600550","11","36055","36","055",343421,323746,19675,193450,182723,10727,149971,141023,8948,307023,292344,14679,30234,25901,4333,884,793,91,6050,5304,746
"Montgomery County","Montgomery County, New York","G3600570","3600570","11","36057","36","057",24415,22424,1991,13728,12563,1165,10687,9861,826,23997,22062,1935,123,111,12,37,30,7,718,654,64
"Nassau County","Nassau County, New York","G3600590","3600590","11","36059","36","059",654832,625280,29552,383802,368285,15517,271030,256995,14035,603078,576810,26268,41134,38401,2733,532,478,54,21085,19742,1343
"New York County","New York County, New York","G3600610","3600610","11","36061","36","061",754051,698727,55324,399065,368148,30917,354986,330579,24407,518799,489420,29379,126941,110756,16185,1446,1235,211,133563,118680,14883
"Niagara County","Niagara County, New York","G3600630","3600630","11","36063","36","063",104710,94551,10159,61349,55546,5803,43361,39005,4356,98963,89861,9102,4324,3560,764,1002,772,230,757,646,111
"Oneida County","Oneida County, New York","G3600650","3600650","11","36065","36","065",106829,98113,8716,60380,55040,5340,46449,43073,3376,103742,95654,8088,2289,1803,486,190,153,37,823,723,100
"Onondaga County","Onondaga County, New York","G3600670","3600670","11","36067","36","067",220565,205239,15326,123791,114206,9585,96774,91033,5741,204807,191608,13199,12477,10749,1728,1393,1152,241,2125,1958,167
"Ontario County","Ontario County, New York","G3600690","3600690","11","36069","36","069",41966,39197,2769,24173,22663,1510,17793,16534,1259,41112,38509,2603,509,395,114,56,47,9,458,406,52
"Orange County","Orange County, New York","G3600710","3600710","11","36071","36","071",111526,103947,7579,64223,59991,4232,47303,43956,3347,103620,96887,6733,5979,5290,689,269,254,15,4133,3759,374
"Orleans County","Orleans County, New York","G3600730","3600730","11","36073","36","073",17596,16140,1456,10428,9515,913,7168,6625,543,16556,15224,1332,834,727,107,61,61,0,162,153,9
"Oswego County","Oswego County, New York","G3600750","3600750","11","36075","36","075",47829,41761,6068,29056,25147,3909,18773,16614,2159,47369,41412,5957,125,87,38,164,120,44,208,161,47
"Otsego County","Otsego County, New York","G3600770","3600770","11","36077","36","077",25387,23438,1949,14082,12857,1225,11305,10581,724,25138,23227,1911,121,101,20,46,31,15,178,164,14
"Putnam County","Putnam County, New York","G3600790","3600790","11","36079","36","079",35924,34083,1841,21685,20518,1167,14239,13565,674,35565,33736,1829,145,133,12,38,38,0,392,363,29
"Queens County","Queens County, New York","G3600810","3600810","11","36081","36","081",907433,850310,57123,499466,468514,30952,407967,381796,26171,656392,619228,37164,160783,146931,13852,1703,1535,168,126301,116281,10020
"Rensselaer County","Rensselaer County, New York","G3600830","3600830","11","36083","36","083",68863,64076,4787,39059,35928,3131,29804,28148,1656,66692,62145,4547,1699,1518,181,72,59,13,468,435,33
"Richmond County","Richmond County, New York","G3600850","3600850","11","36085","36","085",153620,145488,8132,91292,86877,4415,62328,58611,3717,139675,132782,6893,8853,7912,941,164,164,0,7324,6727,597
"Rockland County","Rockland County, New York","G3600870","3600870","11","36087","36","087",125048,119560,5488,71471,68588,2883,53577,50972,2605,112826,108068,4758,8619,8063,556,260,223,37,5351,5066,285
"St. Lawrence County","St. Lawrence County, New York","G3600890","3600890","11","36089","36","089",43953,39119,4834,25988,22832,3156,17965,16287,1678,43561,38764,4797,66,60,6,157,132,25,194,164,30
"Saratoga County","Saratoga County, New York","G3600910","3600910","11","36091","36","091",69847,64200,5647,40921,37568,3353,28926,26632,2294,68853,63328,5525,545,479,66,134,100,34,417,373,44
"Schenectady County","Schenectady County, New York","G3600930","3600930","11","36093","36","093",69042,64523,4519,39460,36710,2750,29582,27813,1769,66253,62142,4111,2022,1716,306,163,146,17,551,505,46
"Schoharie County","Schoharie County, New York","G3600950","3600950","11","36095","36","095",11950,10668,1282,7230,6361,869,4720,4307,413,11843,10593,1250,48,31,17,21,14,7,91,72,19
"Schuyler County","Schuyler County, New York","G3600970","3600970","11","36097","36","097",7664,6957,707,4477,4076,401,3187,2881,306,7585,6880,705,9,7,2,38,38,0,35,34,1
"Seneca County","Seneca County, New York","G3600990","3600990","11","36099","36","099",15207,14197,1010,8625,8072,553,6582,6125,457,15041,14050,991,60,53,7,18,14,4,88,69,19
"Steuben County","Steuben County, New York","G3601010","3601010","11","36101","36","101",42820,39324,3496,25046,22797,2249,17774,16527,1247,42192,38792,3400,389,320,69,89,70,19,126,116,10
"Suffolk County","Suffolk County, New York","G3601030","3601030","11","36103","36","103",573750,538551,35199,340695,323034,17661,233055,215517,17538,534585,502535,32050,29462,26958,2504,850,771,79,23580,21850,1730
"Sullivan County","Sullivan County, New York","G3601050","3601050","11","36105","36","105",27281,24839,2442,16306,14758,1548,10975,10081,894,25043,22760,2283,1484,1369,115,75,75,0,1009,928,81
"Tioga County","Tioga County, New York","G3601070","3601070","11","36107","36","107",22605,21029,1576,13427,12522,905,9178,8507,671,22313,20745,1568,167,159,8,24,24,0,60,60,0
"Tompkins County","Tompkins County, New York","G3601090","3601090","11","36109","36","109",42194,40222,1972,22972,21792,1180,19222,18430,792,40240,38419,1821,1020,892,128,53,51,2,557,537,20
"Ulster County","Ulster County, New York","G3601110","3601110","11","36111","36","111",72416,66822,5594,42376,38949,3427,30040,27873,2167,69227,64028,5199,2280,2023,257,139,116,23,1714,1500,214
"Warren County","Warren County, New York","G3601130","3601130","11","36113","36","113",23629,21039,2590,13640,11985,1655,9989,9054,935,23440,20875,2565,77,61,16,0,0,0,190,173,17
"Washington County","Washington County, New York","G3601150","3601150","11","36115","36","115",22845,20867,1978,13576,12308,1268,9269,8559,710,22727,20767,1960,33,25,8,21,11,10,91,89,2
"Wayne County","Wayne County, New York","G3601170","3601170","11","36117","36","117",38428,35401,3027,22438,20903,1535,15990,14498,1492,37039,34254,2785,980,775,205,124,107,17,472,425,47
"Westchester County","Westchester County, New York","G3601190","3601190","11","36119","36","119",433729,415187,18542,239948,229754,10194,193781,185433,8348,371653,356838,14815,48916,45728,3188,479,444,35,20855,19554,1301
"Wyoming County","Wyoming County, New York","G3601210","3601210","11","36121","36","121",17016,15496,1520,10282,9359,923,6734,6137,597,16937,15433,1504,41,34,7,7,7,0,25,24,1
"Yates County","Yates County, New York","G3601230","3601230","11","36123","36","123",9571,8792,779,5488,5061,427,4083,3731,352,9480,8718,762,47,44,3,0,0,0,77,63,14
"Alamance County","Alamance County, North Carolina","G3700010","3700010","11","37001","37","001",52056,49709,2347,28047,26900,1147,24009,22809,1200,42570,41020,1550,9319,8533,786,50,44,6,349,303,46
"Alexander County","Alexander County, North Carolina","G3700030","3700030","11","37003","37","003",13041,12655,386,7278,7108,170,5763,5547,216,12222,11917,305,754,680,74,15,15,0,152,136,16
"Alleghany County","Alleghany County, North Carolina","G3700050","3700050","11","37005","37","005",4332,4041,291,2418,2237,181,1914,1804,110,4226,3947,279,103,91,12,0,0,0,29,21,8
"Anson County","Anson County, North Carolina","G3700070","3700070","11","37007","37","007",11406,10766,640,6172,5867,305,5234,4899,335,6678,6505,173,4714,4247,467,0,0,0,137,118,19
"Ashe County","Ashe County, North Carolina","G3700090","3700090","11","37009","37","009",9799,8973,826,5700,5181,519,4099,3792,307,9674,8850,824,91,91,0,0,0,0,73,73,0
"Avery County","Avery County, North Carolina","G3700110","3700110","11","37011","37","011",6397,5827,570,3666,3276,390,2731,2551,180,6355,5785,570,26,26,0,16,16,0,35,35,0
"Beaufort County","Beaufort County, North Carolina","G3700130","3700130","11","37013","37","013",17489,16484,1005,10044,9573,471,7445,6911,534,12655,12169,486,4815,4301,514,0,0,0,45,42,3
"Bertie County","Bertie County, North Carolina","G3700150","3700150","11","37015","37","015",8251,7734,517,4755,4555,200,3496,3179,317,3841,3725,116,4382,3995,387,18,11,7,139,139,0
"Bladen County","Bladen County, North Carolina","G3700170","3700170","11","37017","37","017",12230,11368,862,7006,6528,478,5224,4840,384,8138,7717,421,3922,3486,436,115,110,5,71,65,6
"Brunswick County","Brunswick County, North Carolina","G3700190","3700190","11","37019","37","019",14318,13165,1153,8736,8156,580,5582,5009,573,11240,10436,804,3014,2667,347,0,0,0,75,64,11
"Buncombe County","Buncombe County, North Carolina","G3700210","3700210","11","37021","37","021",76003,71657,4346,42396,40128,2268,33607,31529,2078,70063,66305,3758,5498,4964,534,145,129,16,402,339,63
"Burke County","Burke County, North Carolina","G3700230","3700230","11","37023","37","023",36902,35322,1580,19763,18897,866,17139,16425,714,34663,33241,1422,2079,1938,141,65,56,9,121,121,0
"Cabarrus County","Cabarrus County, North Carolina","G3700250","3700250","11","37025","37","025",44761,43040,1721,24201,23282,919,20560,19758,802,39170,37915,1255,5386,4934,452,118,104,14,222,211,11
"Caldwell County","Caldwell County, North Carolina","G3700270","3700270","11","37027","37","027",34195,32876,1319,19179,18455,724,15016,14421,595,32516,31280,1236,1586,1512,74,54,45,9,198,197,1
"Camden County","Camden County, North Carolina","G3700290","3700290","11","37029","37","029",2237,2048,189,1406,1270,136,831,778,53,1547,1430,117,0,0,0,0,0,0,17,10,7
"Carteret County","Carteret County, North Carolina","G3700310","3700310","11","37031","37","031",16681,15653,1028,9750,9188,562,6931,6465,466,15209,14410,799,1377,1179,198,28,21,7,153,153,0
"Caswell County","Caswell County, North Carolina","G3700330","3700330","11","37033","37","033",9297,8533,764,5219,4907,312,4078,3626,452,5556,5258,298,3735,3275,460,0,0,0,26,26,0
"Catawba County","Catawba County, North Carolina","G3700350","3700350","11","37035","37","035",56785,54540,2245,30582,29502,1080,26203,25038,1165,52119,50287,1832,4488,4075,413,38,38,0,316,304,12
"Chatham County","Chatham County, North Carolina","G3700370","3700370","11","37037","37","037",18055,17459,596,9929,9585,344,8126,7874,252,13337,12928,409,4631,4444,187,57,57,0,109,100,9
"Cherokee County","Cherokee County, North Carolina","G3700390","3700390","11","37039","37","039",7649,6916,733,4298,3852,446,3351,3064,287,7404,6700,704,169,161,8,62,43,19,15,15,0
"Chowan County","Chowan County, North Carolina","G3700410","3700410","11","37041","37","041",5153,4733,420,2979,2770,209,2174,1963,211,3227,3123,104,1900,1584,316,0,0,0,25,25,0
"Clay County","Clay County, North Carolina","G3700430","3700430","11","37043","37","043",2600,2389,211,1447,1350,97,1153,1039,114,2579,2368,211,0,0,0,0,0,0,47,47,0
"Cleveland County","Cleveland County, North Carolina","G3700450","3700450","11","37045","37","045",40765,37945,2820,22498,21221,1277,18267,16724,1543,33231,31315,1916,7406,6509,897,0,0,0,232,217,15
"Columbus County","Columbus County, North Carolina","G3700470","3700470","11","37047","37","047",21158,19608,1550,12174,11335,839,8984,8273,711,15290,14334,956,5359,4789,570,479,455,24,197,175,22
"Craven County","Craven County, North Carolina","G3700490","3700490","11","37049","37","049",25405,23523,1882,13733,13033,700,11672,10490,1182,18814,17872,942,6322,5418,904,39,39,0,216,176,40
"Cumberland County","Cumberland County, North Carolina","G3700510","3700510","11","37051","37","051",79459,72154,7305,40172,37414,2758,39287,34740,4547,55079,51217,3862,21287,18189,3098,1237,1078,159,1555,1327,228
"Currituck County","Currituck County, North Carolina","G3700530","3700530","11","37053","37","053",4170,3717,453,2533,2320,213,1637,1397,240,3521,3174,347,599,493,106,32,32,0,31,25,6
"Dare County","Dare County, North Carolina","G3700550","3700550","11","37055","37","055",5870,5448,422,3383,3262,121,2487,2186,301,5525,5146,379,339,299,40,0,0,0,27,27,0
"Davidson County","Davidson County, North Carolina","G3700570","3700570","11","37057","37","057",58692,55908,2784,33030,31784,1246,25662,24124,1538,53040,50812,2228,5367,4859,508,119,90,29,262,244,18
"Davie County","Davie County, North Carolina","G3700590","3700590","11","37059","37","059",11817,11238,579,6827,6483,344,4990,4755,235,10763,10290,473,1042,936,106,6,6,0,35,35,0
"Duplin County","Duplin County, North Carolina","G3700610","3700610","11","37061","37","061",18032,16905,1127,10186,9749,437,7846,7156,690,12607,12045,562,5353,4796,557,44,36,8,98,98,0
"Durham County","Durham County, North Carolina","G3700630","3700630","11","37063","37","063",77328,74503,2825,38951,37601,1350,38377,36902,1475,50935,49802,1133,25611,23944,1667,153,153,0,638,615,23
"Edgecombe County","Edgecombe County, North Carolina","G3700650","3700650","11","37065","37","065",26007,24151,1856,13581,12845,736,12426,11306,1120,13983,13458,525,12002,10671,1331,0,0,0,185,170,15
"Forsyth County","Forsyth County, North Carolina","G3700670","3700670","11","37067","37","067",122634,116210,6424,66424,63168,3256,56210,53042,3168,95502,91695,3807,26356,23835,2521,287,240,47,751,696,55
"Franklin County","Franklin County, North Carolina","G3700690","3700690","11","37069","37","069",13535,12635,900,7487,7010,477,6048,5625,423,8661,8374,287,4844,4239,605,18,10,8,128,106,22
"Gaston County","Gaston County, North Carolina","G3700710","3700710","11","37071","37","071",83652,80344,3308,45367,43670,1697,38285,36674,1611,74044,71155,2889,9289,8870,419,127,127,0,500,481,19
"Gates County","Gates County, North Carolina","G3700730","3700730","11","37073","37","073",3531,3349,182,2299,2216,83,1232,1133,99,1775,1733,42,1754,1614,140,0,0,0,17,17,0
"Graham County","Graham County, North Carolina","G3700750","3700750","11","37075","37","075",2973,2464,509,1760,1469,291,1213,995,218,2838,2402,436,0,0,0,133,60,73,0,0,0
"Granville County","Granville County, North Carolina","G3700770","3700770","11","37077","37","077",14851,13811,1040,7882,7365,517,6969,6446,523,8743,8473,270,6029,5259,770,5,5,0,100,81,19
"Greene County","Greene County, North Carolina","G3700790","3700790","11","37079","37","079",7368,6671,697,4074,3806,268,3294,2865,429,4501,4320,181,0,0,0,0,0,0,0,0,0
"Guilford County","Guilford County, North Carolina","G3700810","3700810","11","37081","37","081",164199,156335,7864,88335,84503,3832,75864,71832,4032,125517,121389,4128,37427,33834,3593,542,481,61,1100,995,105
"Halifax County","Halifax County, North Carolina","G3700830","3700830","11","37083","37","083",21972,20145,1827,12543,11622,921,9429,8523,906,12960,12254,706,8524,7440,1084,378,344,34,141,131,10
"Harnett County","Harnett County, North Carolina","G3700850","3700850","11","37085","37","085",25142,23530,1612,13748,13110,638,11394,10420,974,19826,18791,1035,5089,4548,541,141,120,21,240,194,46
"Haywood County","Haywood County, North Carolina","G3700870","3700870","11","37087","37","087",19586,17678,1908,11802,10821,981,7784,6857,927,19215,17371,1844,302,261,41,0,0,0,98,84,14
"Henderson County","Henderson County, North Carolina","G3700890","3700890","11","37089","37","089",24980,23913,1067,14458,13960,498,10522,9953,569,24055,23089,966,809,722,87,72,58,14,111,111,0
"Hertford County","Hertford County, North Carolina","G3700910","3700910","11","37091","37","091",9758,9132,626,5564,5345,219,4194,3787,407,4821,4632,189,4864,4434,430,49,49,0,74,64,10
"Hoke County","Hoke County, North Carolina","G3700930","3700930","11","37093","37","093",8579,8020,559,4531,4250,281,4048,3770,278,4322,4142,180,3305,3000,305,909,835,74,131,117,14
"Hyde County","Hyde County, North Carolina","G3700950","3700950","11","37095","37","095",2404,2125,279,1451,1308,143,953,817,136,1638,1539,99,766,586,180,0,0,0,30,22,8
"Iredell County","Iredell County, North Carolina","G3700970","3700970","11","37097","37","097",41790,40053,1737,23091,22273,818,18699,17780,919,35373,34147,1226,6313,5817,496,33,18,15,328,309,19
"Jackson County","Jackson County, North Carolina","G3700990","3700990","11","37099","37","099",10958,10019,939,6124,5551,573,4834,4468,366,9634,8851,783,226,195,31,1070,945,125,356,286,70
"Johnston County","Johnston County, North Carolina","G3701010","3701010","11","37101","37","101",33370,32002,1368,18690,18111,579,14680,13891,789,27765,26833,932,5468,5047,421,70,65,5,288,266,22
"Jones County","Jones County, North Carolina","G3701030","3701030","11","37103","37","103",4079,3718,361,2279,2114,165,1800,1604,196,2386,2248,138,0,0,0,0,0,0,29,29,0
"Lee County","Lee County, North Carolina","G3701050","3701050","11","37105","37","105",17893,16956,937,9810,9399,411,8083,7557,526,14368,13706,662,3462,3198,264,45,34,11,173,168,5
"Lenoir County","Lenoir County, North Carolina","G3701070","3701070","11","37107","37","107",27248,25600,1648,14698,13966,732,12550,11634,916,18136,17492,644,8991,7995,996,0,0,0,175,150,25
"Lincoln County","Lincoln County, North Carolina","G3701090","3701090","11","37109","37","109",21556,20462,1094,12164,11675,489,9392,8787,605,19799,18906,893,1713,1518,195,31,25,6,86,78,8
"Mcdowell County","Mcdowell County, North Carolina","G3701110","3701110","11","37111","37","111",16652,15776,876,9212,8760,452,7440,7016,424,15981,15163,818,607,554,53,30,25,5,65,59,6
"Macon County","Macon County, North Carolina","G3701130","3701130","11","37113","37","113",8190,7680,510,4674,4393,281,3516,3287,229,8059,7562,497,90,82,8,0,0,0,27,18,9
"Madison County","Madison County, North Carolina","G3701150","3701150","11","37115","37","115",6714,6211,503,3984,3654,330,2730,2557,173,6670,6167,503,20,20,0,0,0,0,0,0,0
"Martin County","Martin County, North Carolina","G3701170","3701170","11","37117","37","117",11467,10697,770,6393,6036,357,5074,4661,413,7076,6815,261,4379,3877,502,0,0,0,107,77,30
"Mecklenburg County","Mecklenburg County, North Carolina","G3701190","3701190","11","37119","37","119",215309,206236,9073,117542,113107,4435,97767,93129,4638,161423,156702,4721,51427,47215,4212,872,830,42,1896,1785,111
"Mitchell County","Mitchell County, North Carolina","G3701210","3701210","11","37121","37","121",6442,6016,426,3727,3470,257,2715,2546,169,6372,5953,419,12,12,0,18,18,0,68,51,17
"Montgomery County","Montgomery County, North Carolina","G3701230","3701230","11","37123","37","123",10908,10513,395,5819,5623,196,5089,4890,199,8599,8359,240,2253,2100,153,47,45,2,100,96,4
"Moore County","Moore County, North Carolina","G3701250","3701250","11","37125","37","125",23104,22139,965,12467,11950,517,10637,10189,448,18675,18100,575,4258,3883,375,144,129,15,139,108,31
"Nash County","Nash County, North Carolina","G3701270","3701270","11","37127","37","127",31453,29961,1492,17687,17024,663,13766,12937,829,22708,22068,640,8567,7727,840,87,81,6,186,156,30
"New Hanover County","New Hanover County, North Carolina","G3701290","3701290","11","37129","37","129",48245,45043,3202,27057,25739,1318,21188,19304,1884,39113,36980,2133,8811,7768,1043,139,119,20,291,256,35
"Northampton County","Northampton County, North Carolina","G3701310","3701310","11","37131","37","131",8447,7770,677,4870,4568,302,3577,3202,375,3746,3575,171,4701,4195,506,0,0,0,100,87,13
"Onslow County","Onslow County, North Carolina","G3701330","3701330","11","37133","37","133",29055,26162,2893,14813,13836,977,14242,12326,1916,23297,21296,2001,4755,4019,736,186,143,43,546,436,110
"Orange County","Orange County, North Carolina","G3701350","3701350","11","37135","37","135",39206,37483,1723,19934,19145,789,19272,18338,934,32425,31258,1167,6330,5784,546,44,44,0,362,350,12
"Pamlico County","Pamlico County, North Carolina","G3701370","3701370","11","37137","37","137",3989,3734,255,2405,2287,118,1584,1447,137,2765,2648,117,1192,1056,136,32,30,2,38,38,0
"Pasquotank County","Pasquotank County, North Carolina","G3701390","3701390","11","37139","37","139",11596,10712,884,6423,6031,392,5173,4681,492,7562,7154,408,3925,3449,476,0,0,0,120,110,10
"Pender County","Pender County, North Carolina","G3701410","3701410","11","37141","37","141",9334,8694,640,5395,5097,298,3939,3597,342,6246,5968,278,3064,2702,362,0,0,0,25,16,9
"Perquimans County","Perquimans County, North Carolina","G3701430","3701430","11","37143","37","143",3718,3437,281,2260,2149,111,1458,1288,170,2488,2365,123,1230,1072,158,0,0,0,36,23,13
"Person County","Person County, North Carolina","G3701450","3701450","11","37145","37","145",13570,12538,1032,7689,7151,538,5881,5387,494,9758,9232,526,3722,3222,500,72,66,6,114,114,0
"Pitt County","Pitt County, North Carolina","G3701470","3701470","11","37147","37","147",42537,39732,2805,23093,21688,1405,19444,18044,1400,30210,29135,1075,12108,10393,1715,43,34,9,377,343,34
"Polk County","Polk County, North Carolina","G3701490","3701490","11","37149","37","149",5604,5319,285,3231,3062,169,2373,2257,116,5094,4886,208,475,398,77,13,13,0,38,36,2
"Randolph County","Randolph County, North Carolina","G3701510","3701510","11","37151","37","151",49358,47517,1841,26977,26023,954,22381,21494,887,46477,44832,1645,2612,2421,191,179,179,0,203,186,17
"Richmond County","Richmond County, North Carolina","G3701530","3701530","11","37153","37","153",20208,18625,1583,10883,10148,735,9325,8477,848,15565,14611,954,4437,3864,573,189,133,56,83,83,0
"Robeson County","Robeson County, North Carolina","G3701550","3701550","11","37155","37","155",42089,39189,2900,22666,20980,1686,19423,18209,1214,19204,18358,846,8974,8031,943,13775,12683,1092,403,370,33
"Rockingham County","Rockingham County, North Carolina","G3701570","3701570","11","37157","37","157",40625,38059,2566,22006,20759,1247,18619,17300,1319,33083,31273,1810,7359,6616,743,32,19,13,391,346,45
"Rowan County","Rowan County, North Carolina","G3701590","3701590","11","37159","37","159",49298,47256,2042,27038,26108,930,22260,21148,1112,42033,40616,1417,6975,6364,611,114,100,14,260,246,14
"Rutherford County","Rutherford County, North Carolina","G3701610","3701610","11","37161","37","161",25048,23666,1382,13950,13227,723,11098,10439,659,22410,21296,1114,2585,2317,268,0,0,0,169,155,14
"Sampson County","Sampson County, North Carolina","G3701630","3701630","11","37163","37","163",22325,20494,1831,12405,11621,784,9920,8873,1047,15459,14557,902,6461,5561,900,374,345,29,192,171,21
"Scotland County","Scotland County, North Carolina","G3701650","3701650","11","37165","37","165",14465,13307,1158,7638,7020,618,6827,6287,540,9154,8704,450,4554,3952,602,712,606,106,116,109,7
"Stanly County","Stanly County, North Carolina","G3701670","3701670","11","37167","37","167",24559,23573,986,13425,13043,382,11134,10530,604,22086,21335,751,2403,2168,235,0,0,0,140,140,0
"Stokes County","Stokes County, North Carolina","G3701690","3701690","11","37169","37","169",15367,14592,775,8659,8237,422,6708,6355,353,14438,13781,657,911,799,112,0,0,0,58,52,6
"Surry County","Surry County, North Carolina","G3701710","3701710","11","37171","37","171",28576,27030,1546,15656,14697,959,12920,12333,587,27087,25705,1382,1389,1225,164,34,34,0,203,188,15
"Swain County","Swain County, North Carolina","G3701730","3701730","11","37173","37","173",4170,3719,451,2321,2073,248,1849,1646,203,3194,2876,318,0,0,0,932,806,126,0,0,0
"Transylvania County","Transylvania County, North Carolina","G3701750","3701750","11","37175","37","175",10048,9505,543,6007,5728,279,4041,3777,264,9546,9032,514,473,444,29,0,0,0,32,32,0
"Tyrrell County","Tyrrell County, North Carolina","G3701770","3701770","11","37177","37","177",1577,1321,256,918,780,138,659,541,118,955,850,105,0,0,0,0,0,0,0,0,0
"Union County","Union County, North Carolina","G3701790","3701790","11","37179","37","179",34604,33465,1139,19549,19012,537,15055,14453,602,29440,28705,735,4977,4586,391,115,108,7,231,231,0
"Vance County","Vance County, North Carolina","G3701810","3701810","11","37181","37","181",15812,14373,1439,8607,7957,650,7205,6416,789,9662,9111,551,6086,5204,882,39,33,6,123,116,7
"Wake County","Wake County, North Carolina","G3701830","3701830","11","37183","37","183",159713,154351,5362,87085,84514,2571,72628,69837,2791,128105,124891,3214,30103,28027,2076,203,186,17,1008,951,57
"Warren County","Warren County, North Carolina","G3701850","3701850","11","37185","37","185",6501,5910,591,3661,3328,333,2840,2582,258,2671,2559,112,3532,3072,460,262,243,19,35,35,0
"Washington County","Washington County, North Carolina","G3701870","3701870","11","37187","37","187",5901,5429,472,3548,3331,217,2353,2098,255,3763,3593,170,2131,1829,302,0,0,0,15,13,2
"Watauga County","Watauga County, North Carolina","G3701890","3701890","11","37189","37","189",14200,13179,1021,7879,7269,610,6321,5910,411,14014,13005,1009,144,132,12,0,0,0,70,70,0
"Wayne County","Wayne County, North Carolina","G3701910","3701910","11","37191","37","191",40148,37472,2676,21400,20392,1008,18748,17080,1668,27937,26536,1401,11827,10596,1231,106,93,13,380,359,21
"Wilkes County","Wilkes County, North Carolina","G3701930","3701930","11","37193","37","193",29075,27657,1418,16406,15589,817,12669,12068,601,27574,26287,1287,1422,1291,131,0,0,0,199,187,12
"Wilson County","Wilson County, North Carolina","G3701950","3701950","11","37195","37","195",29620,27406,2214,16299,15470,829,13321,11936,1385,20355,19586,769,9167,7733,1434,24,24,0,160,142,18
"Yadkin County","Yadkin County, North Carolina","G3701970","3701970","11","37197","37","197",13752,13100,652,7859,7535,324,5893,5565,328,13166,12540,626,542,522,20,0,0,0,64,64,0
"Yancey County","Yancey County, North Carolina","G3701990","3701990","11","37199","37","199",6220,5717,503,3612,3315,297,2608,2402,206,6122,5629,493,77,67,10,0,0,0,31,31,0
"Adams County","Adams County, North Dakota","G3800010","3800010","11","38001","38","001",1657,1621,36,1015,995,20,642,626,16,1652,1616,36,0,0,0,0,0,0,0,0,0
"Barnes County","Barnes County, North Dakota","G3800030","3800030","11","38003","38","003",5885,5553,332,3698,3480,218,2187,2073,114,5873,5541,332,0,0,0,10,10,0,0,0,0
"Benson County","Benson County, North Dakota","G3800050","3800050","11","38005","38","005",2723,2547,176,1833,1708,125,890,839,51,2175,2056,119,0,0,0,544,487,57,0,0,0
"Billings County","Billings County, North Dakota","G3800070","3800070","11","38007","38","007",522,512,10,387,381,6,135,131,4,0,0,0,0,0,0,0,0,0,0,0,0
"Bottineau County","Bottineau County, North Dakota","G3800090","3800090","11","38009","38","009",3482,3222,260,2262,2080,182,1220,1142,78,3448,3197,251,0,0,0,24,15,9,0,0,0
"Bowman County","Bowman County, North Dakota","G3800110","3800110","11","38011","38","011",1983,1944,39,1252,1224,28,731,720,11,1978,1939,39,0,0,0,0,0,0,0,0,0
"Burke County","Burke County, North Dakota","G3800130","3800130","11","38013","38","013",1366,1314,52,1000,955,45,366,359,7,1355,1303,52,0,0,0,0,0,0,0,0,0
"Burleigh County","Burleigh County, North Dakota","G3800150","3800150","11","38015","38","015",28673,27368,1305,16002,15115,887,12671,12253,418,28290,27024,1266,11,11,0,256,217,39,81,73,8
"Cass County","Cass County, North Dakota","G3800170","3800170","11","38017","38","017",45812,43138,2674,25903,24134,1769,19909,19004,905,45320,42664,2656,30,30,0,216,205,11,145,144,1
"Cavalier County","Cavalier County, North Dakota","G3800190","3800190","11","38019","38","019",2701,2575,126,1804,1702,102,897,873,24,2687,2561,126,0,0,0,0,0,0,0,0,0
"Dickey County","Dickey County, North Dakota","G3800210","3800210","11","38021","38","021",3161,3052,109,1913,1855,58,1248,1197,51,3146,3037,109,0,0,0,0,0,0,0,0,0
"Divide County","Divide County, North Dakota","G3800230","3800230","11","38023","38","023",1384,1357,27,973,954,19,411,403,8,0,0,0,0,0,0,0,0,0,0,0,0
"Dunn County","Dunn County, North Dakota","G3800250","3800250","11","38025","38","025",2007,1949,58,1467,1433,34,540,516,24,1814,1785,29,0,0,0,186,157,29,9,9,0
"Eddy County","Eddy County, North Dakota","G3800270","3800270","11","38027","38","027",1441,1302,139,954,837,117,487,465,22,1423,1286,137,0,0,0,0,0,0,0,0,0
"Emmons County","Emmons County, North Dakota","G3800290","3800290","11","38029","38","029",2137,2062,75,1385,1329,56,752,733,19,2137,2062,75,0,0,0,0,0,0,0,0,0
"Foster County","Foster County, North Dakota","G3800310","3800310","11","38031","38","031",2003,1921,82,1263,1219,44,740,702,38,0,0,0,0,0,0,0,0,0,0,0,0
"Golden Valley County","Golden Valley County, North Dakota","G3800330","3800330","11","38033","38","033",897,885,12,591,589,2,306,296,10,891,879,12,0,0,0,0,0,0,0,0,0
"Grand Forks County","Grand Forks County, North Dakota","G3800350","3800350","11","38035","38","035",28142,26303,1839,15288,14156,1132,12854,12147,707,27335,25648,1687,217,167,50,182,127,55,278,220,58
"Grant County","Grant County, North Dakota","G3800370","3800370","11","38037","38","037",1901,1868,33,1222,1195,27,679,673,6,1896,1865,31,0,0,0,0,0,0,0,0,0
"Griggs County","Griggs County, North Dakota","G3800390","3800390","11","38039","38","039",1558,1534,24,1065,1043,22,493,491,2,1552,1528,24,0,0,0,0,0,0,0,0,0
"Hettinger County","Hettinger County, North Dakota","G3800410","3800410","11","38041","38","041",1915,1886,29,1193,1168,25,722,718,4,0,0,0,0,0,0,0,0,0,0,0,0
"Kidder County","Kidder County, North Dakota","G3800430","3800430","11","38043","38","043",1546,1484,62,1058,1017,41,488,467,21,1542,1480,62,0,0,0,0,0,0,0,0,0
"La Moure County","La Moure County, North Dakota","G3800450","3800450","11","38045","38","045",2476,2389,87,1688,1622,66,788,767,21,2465,2378,87,0,0,0,0,0,0,0,0,0
"Logan County","Logan County, North Dakota","G3800470","3800470","11","38047","38","047",1388,1339,49,930,893,37,458,446,12,0,0,0,0,0,0,0,0,0,0,0,0
"Mchenry County","Mchenry County, North Dakota","G3800490","3800490","11","38049","38","049",2938,2684,254,2069,1879,190,869,805,64,2931,2677,254,0,0,0,0,0,0,0,0,0
"Mcintosh County","Mcintosh County, North Dakota","G3800510","3800510","11","38051","38","051",2098,2047,51,1275,1243,32,823,804,19,2092,2041,51,0,0,0,0,0,0,0,0,0
"Mckenzie County","Mckenzie County, North Dakota","G3800530","3800530","11","38053","38","053",3119,2964,155,2113,2024,89,1006,940,66,2768,2705,63,0,0,0,336,246,90,17,15,2
"Mclean County","Mclean County, North Dakota","G3800550","3800550","11","38055","38","055",4726,4422,304,3259,3029,230,1467,1393,74,4598,4326,272,0,0,0,124,92,32,4,4,0
"Mercer County","Mercer County, North Dakota","G3800570","3800570","11","38057","38","057",4252,4029,223,2969,2805,164,1283,1224,59,4189,3977,212,0,0,0,48,37,11,0,0,0
"Morton County","Morton County, North Dakota","G3800590","3800590","11","38059","38","059",11682,10843,839,7110,6589,521,4572,4254,318,11594,10780,814,0,0,0,39,22,17,23,17,6
"Mountrail County","Mountrail County, North Dakota","G3800610","3800610","11","38061","38","061",3169,2992,177,2014,1899,115,1155,1093,62,2821,2725,96,0,0,0,346,265,81,0,0,0
"Nelson County","Nelson County, North Dakota","G3800630","3800630","11","38063","38","063",1876,1809,67,1235,1172,63,641,637,4,1876,1809,67,0,0,0,0,0,0,0,0,0
"Oliver County","Oliver County, North Dakota","G3800650","3800650","11","38065","38","065",1054,1004,50,768,733,35,286,271,15,1034,986,48,0,0,0,20,18,2,0,0,0
"Pembina County","Pembina County, North Dakota","G3800670","3800670","11","38067","38","067",4315,4083,232,2696,2559,137,1619,1524,95,4261,4035,226,0,0,0,0,0,0,49,42,7
"Pierce County","Pierce County, North Dakota","G3800690","3800690","11","38069","38","069",2522,2393,129,1554,1450,104,968,943,25,2505,2376,129,0,0,0,0,0,0,0,0,0
"Ramsey County","Ramsey County, North Dakota","G3800710","3800710","11","38071","38","071",5876,5560,316,3417,3183,234,2459,2377,82,5722,5430,292,0,0,0,129,105,24,6,6,0
"Ransom County","Ransom County, North Dakota","G3800730","3800730","11","38073","38","073",2677,2556,121,1735,1656,79,942,900,42,2671,2550,121,0,0,0,0,0,0,0,0,0
"Renville County","Renville County, North Dakota","G3800750","3800750","11","38075","38","075",1296,1245,51,886,851,35,410,394,16,1292,1241,51,0,0,0,0,0,0,0,0,0
"Richland County","Richland County, North Dakota","G3800770","3800770","11","38077","38","077",8260,7784,476,5284,4989,295,2976,2795,181,8133,7659,474,0,0,0,112,110,2,10,10,0
"Rolette County","Rolette County, North Dakota","G3800790","3800790","11","38079","38","079",4143,3630,513,2298,1884,414,1845,1746,99,2170,2085,85,0,0,0,1969,1545,424,4,0,4
"Sargent County","Sargent County, North Dakota","G3800810","3800810","11","38081","38","081",2311,2230,81,1574,1533,41,737,697,40,0,0,0,0,0,0,0,0,0,0,0,0
"Sheridan County","Sheridan County, North Dakota","G3800830","3800830","11","38083","38","083",1179,1142,37,768,744,24,411,398,13,0,0,0,0,0,0,0,0,0,0,0,0
"Sioux County","Sioux County, North Dakota","G3800850","3800850","11","38085","38","085",1384,1153,231,828,708,120,556,445,111,548,525,23,0,0,0,831,623,208,0,0,0
"Slope County","Slope County, North Dakota","G3800870","3800870","11","38087","38","087",491,489,2,347,345,2,144,144,0,491,489,2,0,0,0,0,0,0,0,0,0
"Stark County","Stark County, North Dakota","G3800890","3800890","11","38089","38","089",11103,10877,226,6803,6680,123,4300,4197,103,11022,10801,221,0,0,0,17,17,0,46,41,5
"Steele County","Steele County, North Dakota","G3800910","3800910","11","38091","38","091",1235,1206,29,880,861,19,355,345,10,1235,1206,29,0,0,0,0,0,0,0,0,0
"Stutsman County","Stutsman County, North Dakota","G3800930","3800930","11","38093","38","093",11168,10508,660,6696,6258,438,4472,4250,222,11046,10389,657,41,41,0,8,8,0,54,51,3
"Towner County","Towner County, North Dakota","G3800950","3800950","11","38095","38","095",1481,1462,19,944,934,10,537,528,9,1464,1445,19,0,0,0,0,0,0,0,0,0
"Traill County","Traill County, North Dakota","G3800970","3800970","11","38097","38","097",3966,3750,216,2478,2351,127,1488,1399,89,3925,3713,212,0,0,0,0,0,0,43,38,5
"Walsh County","Walsh County, North Dakota","G3800990","3800990","11","38099","38","099",6112,5765,347,3853,3607,246,2259,2158,101,6063,5724,339,0,0,0,19,19,0,33,24,9
"Ward County","Ward County, North Dakota","G3801010","3801010","11","38101","38","101",23279,21711,1568,13128,12169,959,10151,9542,609,22801,21295,1506,182,160,22,160,130,30,127,105,22
"Wells County","Wells County, North Dakota","G3801030","3801030","11","38103","38","103",2604,2502,102,1728,1658,70,876,844,32,2602,2500,102,0,0,0,0,0,0,0,0,0
"Williams County","Williams County, North Dakota","G3801050","3801050","11","38105","38","105",10935,10655,280,6972,6789,183,3963,3866,97,10607,10336,271,0,0,0,302,293,9,39,39,0
"Adams County","Adams County, Ohio","G3900010","3900010","11","39001","39","001",8712,7380,1332,5654,4722,932,3058,2658,400,8692,7366,1326,0,0,0,0,0,0,33,31,2
"Allen County","Allen County, Ohio","G3900030","3900030","11","39003","39","003",50915,45956,4959,30044,26846,3198,20871,19110,1761,46484,42326,4158,4099,3332,767,73,64,9,426,374,52
"Ashland County","Ashland County, Ohio","G3900050","3900050","11","39005","39","005",21798,20332,1466,12707,11779,928,9091,8553,538,21553,20117,1436,158,136,22,5,3,2,78,72,6
"Ashtabula County","Ashtabula County, Ohio","G3900070","3900070","11","39007","39","007",45975,41427,4548,27800,25087,2713,18175,16340,1835,44429,40165,4264,1179,947,232,90,73,17,455,414,41
"Athens County","Athens County, Ohio","G3900090","3900090","11","39009","39","009",22039,20038,2001,12544,11281,1263,9495,8757,738,21211,19255,1956,521,489,32,34,32,2,161,132,29
"Auglaize County","Auglaize County, Ohio","G3900110","3900110","11","39011","39","011",19788,18263,1525,11754,10932,822,8034,7331,703,19744,18230,1514,4,4,0,0,0,0,31,31,0
"Belmont County","Belmont County, Ohio","G3900130","3900130","11","39013","39","013",34472,31623,2849,21636,19632,2004,12836,11991,845,33697,30936,2761,667,589,78,13,9,4,133,106,27
"Brown County","Brown County, Ohio","G3900150","3900150","11","39015","39","015",13051,11753,1298,8096,7321,775,4955,4432,523,12906,11629,1277,127,113,14,11,4,7,38,24,14
"Butler County","Butler County, Ohio","G3900170","3900170","11","39017","39","017",117262,108051,9211,69873,64293,5580,47389,43758,3631,111381,103135,8246,5173,4265,908,154,140,14,584,497,87
"Carroll County","Carroll County, Ohio","G3900190","3900190","11","39019","39","019",10537,9718,819,6818,6295,523,3719,3423,296,10472,9658,814,32,32,0,0,0,0,28,28,0
"Champaign County","Champaign County, Ohio","G3900210","3900210","11","39021","39","021",15529,14434,1095,9203,8542,661,6326,5892,434,15055,13988,1067,437,412,25,22,22,0,69,65,4
"Clark County","Clark County, Ohio","G3900230","3900230","11","39023","39","023",66446,60370,6076,38697,34735,3962,27749,25635,2114,60691,55582,5109,5450,4536,914,116,77,39,464,403,61
"Clermont County","Clermont County, Ohio","G3900250","3900250","11","39025","39","025",59279,54322,4957,36340,33329,3011,22939,20993,1946,58655,53765,4890,423,375,48,61,55,6,243,236,7
"Clinton County","Clinton County, Ohio","G3900270","3900270","11","39027","39","027",15596,14337,1259,9424,8720,704,6172,5617,555,15198,13969,1229,357,332,25,0,0,0,143,136,7
"Columbiana County","Columbiana County, Ohio","G3900290","3900290","11","39029","39","029",49458,45702,3756,31090,28876,2214,18368,16826,1542,48770,45088,3682,526,460,66,71,63,8,128,125,3
"Coshocton County","Coshocton County, Ohio","G3900310","3900310","11","39031","39","031",15832,14746,1086,9645,9007,638,6187,5739,448,15588,14539,1049,173,156,17,0,0,0,46,41,5
"Crawford County","Crawford County, Ohio","G3900330","3900330","11","39033","39","033",22783,20451,2332,13606,12117,1489,9177,8334,843,22505,20262,2243,169,117,52,59,37,22,92,81,11
"Cuyahoga County","Cuyahoga County, Ohio","G3900350","3900350","11","39035","39","035",709281,658834,50447,402744,371595,31149,306537,287239,19298,553858,523273,30585,144389,125496,18893,963,834,129,9503,8421,1082
"Darke County","Darke County, Ohio","G3900370","3900370","11","39037","39","037",24258,22302,1956,14422,13349,1073,9836,8953,883,24102,22172,1930,48,38,10,21,17,4,102,89,13
"Defiance County","Defiance County, Ohio","G3900390","3900390","11","39039","39","039",18054,16338,1716,11090,10132,958,6964,6206,758,17442,15829,1613,95,78,17,50,48,2,847,704,143
"Delaware County","Delaware County, Ohio","G3900410","3900410","11","39041","39","041",25713,24386,1327,15204,14408,796,10509,9978,531,25032,23764,1268,570,512,58,19,19,0,108,107,1
"Erie County","Erie County, Ohio","G3900430","3900430","11","39043","39","043",37377,33813,3564,22046,19806,2240,15331,14007,1324,34389,31429,2960,2716,2168,548,47,33,14,479,411,68
"Fairfield County","Fairfield County, Ohio","G3900450","3900450","11","39045","39","045",42309,39730,2579,25424,24005,1419,16885,15725,1160,41959,39413,2546,145,140,5,60,56,4,126,124,2
"Fayette County","Fayette County, Ohio","G3900470","3900470","11","39047","39","047",11706,10489,1217,7120,6305,815,4586,4184,402,11290,10154,1136,341,272,69,0,0,0,101,64,37
"Franklin County","Franklin County, Ohio","G3900490","3900490","11","39049","39","049",433010,408874,24136,240222,225827,14395,192788,183047,9741,371116,353350,17766,56921,50871,6050,637,557,80,3187,2897,290
"Fulton County","Fulton County, Ohio","G3900510","3900510","11","39051","39","051",17734,15958,1776,10549,9642,907,7185,6316,869,17398,15688,1710,0,0,0,0,0,0,629,515,114
"Gallia County","Gallia County, Ohio","G3900530","3900530","11","39053","39","053",12251,11247,1004,7402,6683,719,4849,4564,285,11850,10872,978,321,297,24,28,26,2,83,70,13
"Geauga County","Geauga County, Ohio","G3900550","3900550","11","39055","39","055",35347,33599,1748,21947,20851,1096,13400,12748,652,34758,33064,1694,431,382,49,0,0,0,130,123,7
"Greene County","Greene County, Ohio","G3900570","3900570","11","39057","39","057",58010,53055,4955,33401,30474,2927,24609,22581,2028,53980,49616,4364,3376,2859,517,77,77,0,256,212,44
"Guernsey County","Guernsey County, Ohio","G3900590","3900590","11","39059","39","059",17912,16313,1599,10499,9415,1084,7413,6898,515,17586,16063,1523,249,187,62,35,25,10,51,41,10
"Hamilton County","Hamilton County, Ohio","G3900610","3900610","11","39061","39","061",409000,381714,27286,231865,216485,15380,177135,165229,11906,337164,319786,17378,68505,58861,9644,593,486,107,2309,2077,232
"Hancock County","Hancock County, Ohio","G3900630","3900630","11","39063","39","063",30907,29162,1745,17922,16855,1067,12985,12307,678,30290,28632,1658,183,151,32,101,93,8,583,492,91
"Hardin County","Hardin County, Ohio","G3900650","3900650","11","39065","39","065",14093,12808,1285,8591,7819,772,5502,4989,513,13915,12636,1279,137,133,4,0,0,0,27,16,11
"Harrison County","Harrison County, Ohio","G3900670","3900670","11","39067","39","067",7016,6213,803,4604,3949,655,2412,2264,148,6842,6041,801,165,165,0,0,0,0,24,22,2
"Henry County","Henry County, Ohio","G3900690","3900690","11","39069","39","069",12977,11996,981,7816,7217,599,5161,4779,382,12712,11776,936,11,11,0,16,16,0,448,366,82
"Highland County","Highland County, Ohio","G3900710","3900710","11","39071","39","071",13558,12284,1274,8189,7509,680,5369,4775,594,13284,12050,1234,248,211,37,19,16,3,47,44,3
"Hocking County","Hocking County, Ohio","G3900730","3900730","11","39073","39","073",9851,8910,941,6088,5423,665,3763,3487,276,9746,8811,935,85,81,4,0,0,0,65,50,15
"Holmes County","Holmes County, Ohio","G3900750","3900750","11","39075","39","075",11792,11460,332,7530,7317,213,4262,4143,119,11759,11429,330,0,0,0,23,21,2,63,63,0
"Huron County","Huron County, Ohio","G3900770","3900770","11","39077","39","077",24515,22209,2306,14715,13208,1507,9800,9001,799,24138,21897,2241,202,161,41,16,12,4,338,281,57
"Jackson County","Jackson County, Ohio","G3900790","3900790","11","39079","39","079",11744,10320,1424,7271,6302,969,4473,4018,455,11615,10211,1404,118,98,20,0,0,0,53,45,8
"Jefferson County","Jefferson County, Ohio","G3900810","3900810","11","39081","39","081",37070,34078,2992,23915,21915,2000,13155,12163,992,34942,32294,2648,1913,1585,328,40,28,12,132,123,9
"Knox County","Knox County, Ohio","G3900830","3900830","11","39083","39","083",19925,18560,1365,11822,11002,820,8103,7558,545,19757,18408,1349,115,103,12,20,16,4,31,31,0
"Lake County","Lake County, Ohio","G3900850","3900850","11","39085","39","085",107070,101500,5570,63113,59857,3256,43957,41643,2314,104916,99518,5398,1341,1248,93,145,121,24,538,513,25
"Lawrence County","Lawrence County, Ohio","G3900870","3900870","11","39087","39","087",24045,21415,2630,15287,13391,1896,8758,8024,734,23412,20878,2534,573,502,71,46,21,25,60,60,0
"Licking County","Licking County, Ohio","G3900890","3900890","11","39089","39","089",55600,51697,3903,33233,30870,2363,22367,20827,1540,54444,50705,3739,946,802,144,80,65,15,247,235,12
"Logan County","Logan County, Ohio","G3900910","3900910","11","39091","39","091",17119,15743,1376,10221,9385,836,6898,6358,540,16674,15374,1300,366,297,69,32,25,7,81,61,20
"Lorain County","Lorain County, Ohio","G3900930","3900930","11","39093","39","093",123677,111440,12237,75228,67369,7859,48449,44071,4378,112585,102284,10301,7946,6579,1367,261,202,59,4872,4092,780
"Lucas County","Lucas County, Ohio","G3900950","3900950","11","39095","39","095",217724,192737,24987,125793,109641,16152,91931,83096,8835,188261,169682,18579,25239,19595,5644,528,423,105,4803,3740,1063
"Madison County","Madison County, Ohio","G3900970","3900970","11","39097","39","097",14344,13335,1009,8513,7921,592,5831,5414,417,13919,12982,937,349,295,54,28,17,11,30,26,4
"Mahoning County","Mahoning County, Ohio","G3900990","3900990","11","39099","39","099",126270,111470,14800,75918,66434,9484,50352,45036,5316,110243,99320,10923,14812,11229,3583,163,108,55,2133,1638,495
"Marion County","Marion County, Ohio","G3901010","3901010","11","39101","39","101",30582,28115,2467,18222,16685,1537,12360,11430,930,29816,27471,2345,640,540,100,60,49,11,121,99,22
"Medina County","Medina County, Ohio","G3901030","3901030","11","39103","39","103",53692,49815,3877,33001,30599,2402,20691,19216,1475,53066,49271,3795,426,374,52,56,56,0,294,264,30
"Meigs County","Meigs County, Ohio","G3901050","3901050","11","39105","39","105",8402,7441,961,5676,4987,689,2726,2454,272,8298,7345,953,85,80,5,11,8,3,41,37,4
"Mercer County","Mercer County, Ohio","G3901070","3901070","11","39107","39","107",17545,16551,994,10473,9949,524,7072,6602,470,17434,16452,982,0,0,0,32,25,7,132,118,14
"Miami County","Miami County, Ohio","G3901090","3901090","11","39109","39","109",42215,39755,2460,24859,23369,1490,17356,16386,970,41335,38960,2375,724,644,80,42,42,0,160,141,19
"Monroe County","Monroe County, Ohio","G3901110","3901110","11","39111","39","111",6487,5880,607,4525,4114,411,1962,1766,196,6481,5874,607,0,0,0,0,0,0,0,0,0
"Montgomery County","Montgomery County, Ohio","G3901130","3901130","11","39113","39","113",265348,241075,24273,149920,135327,14593,115428,105748,9680,224111,206964,17147,39066,32224,6842,374,313,61,1669,1441,228
"Morgan County","Morgan County, Ohio","G3901150","3901150","11","39115","39","115",5317,4719,598,3395,3022,373,1922,1697,225,5104,4561,543,177,134,43,15,9,6,30,23,7
"Morrow County","Morrow County, Ohio","G3901170","3901170","11","39117","39","117",11361,10534,827,7131,6575,556,4230,3959,271,11302,10482,820,18,18,0,0,0,0,26,17,9
"Muskingum County","Muskingum County, Ohio","G3901190","3901190","11","39119","39","119",35879,32745,3134,21281,19352,1929,14598,13393,1205,34377,31439,2938,1363,1191,172,53,42,11,60,46,14
"Noble County","Noble County, Ohio","G3901210","3901210","11","39121","39","121",4448,3959,489,2907,2576,331,1541,1383,158,4433,3953,480,0,0,0,0,0,0,0,0,0
"Ottawa County","Ottawa County, Ohio","G3901230","3901230","11","39123","39","123",18285,16371,1914,11164,9924,1240,7121,6447,674,17992,16141,1851,79,56,23,24,22,2,560,451,109
"Paulding County","Paulding County, Ohio","G3901250","3901250","11","39125","39","125",9200,8141,1059,5770,5183,587,3430,2958,472,9019,7983,1036,82,80,2,0,0,0,162,132,30
"Perry County","Perry County, Ohio","G3901270","3901270","11","39127","39","127",12297,10975,1322,7787,6998,789,4510,3977,533,12271,10953,1318,15,15,0,0,0,0,52,50,2
"Pickaway County","Pickaway County, Ohio","G3901290","3901290","11","39129","39","129",18669,17323,1346,11328,10527,801,7341,6796,545,18416,17087,1329,185,168,17,26,26,0,99,83,16
"Pike County","Pike County, Ohio","G3901310","3901310","11","39131","39","131",8243,7118,1125,5232,4426,806,3011,2692,319,8116,7016,1100,69,54,15,25,17,8,37,25,12
"Portage County","Portage County, Ohio","G3901330","3901330","11","39133","39","133",65020,59561,5459,38878,35326,3552,26142,24235,1907,62886,57693,5193,1604,1398,206,83,63,20,296,290,6
"Preble County","Preble County, Ohio","G3901350","3901350","11","39135","39","135",17076,15819,1257,10522,9716,806,6554,6103,451,16931,15689,1242,110,103,7,25,17,8,31,31,0
"Putnam County","Putnam County, Ohio","G3901370","3901370","11","39137","39","137",14601,13495,1106,8898,8221,677,5703,5274,429,14310,13276,1034,0,0,0,0,0,0,446,348,98
"Richland County","Richland County, Ohio","G3901390","3901390","11","39139","39","139",60200,55230,4970,35614,32527,3087,24586,22703,1883,56282,51932,4350,3623,3016,607,101,96,5,372,338,34
"Ross County","Ross County, Ohio","G3901410","3901410","11","39141","39","141",26781,24444,2337,16226,14729,1497,10555,9715,840,25533,23324,2209,1085,974,111,45,36,9,98,78,20
"Sandusky County","Sandusky County, Ohio","G3901430","3901430","11","39143","39","143",29621,26924,2697,17853,16354,1499,11768,10570,1198,28470,25991,2479,608,484,124,58,50,8,1221,1029,192
"Scioto County","Scioto County, Ohio","G3901450","3901450","11","39145","39","145",29837,26236,3601,18540,15983,2557,11297,10253,1044,29183,25651,3532,500,445,55,64,52,12,107,90,17
"Seneca County","Seneca County, Ohio","G3901470","3901470","11","39147","39","147",27700,25189,2511,16505,14999,1506,11195,10190,1005,26861,24541,2320,517,363,154,20,20,0,508,428,80
"Shelby County","Shelby County, Ohio","G3901490","3901490","11","39149","39","149",19961,18632,1329,11902,11161,741,8059,7471,588,19745,18447,1298,176,145,31,0,0,0,41,41,0
"Stark County","Stark County, Ohio","G3901510","3901510","11","39151","39","151",173549,160135,13414,103582,95728,7854,69967,64407,5560,162745,150936,11809,10022,8483,1539,202,161,41,1247,1161,86
"Summit County","Summit County, Ohio","G3901530","3901530","11","39153","39","153",244560,224916,19644,143829,131531,12298,100731,93385,7346,220189,204675,15514,22732,18720,4012,307,259,48,1017,919,98
"Trumbull County","Trumbull County, Ohio","G3901550","3901550","11","39155","39","155",109596,98312,11284,66261,59620,6641,43335,38692,4643,102871,92955,9916,6199,4891,1308,101,90,11,551,476,75
"Tuscarawas County","Tuscarawas County, Ohio","G3901570","3901570","11","39157","39","157",37314,34101,3213,23038,21140,1898,14276,12961,1315,36815,33666,3149,334,285,49,0,0,0,123,123,0
"Union County","Union County, Ohio","G3901590","3901590","11","39159","39","159",13502,12726,776,8127,7717,410,5375,5009,366,13325,12566,759,108,92,16,0,0,0,49,46,3
"Van Wert County","Van Wert County, Ohio","G3901610","3901610","11","39161","39","161",14146,13065,1081,8392,7731,661,5754,5334,420,13992,12942,1050,42,36,6,0,0,0,131,113,18
"Vinton County","Vinton County, Ohio","G3901630","3901630","11","39163","39","163",4152,3780,372,2755,2497,258,1397,1283,114,4142,3770,372,0,0,0,0,0,0,0,0,0
"Warren County","Warren County, Ohio","G3901650","3901650","11","39165","39","165",44533,41010,3523,27165,24972,2193,17368,16038,1330,44026,40559,3467,319,282,37,52,41,11,134,117,17
"Washington County","Washington County, Ohio","G3901670","3901670","11","39167","39","167",27930,25700,2230,17407,15869,1538,10523,9831,692,27381,25206,2175,407,378,29,0,0,0,61,53,8
"Wayne County","Wayne County, Ohio","G3901690","3901690","11","39169","39","169",46251,43493,2758,27848,26202,1646,18403,17291,1112,45449,42788,2661,595,517,78,14,14,0,177,166,11
"Williams County","Williams County, Ohio","G3901710","3901710","11","39171","39","171",17485,16027,1458,10314,9544,770,7171,6483,688,17290,15850,1440,0,0,0,22,18,4,330,303,27
"Wood County","Wood County, Ohio","G3901730","3901730","11","39173","39","173",50481,46684,3797,28854,26440,2414,21627,20244,1383,48983,45351,3632,573,494,79,88,86,2,1004,894,110
"Wyandot County","Wyandot County, Ohio","G3901750","3901750","11","39175","39","175",10356,9554,802,6186,5718,468,4170,3836,334,10277,9475,802,0,0,0,0,0,0,85,80,5
"Adair County","Adair County, Oklahoma","G4000010","4000010","11","40001","40","001",6686,6167,519,3892,3543,349,2794,2624,170,4749,4504,245,0,0,0,1914,1643,271,47,32,15
"Alfalfa County","Alfalfa County, Oklahoma","G4000030","4000030","11","40003","40","003",2933,2902,31,1852,1838,14,1081,1064,17,2919,2888,31,0,0,0,0,0,0,15,15,0
"Atoka County","Atoka County, Oklahoma","G4000050","4000050","11","40005","40","005",4299,3911,388,2627,2385,242,1672,1526,146,3806,3482,324,128,122,6,349,291,58,24,18,6
"Beaver County","Beaver County, Oklahoma","G4000070","4000070","11","40007","40","007",3007,2959,48,1951,1928,23,1056,1031,25,2960,2912,48,0,0,0,39,39,0,17,16,1
"Beckham County","Beckham County, Oklahoma","G4000090","4000090","11","40009","40","009",7832,7578,254,5003,4854,149,2829,2724,105,7520,7299,221,137,109,28,66,63,3,177,175,2
"Blaine County","Blaine County, Oklahoma","G4000110","4000110","11","40011","40","011",5597,5461,136,3457,3378,79,2140,2083,57,5077,4989,88,228,227,1,250,203,47,73,73,0
"Bryan County","Bryan County, Oklahoma","G4000130","4000130","11","40013","40","013",12450,11699,751,7254,6870,384,5196,4829,367,11377,10726,651,209,191,18,754,699,55,119,106,13
"Caddo County","Caddo County, Oklahoma","G4000150","4000150","11","40015","40","015",11726,11176,550,7031,6725,306,4695,4451,244,9744,9484,260,315,274,41,1474,1228,246,332,302,30
"Canadian County","Canadian County, Oklahoma","G4000170","4000170","11","40017","40","017",25952,25308,644,15640,15251,389,10312,10057,255,24467,23908,559,421,395,26,758,701,57,323,309,14
"Carter County","Carter County, Oklahoma","G4000190","4000190","11","40019","40","019",18630,17997,633,11101,10764,337,7529,7233,296,16315,15877,438,1261,1133,128,922,855,67,175,169,6
"Cherokee County","Cherokee County, Oklahoma","G4000210","4000210","11","40021","40","021",11774,10769,1005,6642,5963,679,5132,4806,326,8817,8178,639,99,70,29,2815,2478,337,60,60,0
"Choctaw County","Choctaw County, Oklahoma","G4000230","4000230","11","40023","40","023",6047,5570,477,3652,3407,245,2395,2163,232,4945,4626,319,591,510,81,497,424,73,60,48,12
"Cimarron County","Cimarron County, Oklahoma","G4000250","4000250","11","40025","40","025",1635,1596,39,1040,1019,21,595,577,18,1584,1545,39,0,0,0,8,8,0,97,85,12
"Cleveland County","Cleveland County, Oklahoma","G4000270","4000270","11","40027","40","027",66413,64097,2316,38090,36936,1154,28323,27161,1162,62368,60214,2154,931,893,38,1905,1844,61,1107,1048,59
"Coal County","Coal County, Oklahoma","G4000290","4000290","11","40029","40","029",1996,1838,158,1204,1078,126,792,760,32,1778,1656,122,0,0,0,191,155,36,16,16,0
"Comanche County","Comanche County, Oklahoma","G4000310","4000310","11","40031","40","031",38050,34986,3064,20522,19107,1415,17528,15879,1649,30951,29025,1926,4153,3373,780,1370,1202,168,1555,1333,222
"Cotton County","Cotton County, Oklahoma","G4000330","4000330","11","40033","40","033",2874,2734,140,1827,1732,95,1047,1002,45,2641,2527,114,68,59,9,140,123,17,75,59,16
"Craig County","Craig County, Oklahoma","G4000350","4000350","11","40035","40","035",5843,5526,317,3454,3271,183,2389,2255,134,4971,4748,223,203,188,15,650,578,72,12,12,0
"Creek County","Creek County, Oklahoma","G4000370","4000370","11","40037","40","037",25229,24219,1010,15444,14842,602,9785,9377,408,23094,22213,881,641,587,54,1360,1285,75,235,235,0
"Custer County","Custer County, Oklahoma","G4000390","4000390","11","40039","40","039",12482,12125,357,7087,6915,172,5395,5210,185,11417,11147,270,335,311,24,431,384,47,354,324,30
"Delaware County","Delaware County, Oklahoma","G4000410","4000410","11","40041","40","041",8520,8015,505,5142,4788,354,3378,3227,151,7050,6684,366,0,0,0,1456,1317,139,55,55,0
"Dewey County","Dewey County, Oklahoma","G4000430","4000430","11","40043","40","043",2300,2252,48,1536,1505,31,764,747,17,2236,2191,45,0,0,0,48,45,3,20,20,0
"Ellis County","Ellis County, Oklahoma","G4000450","4000450","11","40045","40","045",2565,2521,44,1515,1496,19,1050,1025,25,2548,2507,41,0,0,0,13,10,3,21,19,2
"Garfield County","Garfield County, Oklahoma","G4000470","4000470","11","40047","40","047",28598,27991,607,16987,16733,254,11611,11258,353,27294,26786,508,703,633,70,311,295,16,260,251,9
"Garvin County","Garvin County, Oklahoma","G4000490","4000490","11","40049","40","049",11126,10827,299,6717,6557,160,4409,4270,139,10408,10148,260,236,225,11,386,370,16,123,119,4
"Grady County","Grady County, Oklahoma","G4000510","4000510","11","40051","40","051",16434,15931,503,10211,9942,269,6223,5989,234,15297,14846,451,535,508,27,446,421,25,203,203,0
"Grant County","Grant County, Oklahoma","G4000530","4000530","11","40053","40","053",2521,2489,32,1573,1561,12,948,928,20,2503,2471,32,0,0,0,16,16,0,0,0,0
"Greer County","Greer County, Oklahoma","G4000550","4000550","11","40055","40","055",2593,2521,72,1532,1497,35,1061,1024,37,2486,2419,67,64,64,0,9,4,5,75,75,0
"Harmon County","Harmon County, Oklahoma","G4000570","4000570","11","40057","40","057",1681,1643,38,1019,999,20,662,644,18,1530,1506,24,68,58,10,8,8,0,100,93,7
"Harper County","Harper County, Oklahoma","G4000590","4000590","11","40059","40","059",2179,2124,55,1390,1361,29,789,763,26,2153,2098,55,0,0,0,0,0,0,17,15,2
"Haskell County","Haskell County, Oklahoma","G4000610","4000610","11","40061","40","061",3785,3507,278,2393,2240,153,1392,1267,125,3475,3223,252,2,2,0,306,280,26,4,2,2
"Hughes County","Hughes County, Oklahoma","G4000630","4000630","11","40063","40","063",5220,4899,321,2986,2795,191,2234,2104,130,4456,4181,275,100,100,0,658,615,43,28,25,3
"Jackson County","Jackson County, Oklahoma","G4000650","4000650","11","40065","40","065",10217,9495,722,5364,5053,311,4853,4442,411,8889,8414,475,661,551,110,110,77,33,784,647,137
"Jefferson County","Jefferson County, Oklahoma","G4000670","4000670","11","40067","40","067",3278,3163,115,1951,1892,59,1327,1271,56,3078,2976,102,23,23,0,87,85,2,139,124,15
"Johnston County","Johnston County, Oklahoma","G4000690","4000690","11","40069","40","069",3598,3365,233,2081,1926,155,1517,1439,78,3171,3000,171,82,82,0,309,255,54,49,41,8
"Kay County","Kay County, Oklahoma","G4000710","4000710","11","40071","40","071",23044,22242,802,13705,13228,477,9339,9014,325,21435,20773,662,396,358,38,1014,922,92,331,314,17
"Kingfisher County","Kingfisher County, Oklahoma","G4000730","4000730","11","40073","40","073",6149,5998,151,3977,3900,77,2172,2098,74,5835,5710,125,149,137,12,100,95,5,99,85,14
"Kiowa County","Kiowa County, Oklahoma","G4000750","4000750","11","40075","40","075",4845,4676,169,2915,2842,73,1930,1834,96,4434,4312,122,178,158,20,81,77,4,176,149,27
"Latimer County","Latimer County, Oklahoma","G4000770","4000770","11","40077","40","077",3276,3096,180,1936,1816,120,1340,1280,60,2787,2646,141,62,62,0,411,372,39,11,11,0
"Le Flore County","Le Flore County, Oklahoma","G4000790","4000790","11","40079","40","079",14924,13539,1385,8899,8128,771,6025,5411,614,13517,12337,1180,329,262,67,1026,892,134,53,53,0
"Lincoln County","Lincoln County, Oklahoma","G4000810","4000810","11","40081","40","081",10823,10421,402,6820,6620,200,4003,3801,202,10215,9852,363,277,255,22,313,296,17,68,62,6
"Logan County","Logan County, Oklahoma","G4000830","4000830","11","40083","40","083",11504,11153,351,6651,6472,179,4853,4681,172,9988,9753,235,1224,1126,98,206,194,12,107,90,17
"Love County","Love County, Oklahoma","G4000850","4000850","11","40085","40","085",3125,3046,79,1881,1833,48,1244,1213,31,2836,2762,74,102,102,0,150,145,5,21,21,0
"Mcclain County","Mcclain County, Oklahoma","G4000870","4000870","11","40087","40","087",8716,8400,316,5288,5074,214,3428,3326,102,8320,8021,299,79,70,9,275,267,8,41,41,0
"Mccurtain County","Mccurtain County, Oklahoma","G4000890","4000890","11","40089","40","089",13121,12092,1029,8083,7375,708,5038,4717,321,10836,10084,752,1077,960,117,1125,975,150,163,153,10
"Mcintosh County","Mcintosh County, Oklahoma","G4000910","4000910","11","40091","40","091",5419,5018,401,3212,2986,226,2207,2032,175,4440,4124,316,319,302,17,655,587,68,0,0,0
"Major County","Major County, Oklahoma","G4000930","4000930","11","40093","40","093",3830,3781,49,2508,2501,7,1322,1280,42,3759,3712,47,0,0,0,56,54,2,32,32,0
"Marshall County","Marshall County, Oklahoma","G4000950","4000950","11","40095","40","095",3823,3625,198,2271,2164,107,1552,1461,91,3500,3319,181,88,88,0,227,210,17,11,11,0
"Mayes County","Mayes County, Oklahoma","G4000970","4000970","11","40097","40","097",12896,11989,907,7877,7311,566,5019,4678,341,11383,10673,710,15,15,0,1431,1238,193,88,84,4
"Murray County","Murray County, Oklahoma","G4000990","4000990","11","40099","40","099",4909,4735,174,2932,2841,91,1977,1894,83,4519,4358,161,77,77,0,302,289,13,11,11,0
"Muskogee County","Muskogee County, Oklahoma","G4001010","4001010","11","40101","40","101",27669,26006,1663,16016,15071,945,11653,10935,718,22472,21249,1223,3045,2739,306,2016,1882,134,188,152,36
"Noble County","Noble County, Oklahoma","G4001030","4001030","11","40103","40","103",5103,4896,207,3173,3049,124,1930,1847,83,4750,4592,158,67,55,12,260,229,31,20,14,6
"Nowata County","Nowata County, Oklahoma","G4001050","4001050","11","40105","40","105",4623,4403,220,2826,2695,131,1797,1708,89,4097,3951,146,126,106,20,400,346,54,0,0,0
"Okfuskee County","Okfuskee County, Oklahoma","G4001070","4001070","11","40107","40","107",4106,3889,217,2391,2260,131,1715,1629,86,3184,3072,112,390,356,34,517,446,71,29,29,0
"Oklahoma County","Oklahoma County, Oklahoma","G4001090","4001090","11","40109","40","109",279958,270551,9407,156123,151113,5010,123835,119438,4397,236802,229983,6819,30405,28443,1962,7018,6731,287,5937,5635,302
"Okmulgee County","Okmulgee County, Oklahoma","G4001110","4001110","11","40111","40","111",14737,13739,998,8740,8086,654,5997,5653,344,11953,11337,616,1578,1365,213,1102,956,146,169,128,41
"Osage County","Osage County, Oklahoma","G4001130","4001130","11","40113","40","113",17148,16516,632,10501,10167,334,6647,6349,298,13836,13328,508,1347,1286,61,1862,1799,63,123,113,10
"Ottawa County","Ottawa County, Oklahoma","G4001150","4001150","11","40115","40","115",13538,12725,813,8017,7556,461,5521,5169,352,12012,11326,686,17,17,0,1478,1358,120,70,70,0
"Pawnee County","Pawnee County, Oklahoma","G4001170","4001170","11","40117","40","117",6698,6427,271,4056,3912,144,2642,2515,127,6212,5956,256,38,38,0,433,418,15,49,49,0
"Payne County","Payne County, Oklahoma","G4001190","4001190","11","40119","40","119",28721,27536,1185,16991,16343,648,11730,11193,537,26894,25847,1047,747,680,67,651,590,61,245,235,10
"Pittsburg County","Pittsburg County, Oklahoma","G4001210","4001210","11","40121","40","121",14915,13740,1175,8658,7964,694,6257,5776,481,13393,12380,1013,473,411,62,968,876,92,97,76,21
"Pontotoc County","Pontotoc County, Oklahoma","G4001230","4001230","11","40123","40","123",14012,13452,560,7995,7698,297,6017,5754,263,12571,12139,432,413,358,55,919,846,73,65,65,0
"Pottawatomie County","Pottawatomie County, Oklahoma","G4001250","4001250","11","40125","40","125",23140,21872,1268,13590,12902,688,9550,8970,580,21008,19973,1035,417,398,19,1543,1336,207,205,196,9
"Pushmataha County","Pushmataha County, Oklahoma","G4001270","4001270","11","40127","40","127",3949,3676,273,2351,2195,156,1598,1481,117,3594,3367,227,15,15,0,330,291,39,12,5,7
"Roger Mills County","Roger Mills County, Oklahoma","G4001290","4001290","11","40129","40","129",2052,1993,59,1342,1320,22,710,673,37,1940,1905,35,0,0,0,101,77,24,21,21,0
"Rogers County","Rogers County, Oklahoma","G4001310","4001310","11","40131","40","131",20985,20176,809,12906,12413,493,8079,7763,316,19248,18555,693,135,135,0,1526,1410,116,149,149,0
"Seminole County","Seminole County, Oklahoma","G4001330","4001330","11","40133","40","133",10563,9999,564,6209,5871,338,4354,4128,226,8599,8259,340,649,571,78,1285,1139,146,69,69,0
"Sequoyah County","Sequoyah County, Oklahoma","G4001350","4001350","11","40135","40","135",11780,10911,869,6904,6327,577,4876,4584,292,10118,9431,687,208,183,25,1436,1279,157,15,15,0
"Stephens County","Stephens County, Oklahoma","G4001370","4001370","11","40137","40","137",19086,18550,536,11732,11467,265,7354,7083,271,18184,17714,470,325,290,35,364,345,19,268,256,12
"Texas County","Texas County, Oklahoma","G4001390","4001390","11","40139","40","139",8254,8120,134,5237,5183,54,3017,2937,80,7824,7690,134,13,13,0,128,128,0,529,525,4
"Tillman County","Tillman County, Oklahoma","G4001410","4001410","11","40141","40","141",4785,4525,260,2933,2806,127,1852,1719,133,3936,3761,175,410,359,51,96,83,13,424,403,21
"Tulsa County","Tulsa County, Oklahoma","G4001430","4001430","11","40143","40","143",238586,230581,8005,136316,132059,4257,102270,98522,3748,209247,203074,6173,18031,16721,1310,8391,7932,459,3435,3272,163
"Wagoner County","Wagoner County, Oklahoma","G4001450","4001450","11","40145","40","145",17940,17158,782,11019,10566,453,6921,6592,329,16308,15685,623,469,410,59,1066,978,88,177,159,18
"Washington County","Washington County, Oklahoma","G4001470","4001470","11","40147","40","147",23295,22736,559,13931,13641,290,9364,9095,269,21264,20798,466,508,473,35,1210,1152,58,385,360,25
"Washita County","Washita County, Oklahoma","G4001490","4001490","11","40149","40","149",6016,5896,120,3863,3828,35,2153,2068,85,5859,5739,120,25,25,0,65,65,0,103,103,0
"Woods County","Woods County, Oklahoma","G4001510","4001510","11","40151","40","151",5142,5039,103,3143,3090,53,1999,1949,50,5018,4921,97,23,17,6,24,24,0,91,91,0
"Woodward County","Woodward County, Oklahoma","G4001530","4001530","11","40153","40","153",9791,9573,218,6276,6178,98,3515,3395,120,9478,9266,212,34,34,0,99,99,0,197,197,0
"Baker County","Baker County, Oregon","G4100010","4100010","11","41001","41","001",6688,5961,727,4104,3621,483,2584,2340,244,6571,5857,714,0,0,0,77,64,13,40,33,7
"Benton County","Benton County, Oregon","G4100030","4100030","11","41003","41","003",31856,29638,2218,18016,16677,1339,13840,12961,879,30598,28499,2099,156,130,26,174,157,17,434,385,49
"Clackamas County","Clackamas County, Oregon","G4100050","4100050","11","41005","41","005",116109,110112,5997,69179,65585,3594,46930,44527,2403,112982,107255,5727,491,449,42,679,588,91,1692,1580,112
"Clatsop County","Clatsop County, Oregon","G4100070","4100070","11","41007","41","007",14257,12947,1310,8253,7555,698,6004,5392,612,13782,12546,1236,32,30,2,93,74,19,155,110,45
"Columbia County","Columbia County, Oregon","G4100090","4100090","11","41009","41","009",15106,13667,1439,9575,8672,903,5531,4995,536,14750,13375,1375,0,0,0,230,171,59,158,127,31
"Coos County","Coos County, Oregon","G4100110","4100110","11","41011","41","011",27798,24625,3173,17136,15157,1979,10662,9468,1194,26880,23794,3086,13,13,0,503,430,73,482,451,31
"Crook County","Crook County, Oregon","G4100130","4100130","11","41013","41","013",5789,5009,780,3468,3008,460,2321,2001,320,5634,4878,756,0,0,0,88,74,14,112,102,10
"Curry County","Curry County, Oregon","G4100150","4100150","11","41015","41","015",6914,6179,735,4219,3784,435,2695,2395,300,6749,6017,732,0,0,0,108,105,3,81,79,2
"Deschutes County","Deschutes County, Oregon","G4100170","4100170","11","41017","41","017",29005,25788,3217,17136,15252,1884,11869,10536,1333,28547,25417,3130,38,23,15,190,153,37,376,326,50
"Douglas County","Douglas County, Oregon","G4100190","4100190","11","41019","41","019",39348,35023,4325,24633,21820,2813,14715,13203,1512,38448,34250,4198,60,53,7,431,339,92,709,619,90
"Gilliam County","Gilliam County, Oregon","G4100210","4100210","11","41021","41","021",923,909,14,604,595,9,319,314,5,896,882,14,0,0,0,0,0,0,24,24,0
"Grant County","Grant County, Oregon","G4100230","4100230","11","41023","41","023",3741,3191,550,2367,1956,411,1374,1235,139,3699,3156,543,0,0,0,28,21,7,48,31,17
"Harney County","Harney County, Oregon","G4100250","4100250","11","41025","41","025",3897,3318,579,2502,2084,418,1395,1234,161,3770,3201,569,0,0,0,96,88,8,110,84,26
"Hood River County","Hood River County, Oregon","G4100270","4100270","11","41027","41","027",7551,6767,784,4571,4169,402,2980,2598,382,6877,6147,730,15,15,0,119,107,12,637,593,44
"Jackson County","Jackson County, Oregon","G4100290","4100290","11","41029","41","029",58551,51782,6769,34925,30639,4286,23626,21143,2483,56281,49846,6435,109,109,0,626,481,145,1988,1736,252
"Jefferson County","Jefferson County, Oregon","G4100310","4100310","11","41031","41","031",5091,4686,405,3070,2804,266,2021,1882,139,4098,3826,272,0,0,0,749,649,100,298,271,27
"Josephine County","Josephine County, Oregon","G4100330","4100330","11","41033","41","033",22699,19497,3202,13466,11438,2028,9233,8059,1174,22283,19144,3139,0,0,0,282,233,49,398,323,75
"Klamath County","Klamath County, Oregon","G4100350","4100350","11","41035","41","035",25284,22113,3171,15721,13565,2156,9563,8548,1015,23994,21087,2907,128,105,23,716,526,190,730,608,122
"Lake County","Lake County, Oregon","G4100370","4100370","11","41037","41","037",3522,3187,335,2267,2028,239,1255,1159,96,3397,3090,307,0,0,0,56,40,16,60,60,0
"Lane County","Lane County, Oregon","G4100390","4100390","11","41039","41","039",130671,117421,13250,76813,68748,8065,53858,48673,5185,126698,114057,12641,640,568,72,1140,946,194,2167,1799,368
"Lincoln County","Lincoln County, Oregon","G4100410","4100410","11","41041","41","041",15943,14616,1327,9268,8404,864,6675,6212,463,15537,14256,1281,23,17,6,261,221,40,254,232,22
"Linn County","Linn County, Oregon","G4100430","4100430","11","41043","41","043",39824,35326,4498,24067,21310,2757,15757,14016,1741,38964,34631,4333,72,62,10,351,262,89,590,490,100
"Malheur County","Malheur County, Oregon","G4100450","4100450","11","41045","41","045",11226,10396,830,6816,6379,437,4410,4017,393,9719,9077,642,60,49,11,58,42,16,1393,1194,199
"Marion County","Marion County, Oregon","G4100470","4100470","11","41047","41","047",92469,84385,8084,52771,47992,4779,39698,36393,3305,88124,80663,7461,491,381,110,908,765,143,3930,3361,569
"Morrow County","Morrow County, Oregon","G4100490","4100490","11","41049","41","049",3495,3239,256,2260,2074,186,1235,1165,70,3355,3122,233,0,0,0,17,14,3,165,147,18
"Multnomah County","Multnomah County, Oregon","G4100510","4100510","11","41051","41","051",287058,267970,19088,160456,148674,11782,126602,119296,7306,262557,246456,16101,12635,10740,1895,2206,1850,356,5042,4514,528
"Polk County","Polk County, Oregon","G4100530","4100530","11","41053","41","053",19940,17860,2080,11623,10379,1244,8317,7481,836,19131,17196,1935,77,66,11,198,161,37,585,481,104
"Sherman County","Sherman County, Oregon","G4100550","4100550","11","41055","41","055",934,893,41,637,611,26,297,282,15,919,881,38,0,0,0,0,0,0,16,13,3
"Tillamook County","Tillamook County, Oregon","G4100570","4100570","11","41057","41","057",9262,8354,908,5544,4972,572,3718,3382,336,9079,8225,854,0,0,0,103,72,31,104,85,19
"Umatilla County","Umatilla County, Oregon","G4100590","4100590","11","41059","41","059",27301,25301,2000,16292,15008,1284,11009,10293,716,25534,23803,1731,53,53,0,527,430,97,1364,1195,169
"Union County","Union County, Oregon","G4100610","4100610","11","41061","41","061",10506,9175,1331,6432,5517,915,4074,3658,416,10348,9039,1309,27,22,5,69,58,11,122,108,14
"Wallowa County","Wallowa County, Oregon","G4100630","4100630","11","41063","41","063",3034,2648,386,1933,1636,297,1101,1012,89,3019,2633,386,0,0,0,0,0,0,17,15,2
"Wasco County","Wasco County, Oregon","G4100650","4100650","11","41065","41","065",9437,8605,832,5813,5295,518,3624,3310,314,9205,8417,788,5,5,0,177,135,42,118,97,21
"Washington County","Washington County, Oregon","G4100670","4100670","11","41067","41","067",129872,123912,5960,73397,70053,3344,56475,53859,2616,124547,118889,5658,670,647,23,659,597,62,3115,2891,224
"Wheeler County","Wheeler County, Oregon","G4100690","4100690","11","41069","41","069",596,517,79,398,340,58,198,177,21,593,514,79,0,0,0,0,0,0,0,0,0
"Yamhill County","Yamhill County, Oregon","G4100710","4100710","11","41071","41","071",25328,23408,1920,14916,13730,1186,10412,9678,734,24403,22572,1831,70,70,0,234,194,40,733,683,50
"Adams County","Adams County, Pennsylvania","G4200010","4200010","11","42001","42","001",33402,31636,1766,19191,18306,885,14211,13330,881,32972,31229,1743,260,250,10,23,21,2,236,227,9
"Allegheny County","Allegheny County, Pennsylvania","G4200030","4200030","11","42003","42","003",664678,617018,47660,388859,358849,30010,275819,258169,17650,602498,564079,38419,57591,48653,8938,502,423,79,3247,2852,395
"Armstrong County","Armstrong County, Pennsylvania","G4200050","4200050","11","42005","42","005",30561,27318,3243,19652,17622,2030,10909,9696,1213,30211,27050,3161,301,222,79,0,0,0,82,61,21
"Beaver County","Beaver County, Pennsylvania","G4200070","4200070","11","42007","42","007",88172,81073,7099,55426,50787,4639,32746,30286,2460,83512,77174,6338,4331,3588,743,72,62,10,372,319,53
"Bedford County","Bedford County, Pennsylvania","G4200090","4200090","11","42009","42","009",19307,16874,2433,12211,10631,1580,7096,6243,853,19218,16810,2408,57,33,24,22,22,0,46,36,10
"Berks County","Berks County, Pennsylvania","G4200110","4200110","11","42011","42","011",154261,145975,8286,88901,83958,4943,65360,62017,3343,148863,141263,7600,3198,2835,363,83,77,6,2650,2295,355
"Blair County","Blair County, Pennsylvania","G4200130","4200130","11","42013","42","013",57904,52639,5265,34225,31021,3204,23679,21618,2061,57459,52265,5194,320,266,54,23,14,9,97,79,18
"Bradford County","Bradford County, Pennsylvania","G4200150","4200150","11","42015","42","015",26768,24461,2307,16197,14789,1408,10571,9672,899,26654,24363,2291,44,37,7,11,9,2,79,75,4
"Bucks County","Bucks County, Pennsylvania","G4200170","4200170","11","42017","42","017",236932,223939,12993,141305,133902,7403,95627,90037,5590,229481,217177,12304,4997,4515,482,256,241,15,2263,2011,252
"Butler County","Butler County, Pennsylvania","G4200190","4200190","11","42019","42","019",64247,59693,4554,39738,36732,3006,24509,22961,1548,63717,59206,4511,329,306,23,42,34,8,120,108,12
"Cambria County","Cambria County, Pennsylvania","G4200210","4200210","11","42021","42","021",71045,62589,8456,44297,38515,5782,26748,24074,2674,69703,61505,8198,1164,918,246,35,27,8,321,277,44
"Cameron County","Cameron County, Pennsylvania","G4200230","4200230","11","42023","42","023",2895,2568,327,1673,1536,137,1222,1032,190,2879,2552,327,0,0,0,0,0,0,0,0,0
"Carbon County","Carbon County, Pennsylvania","G4200250","4200250","11","42025","42","025",23413,21587,1826,13887,12610,1277,9526,8977,549,23340,21514,1826,4,4,0,0,0,0,155,148,7
"Centre County","Centre County, Pennsylvania","G4200270","4200270","11","42027","42","027",50103,47156,2947,28665,26786,1879,21438,20370,1068,49163,46291,2872,417,380,37,30,23,7,290,274,16
"Chester County","Chester County, Pennsylvania","G4200290","4200290","11","42029","42","029",155352,148236,7116,91478,87380,4098,63874,60856,3018,142965,137187,5778,10043,8994,1049,131,120,11,2662,2329,333
"Clarion County","Clarion County, Pennsylvania","G4200310","4200310","11","42031","42","031",17396,15745,1651,11050,9989,1061,6346,5756,590,17253,15636,1617,76,47,29,22,19,3,59,55,4
"Clearfield County","Clearfield County, Pennsylvania","G4200330","4200330","11","42033","42","033",34659,30963,3696,21398,18929,2469,13261,12034,1227,34453,30818,3635,133,86,47,0,0,0,79,54,25
"Clinton County","Clinton County, Pennsylvania","G4200350","4200350","11","42035","42","035",17109,14974,2135,10139,8750,1389,6970,6224,746,16973,14846,2127,71,71,0,0,0,0,79,65,14
"Columbia County","Columbia County, Pennsylvania","G4200370","4200370","11","42037","42","037",28579,26338,2241,16381,15053,1328,12198,11285,913,28447,26214,2233,108,102,6,0,0,0,57,53,4
"Crawford County","Crawford County, Pennsylvania","G4200390","4200390","11","42039","42","039",38559,35384,3175,23263,21432,1831,15296,13952,1344,38030,34913,3117,392,349,43,43,28,15,114,86,28
"Cumberland County","Cumberland County, Pennsylvania","G4200410","4200410","11","42041","42","041",87606,84326,3280,49748,47858,1890,37858,36468,1390,86072,82903,3169,684,636,48,57,57,0,375,352,23
"Dauphin County","Dauphin County, Pennsylvania","G4200430","4200430","11","42043","42","043",113659,107813,5846,62989,59488,3501,50670,48325,2345,99085,94878,4207,13151,11613,1538,198,161,37,1368,1222,146
"Delaware County","Delaware County, Pennsylvania","G4200450","4200450","11","42045","42","045",262618,247016,15602,151443,142494,8949,111175,104522,6653,239355,226432,12923,20639,18098,2541,188,175,13,1718,1544,174
"Elk County","Elk County, Pennsylvania","G4200470","4200470","11","42047","42","047",17398,16225,1173,10527,9911,616,6871,6314,557,17373,16202,1171,0,0,0,0,0,0,0,0,0
"Erie County","Erie County, Pennsylvania","G4200490","4200490","11","42049","42","049",127456,117288,10168,74838,69334,5504,52618,47954,4664,122381,113101,9280,4360,3587,773,167,131,36,649,521,128
"Fayette County","Fayette County, Pennsylvania","G4200510","4200510","11","42051","42","051",58613,52120,6493,38258,33894,4364,20355,18226,2129,56684,50445,6239,1745,1520,225,42,27,15,159,138,21
"Forest County","Forest County, Pennsylvania","G4200530","4200530","11","42053","42","053",2029,1844,185,1237,1156,81,792,688,104,2019,1835,184,0,0,0,0,0,0,0,0,0
"Franklin County","Franklin County, Pennsylvania","G4200550","4200550","11","42055","42","055",53480,51031,2449,31274,30058,1216,22206,20973,1233,52265,49982,2283,944,818,126,54,39,15,222,193,29
"Fulton County","Fulton County, Pennsylvania","G4200570","4200570","11","42057","42","057",5414,4990,424,3357,3108,249,2057,1882,175,5379,4958,421,23,23,0,0,0,0,16,14,2
"Greene County","Greene County, Pennsylvania","G4200590","4200590","11","42059","42","059",14619,13193,1426,9596,8617,979,5023,4576,447,14463,13054,1409,118,106,12,0,0,0,118,107,11
"Huntingdon County","Huntingdon County, Pennsylvania","G4200610","4200610","11","42061","42","061",17089,15338,1751,10208,9070,1138,6881,6268,613,16833,15140,1693,212,163,49,0,0,0,31,29,2
"Indiana County","Indiana County, Pennsylvania","G4200630","4200630","11","42063","42","063",37129,34001,3128,23233,21324,1909,13896,12677,1219,36714,33624,3090,311,284,27,28,23,5,68,64,4
"Jefferson County","Jefferson County, Pennsylvania","G4200650","4200650","11","42065","42","065",20041,17900,2141,12484,11148,1336,7557,6752,805,19978,17843,2135,25,25,0,6,6,0,73,52,21
"Juniata County","Juniata County, Pennsylvania","G4200670","4200670","11","42067","42","067",8501,7865,636,5261,4791,470,3240,3074,166,8491,7855,636,0,0,0,0,0,0,19,19,0
"Lackawanna County","Lackawanna County, Pennsylvania","G4200690","4200690","11","42069","42","069",100337,92003,8334,57662,52301,5361,42675,39702,2973,99626,91386,8240,334,253,81,31,31,0,393,363,30
"Lancaster County","Lancaster County, Pennsylvania","G4200710","4200710","11","42071","42","071",179281,171787,7494,104635,100778,3857,74646,71009,3637,173677,166884,6793,2799,2384,415,174,145,29,3263,2969,294
"Lawrence County","Lawrence County, Pennsylvania","G4200730","4200730","11","42073","42","073",44716,40343,4373,27962,25165,2797,16754,15178,1576,43534,39405,4129,1074,863,211,40,23,17,100,77,23
"Lebanon County","Lebanon County, Pennsylvania","G4200750","4200750","11","42075","42","075",52625,50425,2200,30216,29047,1169,22409,21378,1031,52062,49935,2127,114,101,13,38,38,0,612,531,81
"Lehigh County","Lehigh County, Pennsylvania","G4200770","4200770","11","42077","42","077",135778,129096,6682,78261,74212,4049,57517,54884,2633,132548,126250,6298,1634,1401,233,118,112,6,2379,2074,305
"Luzerne County","Luzerne County, Pennsylvania","G4200790","4200790","11","42079","42","079",148234,135000,13234,85020,76528,8492,63214,58472,4742,147275,134138,13137,553,505,48,60,53,7,460,420,40
"Lycoming County","Lycoming County, Pennsylvania","G4200810","4200810","11","42081","42","081",53740,48381,5359,31184,28101,3083,22556,20280,2276,52883,47686,5197,580,430,150,51,39,12,110,92,18
"Mckean County","Mckean County, Pennsylvania","G4200830","4200830","11","42083","42","083",22133,20547,1586,13120,12145,975,9013,8402,611,22020,20454,1566,0,0,0,54,37,17,44,33,11
"Mercer County","Mercer County, Pennsylvania","G4200850","4200850","11","42085","42","085",54738,50606,4132,33887,31542,2345,20851,19064,1787,52618,48841,3777,1947,1596,351,41,41,0,108,90,18
"Mifflin County","Mifflin County, Pennsylvania","G4200870","4200870","11","42087","42","087",19629,18209,1420,11777,10933,844,7852,7276,576,19549,18145,1404,46,36,10,0,0,0,30,30,0
"Monroe County","Monroe County, Pennsylvania","G4200890","4200890","11","42089","42","089",32407,30111,2296,18819,17506,1313,13588,12605,983,31837,29597,2240,407,380,27,17,4,13,255,234,21
"Montgomery County","Montgomery County, Pennsylvania","G4200910","4200910","11","42091","42","091",324784,310384,14400,186254,178443,7811,138530,131941,6589,306932,293983,12949,13571,12369,1202,267,249,18,2486,2339,147
"Montour County","Montour County, Pennsylvania","G4200930","4200930","11","42093","42","093",7338,6709,629,4226,3840,386,3112,2869,243,7304,6677,627,0,0,0,0,0,0,18,18,0
"Northampton County","Northampton County, Pennsylvania","G4200950","4200950","11","42095","42","095",105106,99175,5931,62050,58329,3721,43056,40846,2210,102452,96895,5557,1445,1252,193,51,40,11,2582,2196,386
"Northumberland County","Northumberland County, Pennsylvania","G4200970","4200970","11","42097","42","097",43336,39580,3756,25589,23233,2356,17747,16347,1400,43214,39497,3717,33,23,10,35,21,14,81,40,41
"Perry County","Perry County, Pennsylvania","G4200990","4200990","11","42099","42","099",16071,15037,1034,9812,9117,695,6259,5920,339,16043,15009,1034,0,0,0,0,0,0,50,46,4
"Philadelphia County","Philadelphia County, Pennsylvania","G4201010","4201010","11","42101","42","101",705305,624706,80599,386560,341400,45160,318745,283306,35439,443425,406958,36467,242909,201377,41532,1120,940,180,18661,15541,3120
"Pike County","Pike County, Pennsylvania","G4201030","4201030","11","42103","42","103",7693,6932,761,4611,4144,467,3082,2788,294,7644,6897,747,16,11,5,0,0,0,93,83,10
"Potter County","Potter County, Pennsylvania","G4201050","4201050","11","42105","42","105",7160,6354,806,4430,3900,530,2730,2454,276,7099,6295,804,21,21,0,0,0,0,21,21,0
"Schuylkill County","Schuylkill County, Pennsylvania","G4201070","4201070","11","42107","42","107",67996,62386,5610,39670,35992,3678,28326,26394,1932,67695,62137,5558,113,84,29,28,14,14,192,173,19
"Snyder County","Snyder County, Pennsylvania","G4201090","4201090","11","42109","42","109",15305,14283,1022,9083,8405,678,6222,5878,344,15253,14233,1020,5,3,2,9,9,0,40,38,2
"Somerset County","Somerset County, Pennsylvania","G4201110","4201110","11","42111","42","111",33201,29816,3385,20843,18265,2578,12358,11551,807,33107,29728,3379,16,16,0,18,12,6,68,66,2
"Sullivan County","Sullivan County, Pennsylvania","G4201130","4201130","11","42113","42","113",2506,2215,291,1531,1366,165,975,849,126,2502,2211,291,2,2,0,0,0,0,0,0,0
"Susquehanna County","Susquehanna County, Pennsylvania","G4201150","4201150","11","42115","42","115",16246,14918,1328,9939,9082,857,6307,5836,471,16172,14850,1322,0,0,0,40,36,4,64,57,7
"Tioga County","Tioga County, Pennsylvania","G4201170","4201170","11","42117","42","117",16907,15168,1739,10108,9015,1093,6799,6153,646,16818,15091,1727,64,54,10,0,0,0,58,52,6
"Union County","Union County, Pennsylvania","G4201190","4201190","11","42119","42","119",13987,13096,891,8101,7539,562,5886,5557,329,13861,12986,875,71,61,10,8,8,0,39,39,0
"Venango County","Venango County, Pennsylvania","G4201210","4201210","11","42121","42","121",27292,25047,2245,16734,15313,1421,10558,9734,824,27106,24895,2211,73,64,9,0,0,0,54,46,8
"Warren County","Warren County, Pennsylvania","G4201230","4201230","11","42123","42","123",21297,20046,1251,12648,11836,812,8649,8210,439,21234,19993,1241,0,0,0,28,18,10,27,27,0
"Washington County","Washington County, Pennsylvania","G4201250","4201250","11","42125","42","125",91167,83695,7472,57388,52592,4796,33779,31103,2676,88301,81229,7072,2590,2224,366,127,103,24,546,506,40
"Wayne County","Wayne County, Pennsylvania","G4201270","4201270","11","42127","42","127",14990,13644,1346,9038,8130,908,5952,5514,438,14955,13609,1346,9,9,0,0,0,0,51,43,8
"Westmoreland County","Westmoreland County, Pennsylvania","G4201290","4201290","11","42129","42","129",169886,156687,13199,106274,98145,8129,63612,58542,5070,166753,153959,12794,2462,2088,374,113,100,13,471,408,63
"Wyoming County","Wyoming County, Pennsylvania","G4201310","4201310","11","42131","42","131",11177,10196,981,6925,6286,639,4252,3910,342,11127,10150,977,31,27,4,0,0,0,35,32,3
"York County","York County, Pennsylvania","G4201330","4201330","11","42133","42","133",155247,147803,7444,90921,86874,4047,64326,60929,3397,150647,143841,6806,3677,3144,533,78,68,10,890,808,82
"Bristol County","Bristol County, Rhode Island","G4400010","4400010","11","44001","44","001",22951,21334,1617,12819,11917,902,10132,9417,715,22682,21093,1589,108,108,0,30,24,6,454,376,78
"Kent County","Kent County, Rhode Island","G4400030","4400030","11","44003","44","003",77471,72799,4672,43708,41049,2659,33763,31750,2013,76743,72149,4594,259,241,18,100,90,10,445,398,47
"Newport County","Newport County, Rhode Island","G4400050","4400050","11","44005","44","005",34768,32210,2558,19233,17820,1413,15535,14390,1145,33088,30716,2372,1288,1172,116,116,77,39,463,408,55
"Providence County","Providence County, Rhode Island","G4400070","4400070","11","44007","44","007",278668,258126,20542,151977,140902,11075,126691,117224,9467,262972,244533,18439,9272,7974,1298,681,580,101,6829,5947,882
"Washington County","Washington County, Rhode Island","G4400090","4400090","11","44009","44","009",45288,42343,2945,25909,24380,1529,19379,17963,1416,44515,41632,2883,242,211,31,232,219,13,300,278,22
"Abbeville County","Abbeville County, South Carolina","G4500010","4500010","11","45001","45","001",10292,9661,631,5585,5367,218,4707,4294,413,7207,6942,265,3073,2711,362,4,0,4,79,71,8
"Aiken County","Aiken County, South Carolina","G4500030","4500030","11","45003","45","003",48326,45644,2682,27902,26454,1448,20424,19190,1234,37512,35809,1703,10608,9666,942,68,42,26,277,233,44
"Allendale County","Allendale County, South Carolina","G4500050","4500050","11","45005","45","005",4212,3811,401,2341,2131,210,1871,1680,191,1904,1815,89,2286,1974,312,0,0,0,100,85,15
"Anderson County","Anderson County, South Carolina","G4500070","4500070","11","45007","45","007",64745,61426,3319,35675,34081,1594,29070,27345,1725,54585,52111,2474,9956,9142,814,32,23,9,406,398,8
"Bamberg County","Bamberg County, South Carolina","G4500090","4500090","11","45009","45","009",6926,6406,520,3811,3602,209,3115,2804,311,0,0,0,3426,3058,368,0,0,0,53,53,0
"Barnwell County","Barnwell County, South Carolina","G4500110","4500110","11","45011","45","011",8454,7918,536,4718,4491,227,3736,3427,309,5355,5135,220,3079,2763,316,0,0,0,102,80,22
"Beaufort County","Beaufort County, South Carolina","G4500130","4500130","11","45013","45","013",21728,19852,1876,11129,10457,672,10599,9395,1204,14479,13688,791,6935,5895,1040,30,30,0,350,261,89
"Berkeley County","Berkeley County, South Carolina","G4500150","4500150","11","45015","45","015",36004,33065,2939,20672,19343,1329,15332,13722,1610,27133,25511,1622,8187,6953,1234,76,71,5,352,315,37
"Calhoun County","Calhoun County, South Carolina","G4500170","4500170","11","45017","45","017",5323,5023,300,3020,2905,115,2303,2118,185,2734,2625,109,2589,2398,191,0,0,0,39,29,10
"Charleston County","Charleston County, South Carolina","G4500190","4500190","11","45019","45","019",117138,109108,8030,63460,59936,3524,53678,49172,4506,78832,75252,3580,37260,32884,4376,215,179,36,1217,1106,111
"Cherokee County","Cherokee County, South Carolina","G4500210","4500210","11","45021","45","021",19415,17935,1480,10839,10054,785,8576,7881,695,15970,14837,1133,3302,2955,347,16,16,0,117,117,0
"Chester County","Chester County, South Carolina","G4500230","4500230","11","45023","45","023",13819,13084,735,7553,7194,359,6266,5890,376,9121,8797,324,4674,4263,411,17,17,0,79,72,7
"Chesterfield County","Chesterfield County, South Carolina","G4500250","4500250","11","45025","45","025",17591,16525,1066,9601,8996,605,7990,7529,461,12555,12039,516,4992,4460,532,31,19,12,192,166,26
"Clarendon County","Clarendon County, South Carolina","G4500270","4500270","11","45027","45","027",10970,10109,861,6117,5729,388,4853,4380,473,5366,5098,268,5548,4955,593,0,0,0,128,110,18
"Colleton County","Colleton County, South Carolina","G4500290","4500290","11","45029","45","029",13328,12330,998,7537,7050,487,5791,5280,511,8048,7685,363,5247,4612,635,30,30,0,148,133,15
"Darlington County","Darlington County, South Carolina","G4500310","4500310","11","45031","45","031",26395,24335,2060,14768,13902,866,11627,10433,1194,17043,16089,954,9311,8211,1100,19,19,0,170,147,23
"Dillon County","Dillon County, South Carolina","G4500330","4500330","11","45033","45","033",12784,11649,1135,6789,6277,512,5995,5372,623,8085,7598,487,4480,3877,603,156,111,45,101,101,0
"Dorchester County","Dorchester County, South Carolina","G4500350","4500350","11","45035","45","035",24258,22527,1731,13946,13240,706,10312,9287,1025,18387,17339,1048,5605,4955,650,133,115,18,309,258,51
"Edgefield County","Edgefield County, South Carolina","G4500370","4500370","11","45037","45","037",7480,7047,433,4365,4174,191,3115,2873,242,3944,3804,140,3526,3233,293,0,0,0,77,77,0
"Fairfield County","Fairfield County, South Carolina","G4500390","4500390","11","45039","45","039",8798,8022,776,4820,4383,437,3978,3639,339,4031,3800,231,4761,4216,545,0,0,0,75,40,35
"Florence County","Florence County, South Carolina","G4500410","4500410","11","45041","45","041",49157,45655,3502,27069,25469,1600,22088,20186,1902,33808,32296,1512,15220,13246,1974,29,22,7,293,256,37
"Georgetown County","Georgetown County, South Carolina","G4500430","4500430","11","45043","45","043",18025,16741,1284,10233,9498,735,7792,7243,549,10907,10395,512,7060,6301,759,0,0,0,153,136,17
"Greenville County","Greenville County, South Carolina","G4500450","4500450","11","45045","45","045",142323,135932,6391,79920,76930,2990,62403,59002,3401,119069,114486,4583,22320,20545,1775,245,224,21,943,881,62
"Greenwood County","Greenwood County, South Carolina","G4500470","4500470","11","45047","45","047",28454,26940,1514,15162,14407,755,13292,12533,759,20914,19905,1009,7384,6892,492,38,32,6,126,119,7
"Hampton County","Hampton County, South Carolina","G4500490","4500490","11","45049","45","049",7009,6611,398,4035,3821,214,2974,2790,184,3844,3707,137,3157,2898,259,0,0,0,82,61,21
"Horry County","Horry County, South Carolina","G4500510","4500510","11","45051","45","051",45632,43068,2564,24440,23286,1154,21192,19782,1410,36918,35113,1805,8384,7640,744,74,74,0,413,395,18
"Jasper County","Jasper County, South Carolina","G4500530","4500530","11","45053","45","053",5734,5337,397,3278,3076,202,2456,2261,195,2886,2765,121,2823,2547,276,3,3,0,62,55,7
"Kershaw County","Kershaw County, South Carolina","G4500550","4500550","11","45055","45","055",17748,16684,1064,10092,9535,557,7656,7149,507,12889,12327,562,4803,4309,494,0,0,0,147,134,13
"Lancaster County","Lancaster County, South Carolina","G4500570","4500570","11","45057","45","057",26617,25615,1002,14276,13749,527,12341,11866,475,20788,20091,697,5750,5445,305,31,31,0,143,133,10
"Laurens County","Laurens County, South Carolina","G4500590","4500590","11","45059","45","059",24077,22831,1246,12940,12328,612,11137,10503,634,17271,16475,796,6737,6296,441,29,20,9,162,145,17
"Lee County","Lee County, South Carolina","G4500610","4500610","11","45061","45","061",7610,6898,712,4230,3929,301,3380,2969,411,3254,3122,132,4344,3768,576,0,0,0,120,115,5
"Lexington County","Lexington County, South Carolina","G4500630","4500630","11","45063","45","063",71394,68373,3021,40302,38774,1528,31092,29599,1493,65053,62689,2364,5860,5217,643,134,128,6,378,354,24
"Mccormick County","Mccormick County, South Carolina","G4500650","4500650","11","45065","45","065",3154,2972,182,1749,1645,104,1405,1327,78,0,0,0,1784,1672,112,0,0,0,58,56,2
"Marion County","Marion County, South Carolina","G4500670","4500670","11","45067","45","067",14666,13354,1312,7561,7014,547,7105,6340,765,8020,7598,422,6621,5731,890,0,0,0,99,71,28
"Marlboro County","Marlboro County, South Carolina","G4500690","4500690","11","45069","45","069",13158,11967,1191,6856,6337,519,6302,5630,672,7613,7100,513,5355,4702,653,171,146,25,103,95,8
"Newberry County","Newberry County, South Carolina","G4500710","4500710","11","45071","45","071",14884,14252,632,8151,7824,327,6733,6428,305,10554,10238,316,4307,3997,310,0,0,0,195,177,18
"Oconee County","Oconee County, South Carolina","G4500730","4500730","11","45073","45","073",23288,22018,1270,13151,12383,768,10137,9635,502,21078,19971,1107,2166,2003,163,13,13,0,147,116,31
"Orangeburg County","Orangeburg County, South Carolina","G4500750","4500750","11","45075","45","075",34349,31932,2417,18923,17963,960,15426,13969,1457,17175,16533,642,16958,15205,1753,67,67,0,458,405,53
"Pickens County","Pickens County, South Carolina","G4500770","4500770","11","45077","45","077",38085,36477,1608,21593,20835,758,16492,15642,850,35239,33799,1440,2641,2501,140,53,40,13,272,258,14
"Richland County","Richland County, South Carolina","G4500790","4500790","11","45079","45","079",123593,116637,6956,64200,60858,3342,59393,55779,3614,79974,77034,2940,41983,38088,3895,175,170,5,1536,1415,121
"Saluda County","Saluda County, South Carolina","G4500810","4500810","11","45081","45","081",7151,6678,473,4136,3901,235,3015,2777,238,4791,4528,263,2360,2150,210,0,0,0,55,55,0
"Spartanburg County","Spartanburg County, South Carolina","G4500830","4500830","11","45083","45","083",95367,90457,4910,53788,51588,2200,41579,38869,2710,78243,74915,3328,16593,15027,1566,97,92,5,584,565,19
"Sumter County","Sumter County, South Carolina","G4500850","4500850","11","45085","45","085",33466,30064,3402,18346,16861,1485,15120,13203,1917,19802,18619,1183,13365,11191,2174,67,56,11,415,381,34
"Union County","Union County, South Carolina","G4500870","4500870","11","45087","45","087",15036,13955,1081,8211,7783,428,6825,6172,653,11150,10454,696,3827,3442,385,35,35,0,174,158,16
"Williamsburg County","Williamsburg County, South Carolina","G4500890","4500890","11","45089","45","089",15081,13742,1339,8319,7746,573,6762,5996,766,6586,6291,295,8454,7423,1031,0,0,0,256,242,14
"York County","York County, South Carolina","G4500910","4500910","11","45091","45","091",52218,49303,2915,29129,27914,1215,23089,21389,1700,41387,39441,1946,10211,9285,926,477,434,43,285,265,20
"Aurora County","Aurora County, South Dakota","G4600030","4600030","11","46003","46","003",1422,1402,20,980,966,14,442,436,6,1418,1398,20,0,0,0,0,0,0,0,0,0
"Beadle County","Beadle County, South Dakota","G4600050","4600050","11","46005","46","005",9074,8666,408,5442,5181,261,3632,3485,147,8990,8606,384,0,0,0,68,44,24,0,0,0
"Bennett County","Bennett County, South Dakota","G4600070","4600070","11","46007","46","007",1246,1158,88,774,709,65,472,449,23,935,910,25,0,0,0,0,0,0,0,0,0
"Bon Homme County","Bon Homme County, South Dakota","G4600090","4600090","11","46009","46","009",3618,3531,87,2220,2165,55,1398,1366,32,3572,3502,70,0,0,0,39,22,17,0,0,0
"Brookings County","Brookings County, South Dakota","G4600110","4600110","11","46011","46","011",11992,11575,417,6882,6675,207,5110,4900,210,11910,11499,411,0,0,0,11,11,0,19,19,0
"Brown County","Brown County, South Dakota","G4600130","4600130","11","46013","46","013",18307,17606,701,10126,9690,436,8181,7916,265,17861,17195,666,0,0,0,382,347,35,58,58,0
"Brule County","Brule County, South Dakota","G4600150","4600150","11","46015","46","015",2569,2490,79,1522,1461,61,1047,1029,18,2466,2404,62,0,0,0,91,74,17,9,9,0
"Buffalo County","Buffalo County, South Dakota","G4600170","4600170","11","46017","46","017",581,470,111,339,277,62,242,193,49,237,224,13,0,0,0,344,246,98,0,0,0
"Butte County","Butte County, South Dakota","G4600190","4600190","11","46019","46","019",3744,3528,216,2294,2174,120,1450,1354,96,3668,3455,213,0,0,0,34,34,0,84,81,3
"Campbell County","Campbell County, South Dakota","G4600210","4600210","11","46021","46","021",993,975,18,674,665,9,319,310,9,0,0,0,0,0,0,0,0,0,0,0,0
"Charles Mix County","Charles Mix County, South Dakota","G4600230","4600230","11","46023","46","023",3931,3810,121,2422,2361,61,1509,1449,60,3482,3431,51,0,0,0,438,368,70,2,2,0
"Clark County","Clark County, South Dakota","G4600250","4600250","11","46025","46","025",1980,1911,69,1346,1316,30,634,595,39,1980,1911,69,0,0,0,0,0,0,0,0,0
"Clay County","Clay County, South Dakota","G4600270","4600270","11","46027","46","027",5998,5783,215,3322,3192,130,2676,2591,85,5835,5649,186,25,18,7,119,97,22,0,0,0
"Codington County","Codington County, South Dakota","G4600290","4600290","11","46029","46","029",9754,9188,566,5589,5272,317,4165,3916,249,9670,9112,558,0,0,0,33,31,2,0,0,0
"Corson County","Corson County, South Dakota","G4600310","4600310","11","46031","46","031",1643,1512,131,1115,1031,84,528,481,47,1096,1053,43,0,0,0,0,0,0,0,0,0
"Custer County","Custer County, South Dakota","G4600330","4600330","11","46033","46","033",2797,2575,222,1665,1533,132,1132,1042,90,2753,2536,217,0,0,0,42,37,5,8,8,0
"Davison County","Davison County, South Dakota","G4600350","4600350","11","46035","46","035",8436,8124,312,4780,4584,196,3656,3540,116,8283,8007,276,0,0,0,119,83,36,33,27,6
"Day County","Day County, South Dakota","G4600370","4600370","11","46037","46","037",3494,3316,178,2198,2070,128,1296,1246,50,3410,3245,165,0,0,0,82,69,13,0,0,0
"Deuel County","Deuel County, South Dakota","G4600390","4600390","11","46039","46","039",2148,2056,92,1451,1391,60,697,665,32,2148,2056,92,0,0,0,0,0,0,0,0,0
"Dewey County","Dewey County, South Dakota","G4600410","4600410","11","46041","46","041",2203,2049,154,1304,1208,96,899,841,58,1210,1178,32,0,0,0,987,865,122,0,0,0
"Douglas County","Douglas County, South Dakota","G4600430","4600430","11","46043","46","043",1710,1675,35,1118,1097,21,592,578,14,1710,1675,35,0,0,0,0,0,0,0,0,0
"Edmunds County","Edmunds County, South Dakota","G4600450","4600450","11","46045","46","045",2337,2270,67,1439,1387,52,898,883,15,2331,2264,67,0,0,0,0,0,0,0,0,0
"Fall River County","Fall River County, South Dakota","G4600470","4600470","11","46047","46","047",3435,3356,79,1977,1948,29,1458,1408,50,3326,3252,74,0,0,0,89,84,5,32,31,1
"Faulk County","Faulk County, South Dakota","G4600490","4600490","11","46049","46","049",1298,1291,7,924,924,0,374,367,7,1286,1279,7,0,0,0,0,0,0,0,0,0
"Grant County","Grant County, South Dakota","G4600510","4600510","11","46051","46","051",3926,3779,147,2421,2336,85,1505,1443,62,3907,3766,141,0,0,0,0,0,0,14,14,0
"Gregory County","Gregory County, South Dakota","G4600530","4600530","11","46053","46","053",2428,2342,86,1633,1596,37,795,746,49,2384,2300,84,0,0,0,0,0,0,0,0,0
"Haakon County","Haakon County, South Dakota","G4600550","4600550","11","46055","46","055",1232,1205,27,804,783,21,428,422,6,1224,1197,27,0,0,0,0,0,0,0,0,0
"Hamlin County","Hamlin County, South Dakota","G4600570","4600570","11","46057","46","057",2092,2029,63,1340,1305,35,752,724,28,2088,2025,63,0,0,0,0,0,0,0,0,0
"Hand County","Hand County, South Dakota","G4600590","4600590","11","46059","46","059",2100,2079,21,1399,1387,12,701,692,9,2098,2077,21,0,0,0,0,0,0,0,0,0
"Hanson County","Hanson County, South Dakota","G4600610","4600610","11","46061","46","061",1419,1399,20,936,921,15,483,478,5,0,0,0,0,0,0,0,0,0,0,0,0
"Harding County","Harding County, South Dakota","G4600630","4600630","11","46063","46","063",766,748,18,552,552,0,214,196,18,0,0,0,0,0,0,0,0,0,0,0,0
"Hughes County","Hughes County, South Dakota","G4600650","4600650","11","46065","46","065",7523,7224,299,3986,3812,174,3537,3412,125,7196,6971,225,0,0,0,273,199,74,35,30,5
"Hutchinson County","Hutchinson County, South Dakota","G4600670","4600670","11","46067","46","067",4015,3948,67,2460,2406,54,1555,1542,13,4004,3939,65,0,0,0,8,6,2,11,11,0
"Hyde County","Hyde County, South Dakota","G4600690","4600690","11","46069","46","069",899,849,50,572,549,23,327,300,27,871,830,41,0,0,0,0,0,0,0,0,0
"Jackson County","Jackson County, South Dakota","G4600710","4600710","11","46071","46","071",1164,1117,47,737,707,30,427,410,17,828,818,10,0,0,0,0,0,0,0,0,0
"Jerauld County","Jerauld County, South Dakota","G4600730","4600730","11","46073","46","073",1239,1226,13,805,797,8,434,429,5,0,0,0,0,0,0,0,0,0,0,0,0
"Jones County","Jones County, South Dakota","G4600750","4600750","11","46075","46","075",633,622,11,433,428,5,200,194,6,0,0,0,0,0,0,0,0,0,0,0,0
"Kingsbury County","Kingsbury County, South Dakota","G4600770","4600770","11","46077","46","077",2906,2814,92,1814,1760,54,1092,1054,38,2904,2812,92,0,0,0,0,0,0,0,0,0
"Lake County","Lake County, South Dakota","G4600790","4600790","11","46079","46","079",4684,4477,207,2834,2725,109,1850,1752,98,4650,4450,200,0,0,0,22,22,0,0,0,0
"Lawrence County","Lawrence County, South Dakota","G4600810","4600810","11","46081","46","081",8463,7757,706,4932,4489,443,3531,3268,263,8333,7638,695,0,0,0,103,92,11,76,68,8
"Lincoln County","Lincoln County, South Dakota","G4600830","4600830","11","46083","46","083",6263,6046,217,3859,3701,158,2404,2345,59,6243,6028,215,0,0,0,12,10,2,0,0,0
"Lyman County","Lyman County, South Dakota","G4600850","4600850","11","46085","46","085",1522,1426,96,983,920,63,539,506,33,1229,1176,53,0,0,0,288,245,43,0,0,0
"Mccook County","Mccook County, South Dakota","G4600870","4600870","11","46087","46","087",2898,2791,107,1795,1742,53,1103,1049,54,2892,2785,107,0,0,0,0,0,0,0,0,0
"Mcpherson County","Mcpherson County, South Dakota","G4600890","4600890","11","46089","46","089",1678,1649,29,1073,1046,27,605,603,2,1678,1649,29,0,0,0,0,0,0,0,0,0
"Marshall County","Marshall County, South Dakota","G4600910","4600910","11","46091","46","091",2299,2208,91,1479,1420,59,820,788,32,2210,2135,75,0,0,0,0,0,0,0,0,0
"Meade County","Meade County, South Dakota","G4600930","4600930","11","46093","46","093",7562,7152,410,4356,4112,244,3206,3040,166,7383,6992,391,44,39,5,78,64,14,64,57,7
"Mellette County","Mellette County, South Dakota","G4600950","4600950","11","46095","46","095",877,744,133,583,485,98,294,259,35,642,619,23,0,0,0,0,0,0,0,0,0
"Miner County","Miner County, South Dakota","G4600970","4600970","11","46097","46","097",1330,1300,30,843,829,14,487,471,16,0,0,0,0,0,0,0,0,0,0,0,0
"Minnehaha County","Minnehaha County, South Dakota","G4600990","4600990","11","46099","46","099",55783,53140,2643,31005,29215,1790,24778,23925,853,55131,52609,2522,118,102,16,287,207,80,200,156,44
"Moody County","Moody County, South Dakota","G4601010","4601010","11","46101","46","101",2915,2801,114,1825,1763,62,1090,1038,52,2766,2670,96,0,0,0,147,129,18,0,0,0
"Pennington County","Pennington County, South Dakota","G4601030","4601030","11","46103","46","103",31679,29048,2631,17577,16088,1489,14102,12960,1142,29893,27704,2189,245,186,59,1168,816,352,389,334,55
"Perkins County","Perkins County, South Dakota","G4601050","4601050","11","46105","46","105",2338,2291,47,1484,1461,23,854,830,24,2319,2276,43,0,0,0,19,15,4,0,0,0
"Potter County","Potter County, South Dakota","G4601070","4601070","11","46107","46","107",1573,1541,32,1010,989,21,563,552,11,0,0,0,0,0,0,0,0,0,0,0,0
"Roberts County","Roberts County, South Dakota","G4601090","4601090","11","46109","46","109",4461,4125,336,2739,2508,231,1722,1617,105,3776,3585,191,0,0,0,669,524,145,0,0,0
"Sanborn County","Sanborn County, South Dakota","G4601110","4601110","11","46111","46","111",1181,1144,37,854,829,25,327,315,12,1171,1134,37,0,0,0,0,0,0,0,0,0
"Shannon County","Shannon County, South Dakota","G4601130","4601130","11","46113","46","113",3245,2618,627,1869,1454,415,1376,1164,212,445,432,13,0,0,0,2756,2150,606,36,36,0
"Spink County","Spink County, South Dakota","G4601150","4601150","11","46115","46","115",3830,3693,137,2351,2261,90,1479,1432,47,3824,3687,137,0,0,0,2,2,0,0,0,0
"Stanley County","Stanley County, South Dakota","G4601170","4601170","11","46117","46","117",1292,1221,71,734,691,43,558,530,28,1232,1181,51,0,0,0,60,40,20,0,0,0
"Sully County","Sully County, South Dakota","G4601190","4601190","11","46119","46","119",891,871,20,598,588,10,293,283,10,889,869,20,0,0,0,0,0,0,0,0,0
"Todd County","Todd County, South Dakota","G4601210","4601210","11","46121","46","121",2516,2228,288,1341,1140,201,1175,1088,87,964,962,2,0,0,0,1543,1257,286,0,0,0
"Tripp County","Tripp County, South Dakota","G4601230","4601230","11","46123","46","123",3277,3199,78,2045,1986,59,1232,1213,19,3155,3110,45,0,0,0,0,0,0,0,0,0
"Turner County","Turner County, South Dakota","G4601250","4601250","11","46125","46","125",4048,3932,116,2595,2528,67,1453,1404,49,4034,3925,109,0,0,0,14,7,7,0,0,0
"Union County","Union County, South Dakota","G4601270","4601270","11","46127","46","127",4684,4473,211,2904,2795,109,1780,1678,102,4632,4426,206,0,0,0,20,15,5,16,16,0
"Walworth County","Walworth County, South Dakota","G4601290","4601290","11","46129","46","129",3069,2858,211,1775,1637,138,1294,1221,73,2941,2763,178,0,0,0,119,86,33,0,0,0
"Yankton County","Yankton County, South Dakota","G4601350","4601350","11","46135","46","135",9692,9384,308,5270,5118,152,4422,4266,156,9484,9202,282,0,0,0,155,140,15,6,6,0
"Ziebach County","Ziebach County, South Dakota","G4601370","4601370","11","46137","46","137",920,864,56,563,527,36,357,337,20,486,484,2,0,0,0,430,376,54,0,0,0
"Anderson County","Anderson County, Tennessee","G4700010","4700010","11","47001","47","001",30318,28276,2042,17642,16561,1081,12676,11715,961,28773,26862,1911,1203,1077,126,109,106,3,191,186,5
"Bedford County","Bedford County, Tennessee","G4700030","4700030","11","47003","47","003",13248,12522,726,7473,7052,421,5775,5470,305,11817,11228,589,1417,1280,137,0,0,0,80,80,0
"Benton County","Benton County, Tennessee","G4700050","4700050","11","47005","47","005",6080,5572,508,3613,3305,308,2467,2267,200,5925,5451,474,155,121,34,0,0,0,17,14,3
"Bledsoe County","Bledsoe County, Tennessee","G4700070","4700070","11","47007","47","007",3939,3587,352,2275,2035,240,1664,1552,112,3899,3549,350,35,35,0,0,0,0,25,16,9
"Blount County","Blount County, Tennessee","G4700090","4700090","11","47009","47","009",33879,31358,2521,20538,19068,1470,13341,12290,1051,32820,30532,2288,920,694,226,74,67,7,215,199,16
"Bradley County","Bradley County, Tennessee","G4700110","4700110","11","47011","47","011",31641,29417,2224,18059,16956,1103,13582,12461,1121,30222,28120,2102,1156,1069,87,113,97,16,230,190,40
"Campbell County","Campbell County, Tennessee","G4700130","4700130","11","47013","47","013",12632,10933,1699,7838,6671,1167,4794,4262,532,12525,10844,1681,65,54,11,29,22,7,93,83,10
"Cannon County","Cannon County, Tennessee","G4700150","4700150","11","47015","47","015",4652,4383,269,2691,2525,166,1961,1858,103,4549,4289,260,97,88,9,0,0,0,12,12,0
"Carroll County","Carroll County, Tennessee","G4700170","4700170","11","47017","47","017",12293,11321,972,6734,6225,509,5559,5096,463,11022,10159,863,1225,1124,101,0,0,0,113,105,8
"Carter County","Carter County, Tennessee","G4700190","4700190","11","47019","47","019",21615,19509,2106,12768,11421,1347,8847,8088,759,21392,19328,2064,175,133,42,16,16,0,67,60,7
"Cheatham County","Cheatham County, Tennessee","G4700210","4700210","11","47021","47","021",9915,9137,778,6051,5530,521,3864,3607,257,9627,8875,752,264,238,26,0,0,0,94,77,17
"Chester County","Chester County, Tennessee","G4700230","4700230","11","47023","47","023",5541,5191,350,3047,2845,202,2494,2346,148,5074,4777,297,0,0,0,0,0,0,45,45,0
"Claiborne County","Claiborne County, Tennessee","G4700250","4700250","11","47025","47","025",9152,8316,836,5572,5044,528,3580,3272,308,8994,8176,818,115,102,13,21,21,0,29,18,11
"Clay County","Clay County, Tennessee","G4700270","4700270","11","47027","47","027",3285,2970,315,1772,1563,209,1513,1407,106,3203,2894,309,0,0,0,0,0,0,0,0,0
"Cocke County","Cocke County, Tennessee","G4700290","4700290","11","47029","47","029",11864,10074,1790,7169,6206,963,4695,3868,827,11506,9782,1724,322,256,66,0,0,0,101,93,8
"Coffee County","Coffee County, Tennessee","G4700310","4700310","11","47031","47","031",17703,16504,1199,10506,9847,659,7197,6657,540,17013,15897,1116,612,535,77,0,0,0,59,52,7
"Crockett County","Crockett County, Tennessee","G4700330","4700330","11","47033","47","033",6229,5671,558,3583,3278,305,2646,2393,253,5189,4882,307,1024,774,250,0,0,0,42,40,2
"Cumberland County","Cumberland County, Tennessee","G4700350","4700350","11","47035","47","035",11591,10181,1410,6909,5902,1007,4682,4279,403,11562,10152,1410,0,0,0,13,13,0,109,99,10
"Davidson County","Davidson County, Tennessee","G4700370","4700370","11","47037","47","037",241894,229816,12078,130612,123804,6808,111282,106012,5270,192871,184821,8050,46966,42986,3980,465,446,19,1299,1208,91
"Decatur County","Decatur County, Tennessee","G4700390","4700390","11","47039","47","039",4716,4288,428,2643,2347,296,2073,1941,132,4556,4155,401,157,130,27,0,0,0,62,58,4
"De Kalb County","De Kalb County, Tennessee","G4700410","4700410","11","47041","47","041",6017,5490,527,3422,3094,328,2595,2396,199,5903,5410,493,102,72,30,0,0,0,72,58,14
"Dickson County","Dickson County, Tennessee","G4700430","4700430","11","47043","47","043",13529,12224,1305,7824,7033,791,5705,5191,514,12778,11577,1201,739,635,104,6,6,0,93,84,9
"Dyer County","Dyer County, Tennessee","G4700450","4700450","11","47045","47","045",15128,14036,1092,8525,7962,563,6603,6074,529,13703,12803,900,1402,1210,192,23,23,0,125,117,8
"Fayette County","Fayette County, Tennessee","G4700470","4700470","11","47047","47","047",9448,8643,805,5552,5153,399,3896,3490,406,5532,5192,340,3907,3447,460,0,0,0,98,95,3
"Fentress County","Fentress County, Tennessee","G4700490","4700490","11","47049","47","049",5546,4990,556,3179,2764,415,2367,2226,141,5546,4990,556,0,0,0,0,0,0,34,34,0
"Franklin County","Franklin County, Tennessee","G4700510","4700510","11","47051","47","051",13790,12513,1277,8330,7571,759,5460,4942,518,12763,11634,1129,963,817,146,2,2,0,107,79,28
"Gibson County","Gibson County, Tennessee","G4700530","4700530","11","47053","47","053",21273,19608,1665,11909,11045,864,9364,8563,801,18050,16897,1153,3164,2663,501,29,18,11,102,102,0
"Giles County","Giles County, Tennessee","G4700550","4700550","11","47055","47","055",11317,10485,832,6457,6005,452,4860,4480,380,9786,9121,665,1493,1326,167,0,0,0,50,50,0
"Grainger County","Grainger County, Tennessee","G4700570","4700570","11","47057","47","057",6784,6015,769,4243,3822,421,2541,2193,348,6682,5919,763,96,90,6,0,0,0,45,39,6
"Greene County","Greene County, Tennessee","G4700590","4700590","11","47059","47","059",24210,22293,1917,13908,12886,1022,10302,9407,895,23663,21811,1852,474,413,61,42,38,4,82,70,12
"Grundy County","Grundy County, Tennessee","G4700610","4700610","11","47061","47","061",4963,4401,562,3220,2886,334,1743,1515,228,4952,4392,560,0,0,0,9,9,0,49,45,4
"Hamblen County","Hamblen County, Tennessee","G4700630","4700630","11","47063","47","063",22678,20579,2099,13134,12151,983,9544,8428,1116,21491,19536,1955,1075,954,121,33,23,10,131,119,12
"Hamilton County","Hamilton County, Tennessee","G4700650","4700650","11","47065","47","065",134917,125720,9197,76247,70921,5326,58670,54799,3871,111215,104784,6431,22863,20143,2720,194,189,5,918,823,95
"Hancock County","Hancock County, Tennessee","G4700670","4700670","11","47067","47","067",2308,2055,253,1441,1273,168,867,782,85,2306,2053,253,0,0,0,0,0,0,10,5,5
"Hardeman County","Hardeman County, Tennessee","G4700690","4700690","11","47069","47","069",9090,8034,1056,5097,4566,531,3993,3468,525,6187,5655,532,2864,2347,517,0,0,0,116,90,26
"Hardin County","Hardin County, Tennessee","G4700710","4700710","11","47071","47","071",9563,8714,849,5646,5112,534,3917,3602,315,9166,8387,779,0,0,0,0,0,0,119,105,14
"Hawkins County","Hawkins County, Tennessee","G4700730","4700730","11","47073","47","073",17467,16100,1367,11156,10476,680,6311,5624,687,17078,15751,1327,331,291,40,0,0,0,52,45,7
"Haywood County","Haywood County, Tennessee","G4700750","4700750","11","47075","47","075",7789,6738,1051,4351,3880,471,3438,2858,580,0,0,0,3480,2740,740,0,0,0,111,64,47
"Henderson County","Henderson County, Tennessee","G4700770","4700770","11","47077","47","077",9462,8508,954,5416,4842,574,4046,3666,380,8613,7789,824,812,689,123,13,6,7,63,63,0
"Henry County","Henry County, Tennessee","G4700790","4700790","11","47079","47","079",12343,11197,1146,6890,6373,517,5453,4824,629,11116,10112,1004,1174,1035,139,25,22,3,75,75,0
"Hickman County","Hickman County, Tennessee","G4700810","4700810","11","47081","47","081",6504,6067,437,3798,3589,209,2706,2478,228,6221,5816,405,257,225,32,26,26,0,21,13,8
"Houston County","Houston County, Tennessee","G4700830","4700830","11","47083","47","083",2509,2265,244,1644,1480,164,865,785,80,2369,2157,212,126,94,32,0,0,0,20,18,2
"Humphreys County","Humphreys County, Tennessee","G4700850","4700850","11","47085","47","085",6652,6185,467,4171,3897,274,2481,2288,193,6418,5984,434,207,193,14,0,0,0,26,23,3
"Jackson County","Jackson County, Tennessee","G4700870","4700870","11","47087","47","087",3967,3564,403,2364,2095,269,1603,1469,134,3948,3545,403,0,0,0,0,0,0,24,24,0
"Jefferson County","Jefferson County, Tennessee","G4700890","4700890","11","47089","47","089",13913,12701,1212,8161,7608,553,5752,5093,659,13506,12345,1161,382,333,49,0,0,0,73,66,7
"Johnson County","Johnson County, Tennessee","G4700910","4700910","11","47091","47","091",5672,4908,764,3160,2582,578,2512,2326,186,5615,4857,758,41,35,6,0,0,0,7,7,0
"Knox County","Knox County, Tennessee","G4700930","4700930","11","47093","47","093",150646,141632,9014,85227,80400,4827,65419,61232,4187,138109,130369,7740,11368,10174,1194,304,275,29,780,718,62
"Lake County","Lake County, Tennessee","G4700950","4700950","11","47095","47","095",2820,2507,313,1611,1429,182,1209,1078,131,2395,2158,237,421,347,74,0,0,0,20,9,11
"Lauderdale County","Lauderdale County, Tennessee","G4700970","4700970","11","47097","47","097",9511,8540,971,5414,4764,650,4097,3776,321,7024,6476,548,2444,2039,405,41,23,18,59,48,11
"Lawrence County","Lawrence County, Tennessee","G4700990","4700990","11","47099","47","099",14733,13079,1654,8680,7677,1003,6053,5402,651,14500,12913,1587,216,149,67,6,6,0,46,46,0
"Lewis County","Lewis County, Tennessee","G4701010","4701010","11","47101","47","101",4281,4009,272,2420,2245,175,1861,1764,97,4169,3906,263,89,89,0,0,0,0,6,6,0
"Lincoln County","Lincoln County, Tennessee","G4701030","4701030","11","47103","47","103",12456,11408,1048,7153,6582,571,5303,4826,477,11234,10324,910,1174,1041,133,14,9,5,34,34,0
"Loudon County","Loudon County, Tennessee","G4701050","4701050","11","47105","47","105",13074,12119,955,7602,7074,528,5472,5045,427,12832,11902,930,213,193,20,0,0,0,38,33,5
"Mcminn County","Mcminn County, Tennessee","G4701070","4701070","11","47107","47","107",18632,17290,1342,10780,10025,755,7852,7265,587,17658,16424,1234,903,795,108,46,46,0,59,52,7
"Mcnairy County","Mcnairy County, Tennessee","G4701090","4701090","11","47109","47","109",9467,8723,744,5461,4989,472,4006,3734,272,8892,8198,694,567,517,50,0,0,0,33,26,7
"Macon County","Macon County, Tennessee","G4701110","4701110","11","47111","47","111",7170,6545,625,4132,3756,376,3038,2789,249,7156,6537,619,0,0,0,0,0,0,25,25,0
"Madison County","Madison County, Tennessee","G4701130","4701130","11","47113","47","113",33794,31574,2220,18687,17530,1157,15107,14044,1063,25501,24331,1170,8181,7131,1050,0,0,0,127,124,3
"Marion County","Marion County, Tennessee","G4701150","4701150","11","47115","47","115",9124,8253,871,5788,5258,530,3336,2995,341,8664,7880,784,447,360,87,0,0,0,29,27,2
"Marshall County","Marshall County, Tennessee","G4701170","4701170","11","47117","47","117",9177,8440,737,5156,4655,501,4021,3785,236,8256,7621,635,0,0,0,0,0,0,37,37,0
"Maury County","Maury County, Tennessee","G4701190","4701190","11","47119","47","119",23696,22234,1462,13648,12897,751,10048,9337,711,20019,18933,1086,3610,3244,366,0,0,0,176,170,6
"Meigs County","Meigs County, Tennessee","G4701210","4701210","11","47121","47","121",3125,2848,277,1947,1784,163,1178,1064,114,3076,2799,277,49,49,0,0,0,0,0,0,0
"Monroe County","Monroe County, Tennessee","G4701230","4701230","11","47123","47","123",12045,10766,1279,7277,6563,714,4768,4203,565,11593,10383,1210,432,363,69,18,18,0,48,48,0
"Montgomery County","Montgomery County, Tennessee","G4701250","4701250","11","47125","47","125",30657,28138,2519,16491,15470,1021,14166,12668,1498,25784,23957,1827,4461,3830,631,76,70,6,441,388,53
"Moore County","Moore County, Tennessee","G4701270","4701270","11","47127","47","127",2068,1967,101,1258,1192,66,810,775,35,1932,1831,101,0,0,0,0,0,0,0,0,0
"Morgan County","Morgan County, Tennessee","G4701290","4701290","11","47129","47","129",5819,5197,622,3673,3231,442,2146,1966,180,5795,5173,622,0,0,0,0,0,0,10,10,0
"Obion County","Obion County, Tennessee","G4701310","4701310","11","47131","47","131",14376,13389,987,8226,7666,560,6150,5723,427,13059,12249,810,1266,1089,177,27,27,0,135,133,2
"Overton County","Overton County, Tennessee","G4701330","4701330","11","47133","47","133",7446,6764,682,4212,3711,501,3234,3053,181,7419,6737,682,16,16,0,11,11,0,26,26,0
"Perry County","Perry County, Tennessee","G4701350","4701350","11","47135","47","135",2570,2312,258,1443,1300,143,1127,1012,115,2512,2267,245,0,0,0,0,0,0,0,0,0
"Pickett County","Pickett County, Tennessee","G4701370","4701370","11","47137","47","137",1773,1655,118,973,912,61,800,743,57,1762,1644,118,0,0,0,11,11,0,34,34,0
"Polk County","Polk County, Tennessee","G4701390","4701390","11","47139","47","139",5411,4918,493,3312,2998,314,2099,1920,179,5400,4910,490,0,0,0,0,0,0,26,26,0
"Putnam County","Putnam County, Tennessee","G4701410","4701410","11","47141","47","141",21682,20105,1577,12169,11150,1019,9513,8955,558,21142,19634,1508,402,346,56,25,12,13,119,108,11
"Rhea County","Rhea County, Tennessee","G4701430","4701430","11","47143","47","143",10464,9511,953,6062,5550,512,4402,3961,441,10130,9213,917,271,247,24,29,27,2,45,39,6
"Roane County","Roane County, Tennessee","G4701450","4701450","11","47145","47","145",21273,19301,1972,12755,11674,1081,8518,7627,891,20634,18770,1864,567,465,102,0,0,0,153,146,7
"Robertson County","Robertson County, Tennessee","G4701470","4701470","11","47147","47","147",16913,15674,1239,9954,9245,709,6959,6429,530,14838,13853,985,2034,1780,254,27,27,0,52,52,0
"Rutherford County","Rutherford County, Tennessee","G4701490","4701490","11","47149","47","149",40842,38612,2230,23372,22223,1149,17470,16389,1081,36619,34849,1770,3845,3433,412,88,81,7,256,241,15
"Scott County","Scott County, Tennessee","G4701510","4701510","11","47151","47","151",6233,5504,729,4022,3565,457,2211,1939,272,6209,5480,729,0,0,0,24,24,0,64,49,15
"Sequatchie County","Sequatchie County, Tennessee","G4701530","4701530","11","47153","47","153",3352,2976,376,2072,1836,236,1280,1140,140,3342,2966,376,0,0,0,0,0,0,26,24,2
"Sevier County","Sevier County, Tennessee","G4701550","4701550","11","47155","47","155",19129,16915,2214,11131,10099,1032,7998,6816,1182,19012,16807,2205,51,44,7,55,55,0,115,110,5
"Shelby County","Shelby County, Tennessee","G4701570","4701570","11","47157","47","157",349684,322287,27397,190959,177002,13957,158725,145285,13440,223407,213947,9460,123695,105884,17811,510,478,32,2568,2237,331
"Smith County","Smith County, Tennessee","G4701590","4701590","11","47159","47","159",6738,6222,516,4071,3810,261,2667,2412,255,6407,5910,497,297,278,19,0,0,0,81,81,0
"Stewart County","Stewart County, Tennessee","G4701610","4701610","11","47161","47","161",3377,2980,397,2059,1804,255,1318,1176,142,3309,2920,389,56,48,8,0,0,0,19,17,2
"Sullivan County","Sullivan County, Tennessee","G4701630","4701630","11","47163","47","163",64958,60788,4170,38704,36368,2336,26254,24420,1834,63555,59553,4002,1131,989,142,105,97,8,318,297,21
"Sumner County","Sumner County, Tennessee","G4701650","4701650","11","47165","47","165",40151,37674,2477,23928,22754,1174,16223,14920,1303,37993,35715,2278,2012,1813,199,45,45,0,241,211,30
"Tipton County","Tipton County, Tennessee","G4701670","4701670","11","47167","47","167",13157,12167,990,7829,7318,511,5328,4849,479,10349,9705,644,2735,2400,335,20,20,0,78,76,2
"Trousdale County","Trousdale County, Tennessee","G4701690","4701690","11","47169","47","169",3108,2943,165,1807,1694,113,1301,1249,52,2596,2461,135,0,0,0,0,0,0,18,18,0
"Unicoi County","Unicoi County, Tennessee","G4701710","4701710","11","47171","47","171",6901,6210,691,4205,3817,388,2696,2393,303,6866,6175,691,0,0,0,0,0,0,20,12,8
"Union County","Union County, Tennessee","G4701730","4701730","11","47173","47","173",4803,4471,332,2990,2812,178,1813,1659,154,4796,4469,327,0,0,0,0,0,0,9,6,3
"Van Buren County","Van Buren County, Tennessee","G4701750","4701750","11","47175","47","175",2292,2157,135,1240,1149,91,1052,1008,44,2287,2152,135,0,0,0,0,0,0,0,0,0
"Warren County","Warren County, Tennessee","G4701770","4701770","11","47177","47","177",14853,13871,982,8793,8235,558,6060,5636,424,14331,13388,943,469,433,36,0,0,0,55,55,0
"Washington County","Washington County, Tennessee","G4701790","4701790","11","47179","47","179",40757,37721,3036,24020,22389,1631,16737,15332,1405,39346,36419,2927,1205,1109,96,49,49,0,238,203,35
"Wayne County","Wayne County, Tennessee","G4701810","4701810","11","47181","47","181",5904,5402,502,3494,3200,294,2410,2202,208,5860,5362,498,44,40,4,0,0,0,24,24,0
"Weakley County","Weakley County, Tennessee","G4701830","4701830","11","47183","47","183",14271,13239,1032,7941,7319,622,6330,5920,410,13321,12386,935,904,807,97,16,16,0,62,60,2
"White County","White County, Tennessee","G4701850","4701850","11","47185","47","185",9017,8382,635,5006,4669,337,4011,3713,298,8777,8174,603,240,208,32,0,0,0,61,61,0
"Williamson County","Williamson County, Tennessee","G4701870","4701870","11","47187","47","187",28370,27380,990,16728,16204,524,11642,11176,466,25815,24983,832,2407,2255,152,50,44,6,159,131,28
"Wilson County","Wilson County, Tennessee","G4701890","4701890","11","47189","47","189",26756,25062,1694,15533,14622,911,11223,10440,783,24575,23111,1464,2073,1867,206,34,22,12,35,21,14
"Anderson County","Anderson County, Texas","G4800010","4800010","11","48001","48","001",13952,13331,621,8256,7973,283,5696,5358,338,11371,10984,387,2191,1963,228,55,55,0,433,427,6
"Andrews County","Andrews County, Texas","G4800030","4800030","11","48003","48","003",6253,6056,197,3836,3743,93,2417,2313,104,5506,5338,168,79,79,0,51,51,0,1124,1068,56
"Angelina County","Angelina County, Texas","G4800050","4800050","11","48005","48","005",27166,26068,1098,16523,15965,558,10643,10103,540,22509,21693,816,3620,3384,236,47,46,1,1461,1386,75
"Aransas County","Aransas County, Texas","G4800070","4800070","11","48007","48","007",5272,4912,360,3405,3112,293,1867,1800,67,4834,4511,323,55,39,16,34,34,0,856,788,68
"Archer County","Archer County, Texas","G4800090","4800090","11","48009","48","009",3246,3180,66,2105,2070,35,1141,1110,31,3182,3125,57,18,14,4,37,32,5,43,43,0
"Armstrong County","Armstrong County, Texas","G4800110","4800110","11","48011","48","011",858,848,10,554,552,2,304,296,8,855,845,10,0,0,0,0,0,0,7,7,0
"Atascosa County","Atascosa County, Texas","G4800130","4800130","11","48013","48","013",9367,9029,338,5986,5830,156,3381,3199,182,8585,8310,275,25,25,0,24,24,0,3938,3740,198
"Austin County","Austin County, Texas","G4800150","4800150","11","48015","48","015",7937,7793,144,4730,4662,68,3207,3131,76,6719,6631,88,916,872,44,18,14,4,411,403,8
"Bailey County","Bailey County, Texas","G4800170","4800170","11","48017","48","017",3422,3287,135,2176,2124,52,1246,1163,83,2892,2786,106,25,25,0,0,0,0,926,855,71
"Bandera County","Bandera County, Texas","G4800190","4800190","11","48019","48","019",2855,2730,125,1803,1739,64,1052,991,61,2781,2656,125,0,0,0,0,0,0,371,355,16
"Bastrop County","Bastrop County, Texas","G4800210","4800210","11","48021","48","021",10182,9747,435,5995,5748,247,4187,3999,188,8065,7781,284,1404,1320,84,11,5,6,1350,1266,84
"Baylor County","Baylor County, Texas","G4800230","4800230","11","48023","48","023",2420,2354,66,1304,1275,29,1116,1079,37,2177,2142,35,67,67,0,0,0,0,224,193,31
"Bee County","Bee County, Texas","G4800250","4800250","11","48025","48","025",9206,8823,383,5628,5484,144,3578,3339,239,7768,7460,308,179,179,0,37,31,6,4064,3864,200
"Bell County","Bell County, Texas","G4800270","4800270","11","48027","48","027",55604,51468,4136,29387,27930,1457,26217,23538,2679,45425,42795,2630,6118,5125,993,193,169,24,5368,4830,538
"Bexar County","Bexar County, Texas","G4800290","4800290","11","48029","48","029",402399,381699,20700,227490,216196,11294,174909,165503,9406,330882,315453,15429,25491,23520,1971,1212,1120,92,174976,163925,11051
"Blanco County","Blanco County, Texas","G4800310","4800310","11","48031","48","031",2066,2025,41,1197,1183,14,869,842,27,1980,1942,38,17,17,0,0,0,0,201,194,7
"Borden County","Borden County, Texas","G4800330","4800330","11","48033","48","033",341,335,6,249,247,2,92,88,4,333,327,6,0,0,0,0,0,0,19,19,0
"Bosque County","Bosque County, Texas","G4800350","4800350","11","48035","48","035",5550,5378,172,3323,3235,88,2227,2143,84,5203,5048,155,124,118,6,7,7,0,347,333,14
"Bowie County","Bowie County, Texas","G4800370","4800370","11","48037","48","037",32024,30193,1831,17890,16978,912,14134,13215,919,25674,24487,1187,5955,5332,623,182,164,18,285,272,13
"Brazoria County","Brazoria County, Texas","G4800390","4800390","11","48039","48","039",80719,77982,2737,50947,49405,1542,29772,28577,1195,71670,69300,2370,4587,4327,260,298,290,8,9128,8815,313
"Brazos County","Brazos County, Texas","G4800410","4800410","11","48041","48","041",41756,40253,1503,24169,23296,873,17587,16957,630,35296,34205,1091,3999,3693,306,130,112,18,4065,3909,156
"Brewster County","Brewster County, Texas","G4800430","4800430","11","48043","48","043",3327,3148,179,1898,1801,97,1429,1347,82,2762,2645,117,13,7,6,0,0,0,1353,1256,97
"Briscoe County","Briscoe County, Texas","G4800450","4800450","11","48045","48","045",1012,974,38,692,667,25,320,307,13,929,902,27,18,18,0,0,0,0,110,93,17
"Brooks County","Brooks County, Texas","G4800470","4800470","11","48047","48","047",3211,3029,182,2006,1887,119,1205,1142,63,2815,2667,148,0,0,0,0,0,0,2643,2514,129
"Brown County","Brown County, Texas","G4800490","4800490","11","48049","48","049",14226,13690,536,8164,7905,259,6062,5785,277,12893,12470,423,563,505,58,37,30,7,996,932,64
"Burleson County","Burleson County, Texas","G4800510","4800510","11","48051","48","051",5129,4938,191,3005,2898,107,2124,2040,84,3972,3877,95,889,803,86,5,5,0,488,481,7
"Burnet County","Burnet County, Texas","G4800530","4800530","11","48053","48","053",6438,6168,270,3851,3697,154,2587,2471,116,6129,5871,258,112,112,0,49,44,5,470,438,32
"Caldwell County","Caldwell County, Texas","G4800550","4800550","11","48055","48","055",9043,8637,406,5360,5092,268,3683,3545,138,7237,7020,217,790,699,91,16,16,0,2925,2709,216
"Calhoun County","Calhoun County, Texas","G4800570","4800570","11","48057","48","057",8685,8455,230,5594,5475,119,3091,2980,111,7674,7457,217,239,234,5,19,19,0,2507,2466,41
"Callahan County","Callahan County, Texas","G4800590","4800590","11","48059","48","059",4509,4384,125,2798,2747,51,1711,1637,74,4405,4282,123,0,0,0,0,0,0,152,150,2
"Cameron County","Cameron County, Texas","G4800610","4800610","11","48061","48","061",77405,71401,6004,45046,41460,3586,32359,29941,2418,61385,56939,4446,360,338,22,229,227,2,57177,51897,5280
"Camp County","Camp County, Texas","G4800630","4800630","11","48063","48","063",4017,3849,168,2389,2284,105,1628,1565,63,3135,3044,91,852,775,77,0,0,0,55,55,0
"Carson County","Carson County, Texas","G4800650","4800650","11","48065","48","065",2934,2854,80,1880,1855,25,1054,999,55,2871,2791,80,0,0,0,24,24,0,87,82,5
"Cass County","Cass County, Texas","G4800670","4800670","11","48067","48","067",11604,10915,689,7103,6791,312,4501,4124,377,9480,9002,478,2043,1832,211,38,38,0,123,117,6
"Castro County","Castro County, Texas","G4800690","4800690","11","48069","48","069",4092,3976,116,2766,2719,47,1326,1257,69,3214,3137,77,109,93,16,0,0,0,1311,1272,39
"Chambers County","Chambers County, Texas","G4800710","4800710","11","48071","48","071",8018,7750,268,5089,4916,173,2929,2834,95,6948,6720,228,897,857,40,60,60,0,241,241,0
"Cherokee County","Cherokee County, Texas","G4800730","4800730","11","48073","48","073",16414,15745,669,9197,8869,328,7217,6876,341,13106,12569,537,2885,2782,103,21,18,3,537,503,34
"Childress County","Childress County, Texas","G4800750","4800750","11","48075","48","075",2809,2759,50,1735,1719,16,1074,1040,34,2586,2545,41,140,140,0,0,0,0,281,266,15
"Clay County","Clay County, Texas","G4800770","4800770","11","48077","48","077",4192,4126,66,2538,2513,25,1654,1613,41,4130,4065,65,36,36,0,20,19,1,26,24,2
"Cochran County","Cochran County, Texas","G4800790","4800790","11","48079","48","079",1836,1745,91,1241,1190,51,595,555,40,1409,1361,48,75,71,4,0,0,0,528,470,58
"Coke County","Coke County, Texas","G4800810","4800810","11","48081","48","081",1321,1295,26,794,783,11,527,512,15,1177,1157,20,0,0,0,7,7,0,161,153,8
"Coleman County","Coleman County, Texas","G4800830","4800830","11","48083","48","083",4207,4056,151,2503,2450,53,1704,1606,98,3814,3672,142,138,134,4,0,0,0,343,322,21
"Collin County","Collin County, Texas","G4800850","4800850","11","48085","48","085",70070,68419,1651,41964,41129,835,28106,27290,816,65457,64025,1432,2543,2390,153,329,309,20,2921,2841,80
"Collingsworth County","Collingsworth County, Texas","G4800870","4800870","11","48087","48","087",1903,1840,63,1145,1140,5,758,700,58,1696,1639,57,81,80,1,7,7,0,188,183,5
"Colorado County","Colorado County, Texas","G4800890","4800890","11","48089","48","089",7844,7681,163,5041,4954,87,2803,2727,76,6160,6090,70,1139,1062,77,0,0,0,987,956,31
"Comal County","Comal County, Texas","G4800910","4800910","11","48091","48","091",16120,15645,475,9548,9348,200,6572,6297,275,14852,14444,408,186,172,14,70,64,6,3661,3476,185
"Comanche County","Comanche County, Texas","G4800930","4800930","11","48093","48","093",4999,4886,113,3004,2962,42,1995,1924,71,4728,4623,105,0,0,0,0,0,0,452,433,19
"Concho County","Concho County, Texas","G4800950","4800950","11","48095","48","095",1229,1180,49,772,746,26,457,434,23,1016,979,37,0,0,0,0,0,0,306,288,18
"Cooke County","Cooke County, Texas","G4800970","4800970","11","48097","48","097",12689,12229,460,7714,7566,148,4975,4663,312,11962,11560,402,486,433,53,108,108,0,216,203,13
"Coryell County","Coryell County, Texas","G4800990","4800990","11","48099","48","099",12703,11465,1238,6175,5758,417,6528,5707,821,11081,10183,898,937,677,260,87,80,7,620,524,96
"Cottle County","Cottle County, Texas","G4801010","4801010","11","48101","48","101",1196,1172,24,769,758,11,427,414,13,1100,1081,19,58,53,5,0,0,0,145,143,2
"Crane County","Crane County, Texas","G4801030","4801030","11","48103","48","103",1927,1875,52,1322,1309,13,605,566,39,1665,1617,48,15,15,0,0,0,0,373,365,8
"Crockett County","Crockett County, Texas","G4801050","4801050","11","48105","48","105",1907,1865,42,1347,1317,30,560,548,12,1451,1423,28,0,0,0,0,0,0,717,701,16
"Crosby County","Crosby County, Texas","G4801070","4801070","11","48107","48","107",3323,3174,149,2226,2137,89,1097,1037,60,2555,2454,101,156,144,12,0,0,0,1104,1035,69
"Culberson County","Culberson County, Texas","G4801090","4801090","11","48109","48","109",1318,1239,79,864,796,68,454,443,11,1165,1086,79,0,0,0,0,0,0,766,711,55
"Dallam County","Dallam County, Texas","G4801110","4801110","11","48111","48","111",2813,2750,63,1811,1792,19,1002,958,44,2547,2487,60,46,46,0,0,0,0,424,390,34
"Dallas County","Dallas County, Texas","G4801130","4801130","11","48113","48","113",829704,805226,24478,461037,448708,12329,368667,356518,12149,642526,627920,14606,133683,126008,7675,4169,3972,197,71716,68800,2916
"Dawson County","Dawson County, Texas","G4801150","4801150","11","48115","48","115",6563,6400,163,4133,4073,60,2430,2327,103,5667,5559,108,217,198,19,0,0,0,1957,1889,68
"Deaf Smith County","Deaf Smith County, Texas","G4801170","4801170","11","48117","48","117",8623,8386,237,5533,5409,124,3090,2977,113,7427,7244,183,171,171,0,25,25,0,2765,2613,152
"Delta County","Delta County, Texas","G4801190","4801190","11","48119","48","119",1919,1801,118,1068,1033,35,851,768,83,1814,1705,109,90,83,7,0,0,0,0,0,0
"Denton County","Denton County, Texas","G4801210","4801210","11","48121","48","121",74418,72644,1774,42523,41727,796,31895,30917,978,69147,67592,1555,2988,2830,158,286,282,4,2906,2803,103
"De Witt County","De Witt County, Texas","G4801230","4801230","11","48123","48","123",7718,7402,316,4726,4560,166,2992,2842,150,6371,6144,227,778,731,47,26,26,0,1545,1432,113
"Dickens County","Dickens County, Texas","G4801250","4801250","11","48125","48","125",1367,1298,69,812,770,42,555,528,27,1214,1176,38,50,41,9,0,0,0,178,149,29
"Dimmit County","Dimmit County, Texas","G4801270","4801270","11","48127","48","127",4088,3793,295,2487,2358,129,1601,1435,166,3440,3199,241,14,14,0,7,7,0,2912,2668,244
"Donley County","Donley County, Texas","G4801290","4801290","11","48129","48","129",1722,1694,28,1064,1052,12,658,642,16,1657,1632,25,36,33,3,0,0,0,41,41,0
"Duval County","Duval County, Texas","G4801310","4801310","11","48131","48","131",4262,4060,202,2813,2678,135,1449,1382,67,3975,3784,191,0,0,0,0,0,0,3426,3265,161
"Eastland County","Eastland County, Texas","G4801330","4801330","11","48133","48","133",8012,7810,202,4709,4616,93,3303,3194,109,7717,7525,192,110,104,6,33,33,0,392,383,9
"Ector County","Ector County, Texas","G4801350","4801350","11","48135","48","135",57371,56025,1346,35945,35299,646,21426,20726,700,49989,48901,1088,2530,2400,130,449,443,6,10141,9736,405
"Edwards County","Edwards County, Texas","G4801370","4801370","11","48137","48","137",708,690,18,497,484,13,211,206,5,586,570,16,0,0,0,0,0,0,287,276,11
"Ellis County","Ellis County, Texas","G4801390","4801390","11","48139","48","139",27082,26124,958,15929,15439,490,11153,10685,468,22945,22278,667,2715,2480,235,142,142,0,2195,2046,149
"El Paso County","El Paso County, Texas","G4801410","4801410","11","48141","48","141",181867,167344,14523,104611,96103,8508,77256,71241,6015,133324,123716,9608,4834,4066,768,726,630,96,108739,98625,10114
"Erath County","Erath County, Texas","G4801430","4801430","11","48143","48","143",9858,9507,351,5835,5655,180,4023,3852,171,9481,9169,312,94,94,0,5,5,0,352,322,30
"Falls County","Falls County, Texas","G4801450","4801450","11","48145","48","145",7279,7055,224,4020,3907,113,3259,3148,111,5313,5218,95,1540,1420,120,0,0,0,641,627,14
"Fannin County","Fannin County, Texas","G4801470","4801470","11","48147","48","147",10508,10043,465,6140,5908,232,4368,4135,233,9702,9326,376,669,592,77,19,16,3,139,130,9
"Fayette County","Fayette County, Texas","G4801490","4801490","11","48149","48","149",8389,8242,147,5356,5299,57,3033,2943,90,7643,7528,115,539,510,29,0,0,0,404,396,8
"Fisher County","Fisher County, Texas","G4801510","4801510","11","48151","48","151",2314,2256,58,1517,1496,21,797,760,37,2027,1985,42,71,62,9,0,0,0,367,352,15
"Floyd County","Floyd County, Texas","G4801530","4801530","11","48153","48","153",3904,3751,153,2586,2497,89,1318,1254,64,3032,2972,60,168,154,14,0,0,0,1090,998,92
"Foard County","Foard County, Texas","G4801550","4801550","11","48155","48","155",858,823,35,519,497,22,339,326,13,775,755,20,23,13,10,0,0,0,97,89,8
"Fort Bend County","Fort Bend County, Texas","G4801570","4801570","11","48157","48","157",63676,61981,1695,38263,37334,929,25413,24647,766,47141,46114,1027,9487,9059,428,181,179,2,10937,10584,353
"Franklin County","Franklin County, Texas","G4801590","4801590","11","48159","48","159",2748,2650,98,1657,1621,36,1091,1029,62,2526,2435,91,188,181,7,0,0,0,19,19,0
"Freestone County","Freestone County, Texas","G4801610","4801610","11","48161","48","161",5438,5292,146,3405,3339,66,2033,1953,80,4343,4260,83,1023,960,63,0,0,0,78,78,0
"Frio County","Frio County, Texas","G4801630","4801630","11","48163","48","163",5034,4729,305,3218,2989,229,1816,1740,76,4335,4092,243,29,29,0,0,0,0,3094,2811,283
"Gaines County","Gaines County, Texas","G4801650","4801650","11","48165","48","165",5391,5243,148,3681,3629,52,1710,1614,96,4895,4773,122,69,65,4,0,0,0,1352,1274,78
"Galveston County","Galveston County, Texas","G4801670","4801670","11","48167","48","167",96043,91709,4334,55785,53178,2607,40258,38531,1727,74300,71643,2657,16701,15290,1411,380,355,25,10656,10155,501
"Garza County","Garza County, Texas","G4801690","4801690","11","48169","48","169",2159,2149,10,1351,1351,0,808,798,10,1706,1702,4,64,64,0,22,22,0,465,459,6
"Gillespie County","Gillespie County, Texas","G4801710","4801710","11","48171","48","171",6112,5954,158,3445,3378,67,2667,2576,91,5951,5802,149,10,10,0,17,17,0,483,435,48
"Glasscock County","Glasscock County, Texas","G4801730","4801730","11","48173","48","173",489,485,4,394,394,0,95,91,4,419,415,4,0,0,0,0,0,0,99,97,2
"Goliad County","Goliad County, Texas","G4801750","4801750","11","48175","48","175",2148,2072,76,1370,1322,48,778,750,28,1644,1600,44,200,188,12,0,0,0,685,657,28
"Gonzales County","Gonzales County, Texas","G4801770","4801770","11","48177","48","177",6963,6766,197,4268,4187,81,2695,2579,116,5701,5559,142,695,664,31,0,0,0,1752,1691,61
"Gray County","Gray County, Texas","G4801790","4801790","11","48179","48","179",11961,11558,403,7609,7414,195,4352,4144,208,11191,10851,340,424,373,51,93,89,4,473,447,26
"Grayson County","Grayson County, Texas","G4801810","4801810","11","48181","48","181",42195,40682,1513,23822,23077,745,18373,17605,768,38965,37668,1297,2615,2442,173,377,344,33,522,509,13
"Gregg County","Gregg County, Texas","G4801830","4801830","11","48183","48","183",47713,45693,2020,28599,27683,916,19114,18010,1104,39066,37832,1234,7573,6862,711,223,207,16,1114,1043,71
"Grimes County","Grimes County, Texas","G4801850","4801850","11","48185","48","185",5455,5235,220,3379,3249,130,2076,1986,90,3964,3859,105,1303,1195,108,0,0,0,579,541,38
"Guadalupe County","Guadalupe County, Texas","G4801870","4801870","11","48187","48","187",20549,19803,746,11868,11545,323,8681,8258,423,17803,17212,591,1241,1203,38,34,29,5,4707,4478,229
"Hale County","Hale County, Texas","G4801890","4801890","11","48189","48","189",15923,15301,622,9730,9416,314,6193,5885,308,12907,12485,422,653,605,48,54,54,0,4171,3913,258
"Hall County","Hall County, Texas","G4801910","4801910","11","48191","48","191",2241,2123,118,1435,1389,46,806,734,72,1984,1884,100,155,137,18,0,0,0,286,272,14
"Hamilton County","Hamilton County, Texas","G4801930","4801930","11","48193","48","193",3459,3382,77,2027,1986,41,1432,1396,36,3335,3258,77,0,0,0,0,0,0,119,119,0
"Hansford County","Hansford County, Texas","G4801950","4801950","11","48195","48","195",2914,2861,53,1952,1920,32,962,941,21,2717,2671,46,0,0,0,17,17,0,269,260,9
"Hardeman County","Hardeman County, Texas","G4801970","4801970","11","48197","48","197",2579,2500,79,1565,1534,31,1014,966,48,2338,2282,56,133,116,17,0,0,0,190,173,17
"Hardin County","Hardin County, Texas","G4801990","4801990","11","48199","48","199",16731,16117,614,10919,10561,358,5812,5556,256,15374,14885,489,1295,1187,108,19,12,7,249,225,24
"Harris County","Harris County, Texas","G4802010","4802010","11","48201","48","201",1267845,1224828,43017,748473,724899,23574,519372,499929,19443,936027,911218,24809,225430,212213,13217,3841,3623,218,166265,158593,7672
"Harrison County","Harrison County, Texas","G4802030","4802030","11","48203","48","203",22278,21194,1084,13144,12642,502,9134,8552,582,16252,15622,630,5683,5242,441,60,60,0,436,429,7
"Hartley County","Hartley County, Texas","G4802050","4802050","11","48205","48","205",1705,1671,34,1134,1108,26,571,563,8,1628,1600,28,0,0,0,0,0,0,93,82,11
"Haskell County","Haskell County, Texas","G4802070","4802070","11","48207","48","207",3158,3109,49,1965,1935,30,1193,1174,19,2748,2700,48,121,121,0,8,8,0,399,384,15
"Hays County","Hays County, Texas","G4802090","4802090","11","48209","48","209",17535,16909,626,9756,9415,341,7779,7494,285,14940,14385,555,530,509,21,38,38,0,5091,4869,222
"Hemphill County","Hemphill County, Texas","G4802110","4802110","11","48211","48","211",2505,2417,88,1667,1615,52,838,802,36,2387,2310,77,0,0,0,0,0,0,216,202,14
"Henderson County","Henderson County, Texas","G4802130","4802130","11","48213","48","213",17784,16956,828,10491,10095,396,7293,6861,432,15722,14984,738,1824,1747,77,68,59,9,247,243,4
"Hidalgo County","Hidalgo County, Texas","G4802150","4802150","11","48215","48","215",104940,96053,8887,60997,56059,4938,43943,39994,3949,88872,81482,7390,213,197,16,156,150,6,82682,74609,8073
"Hill County","Hill County, Texas","G4802170","4802170","11","48217","48","217",10084,9701,383,5869,5651,218,4215,4050,165,8911,8636,275,783,725,58,29,29,0,516,456,60
"Hockley County","Hockley County, Texas","G4802190","4802190","11","48219","48","219",9676,9360,316,6358,6231,127,3318,3129,189,8345,8070,275,335,319,16,67,67,0,2101,1956,145
"Hood County","Hood County, Texas","G4802210","4802210","11","48221","48","221",7715,7476,239,5017,4921,96,2698,2555,143,7622,7400,222,0,0,0,0,0,0,178,156,22
"Hopkins County","Hopkins County, Texas","G4802230","4802230","11","48223","48","223",11014,10630,384,6459,6330,129,4555,4300,255,9738,9433,305,1108,1029,79,33,33,0,149,149,0
"Houston County","Houston County, Texas","G4802250","4802250","11","48225","48","225",7140,6802,338,4209,4019,190,2931,2783,148,5300,5077,223,1757,1649,108,27,20,7,101,101,0
"Howard County","Howard County, Texas","G4802270","4802270","11","48227","48","227",14301,13893,408,8687,8487,200,5614,5406,208,12039,11777,262,476,440,36,44,44,0,2426,2302,124
"Hudspeth County","Hudspeth County, Texas","G4802290","4802290","11","48229","48","229",1028,1003,25,730,720,10,298,283,15,950,927,23,0,0,0,0,0,0,482,469,13
"Hunt County","Hunt County, Texas","G4802310","4802310","11","48231","48","231",25258,24002,1256,14471,13843,628,10787,10159,628,22023,21139,884,2772,2408,364,85,80,5,529,504,25
"Hutchinson County","Hutchinson County, Texas","G4802330","4802330","11","48233","48","233",11614,11296,318,7538,7401,137,4076,3895,181,10872,10593,279,335,313,22,166,153,13,481,465,16
"Irion County","Irion County, Texas","G4802350","4802350","11","48235","48","235",634,618,16,427,418,9,207,200,7,602,586,16,0,0,0,0,0,0,113,113,0
"Jack County","Jack County, Texas","G4802370","4802370","11","48237","48","237",3150,3044,106,1980,1943,37,1170,1101,69,3074,2992,82,30,23,7,0,0,0,59,42,17
"Jackson County","Jackson County, Texas","G4802390","4802390","11","48239","48","239",5607,5399,208,3639,3525,114,1968,1874,94,4769,4609,160,596,552,44,0,0,0,962,935,27
"Jasper County","Jasper County, Texas","G4802410","4802410","11","48241","48","241",11719,11085,634,7137,6781,356,4582,4304,278,9661,9143,518,2002,1896,106,18,12,6,151,145,6
"Jeff Davis County","Jeff Davis County, Texas","G4802430","4802430","11","48243","48","243",641,625,16,407,395,12,234,230,4,598,587,11,0,0,0,0,0,0,265,254,11
"Jefferson County","Jefferson County, Texas","G4802450","4802450","11","48245","48","245",114573,107364,7209,69099,64916,4183,45474,42448,3026,82673,79259,3414,29510,25965,3545,266,249,17,4519,4263,256
"Jim Hogg County","Jim Hogg County, Texas","G4802470","4802470","11","48247","48","247",1928,1795,133,1235,1182,53,693,613,80,1804,1694,110,0,0,0,0,0,0,1682,1549,133
"Jim Wells County","Jim Wells County, Texas","G4802490","4802490","11","48249","48","249",14485,13922,563,9221,8933,288,5264,4989,275,13191,12718,473,93,93,0,15,15,0,8807,8381,426
"Johnson County","Johnson County, Texas","G4802510","4802510","11","48251","48","251",31431,30462,969,18615,18197,418,12816,12265,551,30050,29163,887,792,715,77,106,106,0,1187,1138,49
"Jones County","Jones County, Texas","G4802530","4802530","11","48253","48","253",6831,6655,176,4207,4100,107,2624,2555,69,6000,5865,135,236,221,15,12,9,3,865,827,38
"Karnes County","Karnes County, Texas","G4802550","4802550","11","48255","48","255",5407,5240,167,3395,3302,93,2012,1938,74,4678,4542,136,113,103,10,0,0,0,1986,1889,97
"Kaufman County","Kaufman County, Texas","G4802570","4802570","11","48257","48","257",17501,16987,514,10192,9923,269,7309,7064,245,14261,13879,382,2808,2685,123,42,42,0,583,566,17
"Kendall County","Kendall County, Texas","G4802590","4802590","11","48259","48","259",4539,4374,165,2759,2693,66,1780,1681,99,4204,4067,137,0,0,0,29,29,0,562,516,46
"Kenedy County","Kenedy County, Texas","G4802610","4802610","11","48261","48","261",220,217,3,166,164,2,54,53,1,180,177,3,0,0,0,0,0,0,181,178,3
"Kent County","Kent County, Texas","G4802630","4802630","11","48263","48","263",535,527,8,335,335,0,200,192,8,503,495,8,0,0,0,0,0,0,33,33,0
"Kerr County","Kerr County, Texas","G4802650","4802650","11","48265","48","265",11565,11179,386,6337,6118,219,5228,5061,167,10555,10223,332,342,334,8,57,49,8,1661,1600,61
"Kimble County","Kimble County, Texas","G4802670","4802670","11","48267","48","267",1734,1713,21,1120,1112,8,614,601,13,1691,1670,21,0,0,0,0,0,0,247,241,6
"King County","King County, Texas","G4802690","4802690","11","48269","48","269",215,202,13,137,137,0,78,65,13,201,188,13,0,0,0,0,0,0,8,8,0
"Kinney County","Kinney County, Texas","G4802710","4802710","11","48271","48","271",855,809,46,548,524,24,307,285,22,717,688,29,25,25,0,0,0,0,436,396,40
"Kleberg County","Kleberg County, Texas","G4802730","4802730","11","48273","48","273",13030,12335,695,7672,7358,314,5358,4977,381,11061,10544,517,413,395,18,56,49,7,6781,6337,444
"Knox County","Knox County, Texas","G4802750","4802750","11","48275","48","275",2130,2074,56,1369,1336,33,761,738,23,1808,1765,43,102,97,5,0,0,0,304,293,11
"Lamar County","Lamar County, Texas","G4802770","4802770","11","48277","48","277",18007,17142,865,10173,9847,326,7834,7295,539,15893,15242,651,2025,1811,214,44,44,0,129,120,9
"Lamb County","Lamb County, Texas","G4802790","4802790","11","48279","48","279",7541,7343,198,4807,4707,100,2734,2636,98,6136,6015,121,362,337,25,42,42,0,1764,1681,83
"Lampasas County","Lampasas County, Texas","G4802810","4802810","11","48281","48","281",4743,4428,315,2748,2599,149,1995,1829,166,4341,4083,258,71,71,0,13,13,0,476,408,68
"La Salle County","La Salle County, Texas","G4802830","4802830","11","48283","48","283",2011,1816,195,1349,1215,134,662,601,61,1732,1556,176,0,0,0,0,0,0,1315,1142,173
"Lavaca County","Lavaca County, Texas","G4802850","4802850","11","48285","48","285",8052,7877,175,4810,4710,100,3242,3167,75,7263,7133,130,512,467,45,20,20,0,564,552,12
"Lee County","Lee County, Texas","G4802870","4802870","11","48287","48","287",4461,4297,164,2804,2727,77,1657,1570,87,3810,3704,106,523,483,40,0,0,0,248,222,26
"Leon County","Leon County, Texas","G4802890","4802890","11","48289","48","289",3412,3329,83,2166,2119,47,1246,1210,36,2843,2784,59,532,508,24,0,0,0,70,70,0
"Liberty County","Liberty County, Texas","G4802910","4802910","11","48291","48","291",19239,18374,865,12489,11975,514,6750,6399,351,16529,15860,669,2512,2331,181,89,89,0,296,272,24
"Limestone County","Limestone County, Texas","G4802930","4802930","11","48293","48","293",7791,7533,258,4123,3981,142,3668,3552,116,6062,5909,153,1611,1521,90,7,7,0,210,181,29
"Lipscomb County","Lipscomb County, Texas","G4802950","4802950","11","48295","48","295",1700,1667,33,1083,1070,13,617,597,20,1650,1617,33,0,0,0,0,0,0,110,108,2
"Live Oak County","Live Oak County, Texas","G4802970","4802970","11","48297","48","297",3981,3841,140,2755,2670,85,1226,1171,55,3757,3626,131,0,0,0,24,24,0,1158,1093,65
"Llano County","Llano County, Texas","G4802990","4802990","11","48299","48","299",3457,3305,152,2038,1993,45,1419,1312,107,3313,3161,152,0,0,0,44,44,0,133,133,0
"Loving County","Loving County, Texas","G4803010","4803010","11","48301","48","301",47,45,2,40,38,2,7,7,0,0,0,0,0,0,0,0,0,0,14,14,0
"Lubbock County","Lubbock County, Texas","G4803030","4803030","11","48303","48","303",101520,98358,3162,57972,56407,1565,43548,41951,1597,85856,83578,2278,6437,6039,398,314,307,7,16309,15427,882
"Lynn County","Lynn County, Texas","G4803050","4803050","11","48305","48","305",3195,3076,119,2211,2172,39,984,904,80,2591,2511,80,126,112,14,0,0,0,1001,952,49
"Mcculloch County","Mcculloch County, Texas","G4803070","4803070","11","48307","48","307",3467,3339,128,2109,2008,101,1358,1331,27,3088,2999,89,85,76,9,0,0,0,628,587,41
"Mclennan County","Mclennan County, Texas","G4803090","4803090","11","48309","48","309",76798,73365,3433,43289,41395,1894,33509,31970,1539,62724,60429,2295,10615,9741,874,207,198,9,6165,5719,446
"Mcmullen County","Mcmullen County, Texas","G4803110","4803110","11","48311","48","311",384,379,5,264,262,2,120,117,3,0,0,0,0,0,0,0,0,0,120,117,3
"Madison County","Madison County, Texas","G4803130","4803130","11","48313","48","313",3284,3193,91,1970,1920,50,1314,1273,41,2565,2485,80,604,593,11,4,4,0,222,222,0
"Marion County","Marion County, Texas","G4803150","4803150","11","48315","48","315",3788,3524,264,2281,2178,103,1507,1346,161,2672,2510,162,0,0,0,0,0,0,8,8,0
"Martin County","Martin County, Texas","G4803170","4803170","11","48317","48","317",1962,1905,57,1249,1225,24,713,680,33,1710,1665,45,27,27,0,0,0,0,574,538,36
"Mason County","Mason County, Texas","G4803190","4803190","11","48319","48","319",1599,1547,52,979,948,31,620,599,21,1463,1423,40,0,0,0,0,0,0,204,192,12
"Matagorda County","Matagorda County, Texas","G4803210","4803210","11","48321","48","321",17195,16648,547,10945,10623,322,6250,6025,225,13234,12895,339,2439,2323,116,41,34,7,3019,2914,105
"Maverick County","Maverick County, Texas","G4803230","4803230","11","48323","48","323",10604,9177,1427,6349,5418,931,4255,3759,496,8715,7550,1165,0,0,0,130,122,8,9380,8007,1373
"Medina County","Medina County, Texas","G4803250","4803250","11","48325","48","325",8990,8526,464,5714,5453,261,3276,3073,203,8221,7817,404,25,11,14,35,35,0,3434,3184,250
"Menard County","Menard County, Texas","G4803270","4803270","11","48327","48","327",895,877,18,577,559,18,318,318,0,793,775,18,0,0,0,0,0,0,229,222,7
"Midland County","Midland County, Texas","G4803290","4803290","11","48329","48","329",42577,41753,824,25716,25287,429,16861,16466,395,36006,35369,637,3491,3359,132,203,198,5,5220,5108,112
"Milam County","Milam County, Texas","G4803310","4803310","11","48331","48","331",8820,8605,215,5518,5404,114,3302,3201,101,7487,7338,149,827,776,51,21,21,0,823,790,33
"Mills County","Mills County, Texas","G4803330","4803330","11","48333","48","333",1831,1775,56,1115,1080,35,716,695,21,1715,1675,40,0,0,0,0,0,0,139,132,7
"Mitchell County","Mitchell County, Texas","G4803350","4803350","11","48335","48","335",3651,3560,91,2202,2168,34,1449,1392,57,3016,2945,71,188,178,10,0,0,0,791,776,15
"Montague County","Montague County, Texas","G4803370","4803370","11","48337","48","337",7269,7053,216,4260,4140,120,3009,2913,96,7172,6956,216,0,0,0,57,57,0,52,52,0
"Montgomery County","Montgomery County, Texas","G4803390","4803390","11","48339","48","339",59578,57531,2047,37097,36091,1006,22481,21440,1041,56269,54433,1836,2382,2199,183,239,222,17,1948,1889,59
"Moore County","Moore County, Texas","G4803410","4803410","11","48341","48","341",7545,7300,245,4953,4837,116,2592,2463,129,7037,6843,194,20,13,7,83,72,11,1237,1164,73
"Morris County","Morris County, Texas","G4803430","4803430","11","48343","48","343",6119,5916,203,3786,3706,80,2333,2210,123,4875,4702,173,1182,1152,30,27,27,0,97,91,6
"Motley County","Motley County, Texas","G4803450","4803450","11","48345","48","345",780,752,28,550,547,3,230,205,25,715,690,25,40,37,3,0,0,0,45,42,3
"Nacogdoches County","Nacogdoches County, Texas","G4803470","4803470","11","48347","48","347",21217,20328,889,12002,11488,514,9215,8840,375,17363,16803,560,3458,3154,304,65,58,7,779,744,35
"Navarro County","Navarro County, Texas","G4803490","4803490","11","48349","48","349",15186,14587,599,8528,8229,299,6658,6358,300,12005,11637,368,2713,2505,208,55,55,0,584,559,25
"Newton County","Newton County, Texas","G4803510","4803510","11","48351","48","351",4575,4173,402,3045,2786,259,1530,1387,143,3831,3487,344,717,664,53,0,0,0,32,32,0
"Nolan County","Nolan County, Texas","G4803530","4803530","11","48353","48","353",7597,7369,228,4598,4471,127,2999,2898,101,6524,6340,184,346,336,10,0,0,0,1262,1188,74
"Nueces County","Nueces County, Texas","G4803550","4803550","11","48355","48","355",120615,114780,5835,71053,67660,3393,49562,47120,2442,100709,96346,4363,5356,4853,503,455,434,21,52059,49011,3048
"Ochiltree County","Ochiltree County, Texas","G4803570","4803570","11","48357","48","357",4579,4480,99,3099,3051,48,1480,1429,51,4410,4321,89,0,0,0,42,42,0,350,319,31
"Oldham County","Oldham County, Texas","G4803590","4803590","11","48359","48","359",945,912,33,573,569,4,372,343,29,926,893,33,0,0,0,0,0,0,45,45,0
"Orange County","Orange County, Texas","G4803610","4803610","11","48361","48","361",36850,34435,2415,23863,22418,1445,12987,12017,970,33600,31483,2117,2750,2490,260,128,118,10,771,713,58
"Palo Pinto County","Palo Pinto County, Texas","G4803630","4803630","11","48363","48","363",10331,9897,434,6207,5982,225,4124,3915,209,9475,9089,386,392,357,35,6,6,0,517,501,16
"Panola County","Panola County, Texas","G4803650","4803650","11","48365","48","365",8394,7949,445,5268,5025,243,3126,2924,202,6659,6346,313,1619,1487,132,20,20,0,145,138,7
"Parker County","Parker County, Texas","G4803670","4803670","11","48367","48","367",19928,19270,658,12454,12145,309,7474,7125,349,19130,18494,636,153,153,0,128,119,9,653,629,24
"Parmer County","Parmer County, Texas","G4803690","4803690","11","48369","48","369",4375,4243,132,3020,2972,48,1355,1271,84,3754,3653,101,54,54,0,0,0,0,1180,1123,57
"Pecos County","Pecos County, Texas","G4803710","4803710","11","48371","48","371",6216,6024,192,4138,4028,110,2078,1996,82,5052,4898,154,33,33,0,6,0,6,2503,2391,112
"Polk County","Polk County, Texas","G4803730","4803730","11","48373","48","373",8523,8098,425,5423,5171,252,3100,2927,173,7032,6753,279,1114,991,123,224,210,14,353,338,15
"Potter County","Potter County, Texas","G4803750","4803750","11","48375","48","375",47500,45423,2077,27449,26276,1173,20051,19147,904,40692,39089,1603,3680,3341,339,407,377,30,4950,4697,253
"Presidio County","Presidio County, Texas","G4803770","4803770","11","48377","48","377",1746,1674,72,1127,1082,45,619,592,27,1452,1401,51,0,0,0,0,0,0,1198,1134,64
"Rains County","Rains County, Texas","G4803790","4803790","11","48379","48","379",1852,1777,75,1134,1095,39,718,682,36,1712,1650,62,90,77,13,35,35,0,32,32,0
"Randall County","Randall County, Texas","G4803810","4803810","11","48381","48","381",39036,38193,843,22955,22522,433,16081,15671,410,37886,37074,812,242,224,18,123,117,6,1658,1620,38
"Reagan County","Reagan County, Texas","G4803830","4803830","11","48383","48","383",1672,1613,59,1236,1213,23,436,400,36,1393,1339,54,58,53,5,0,0,0,412,403,9
"Real County","Real County, Texas","G4803850","4803850","11","48385","48","385",918,873,45,550,522,28,368,351,17,886,843,43,0,0,0,0,0,0,169,155,14
"Red River County","Red River County, Texas","G4803870","4803870","11","48387","48","387",6041,5651,390,3467,3273,194,2574,2378,196,4866,4578,288,1098,999,99,32,29,3,113,108,5
"Reeves County","Reeves County, Texas","G4803890","4803890","11","48389","48","389",5880,5583,297,3930,3780,150,1950,1803,147,4082,3940,142,144,112,32,0,0,0,3073,2863,210
"Refugio County","Refugio County, Texas","G4803910","4803910","11","48391","48","391",3797,3677,120,2430,2370,60,1367,1307,60,3265,3154,111,255,252,3,0,0,0,1290,1231,59
"Roberts County","Roberts County, Texas","G4803930","4803930","11","48393","48","393",512,494,18,346,340,6,166,154,12,509,491,18,0,0,0,0,0,0,3,3,0
"Robertson County","Robertson County, Texas","G4803950","4803950","11","48395","48","395",5203,4989,214,3118,3019,99,2085,1970,115,3579,3501,78,1352,1216,136,0,0,0,456,454,2
"Rockwall County","Rockwall County, Texas","G4803970","4803970","11","48397","48","397",7280,7167,113,4335,4289,46,2945,2878,67,6898,6795,103,271,261,10,0,0,0,214,214,0
"Runnels County","Runnels County, Texas","G4803990","4803990","11","48399","48","399",4837,4681,156,2989,2920,69,1848,1761,87,4281,4163,118,101,84,17,13,13,0,865,822,43
"Rusk County","Rusk County, Texas","G4804010","4804010","11","48401","48","401",17063,16494,569,10325,9980,345,6738,6514,224,13508,13189,319,3327,3080,247,51,51,0,251,248,3
"Sabine County","Sabine County, Texas","G4804030","4804030","11","48403","48","403",2908,2667,241,1888,1723,165,1020,944,76,2492,2301,191,0,0,0,0,0,0,38,38,0
"San Augustine County","San Augustine County, Texas","G4804050","4804050","11","48405","48","405",3219,3022,197,1818,1687,131,1401,1335,66,2333,2226,107,871,781,90,0,0,0,20,20,0
"San Jacinto County","San Jacinto County, Texas","G4804070","4804070","11","48407","48","407",4003,3755,248,2646,2507,139,1357,1248,109,3289,3127,162,688,602,86,0,0,0,38,38,0
"San Patricio County","San Patricio County, Texas","G4804090","4804090","11","48409","48","409",23252,22189,1063,14884,14262,622,8368,7927,441,20383,19522,861,256,224,32,57,52,5,8889,8351,538
"San Saba County","San Saba County, Texas","G4804110","4804110","11","48411","48","411",2410,2359,51,1470,1443,27,940,916,24,2163,2112,51,18,18,0,0,0,0,329,329,0
"Schleicher County","Schleicher County, Texas","G4804130","4804130","11","48413","48","413",1157,1138,19,806,801,5,351,337,14,1086,1072,14,23,21,2,0,0,0,262,257,5
"Scurry County","Scurry County, Texas","G4804150","4804150","11","48415","48","415",8439,8178,261,5237,5082,155,3202,3096,106,7281,7062,219,299,282,17,43,43,0,1250,1225,25
"Shackelford County","Shackelford County, Texas","G4804170","4804170","11","48417","48","417",1663,1632,31,1125,1107,18,538,525,13,1601,1570,31,13,13,0,0,0,0,62,62,0
"Shelby County","Shelby County, Texas","G4804190","4804190","11","48419","48","419",8877,8466,411,5369,5069,300,3508,3397,111,7145,6819,326,1711,1626,85,0,0,0,48,45,3
"Sherman County","Sherman County, Texas","G4804210","4804210","11","48421","48","421",1463,1445,18,965,949,16,498,496,2,1381,1377,4,0,0,0,0,0,0,123,109,14
"Smith County","Smith County, Texas","G4804230","4804230","11","48423","48","423",60602,58062,2540,34578,33341,1237,26024,24721,1303,47184,45505,1679,12058,11243,815,176,176,0,1878,1752,126
"Somervell County","Somervell County, Texas","G4804250","4804250","11","48425","48","425",1784,1694,90,1204,1163,41,580,531,49,1711,1625,86,0,0,0,28,24,4,74,74,0
"Starr County","Starr County, Texas","G4804270","4804270","11","48427","48","427",8636,7568,1068,5287,4630,657,3349,2938,411,7730,6774,956,0,0,0,19,2,17,8316,7248,1068
"Stephens County","Stephens County, Texas","G4804290","4804290","11","48429","48","429",4421,4337,84,2608,2554,54,1813,1783,30,4085,4001,84,129,129,0,0,0,0,257,257,0
"Sterling County","Sterling County, Texas","G4804310","4804310","11","48431","48","431",521,519,2,347,347,0,174,172,2,488,486,2,0,0,0,0,0,0,101,101,0
"Stonewall County","Stonewall County, Texas","G4804330","4804330","11","48433","48","433",986,965,21,672,656,16,314,309,5,937,916,21,16,16,0,0,0,0,66,66,0
"Sutton County","Sutton County, Texas","G4804350","4804350","11","48435","48","435",2317,2297,20,1505,1501,4,812,796,16,2262,2242,20,0,0,0,0,0,0,811,800,11
"Swisher County","Swisher County, Texas","G4804370","4804370","11","48437","48","437",4217,4029,188,2697,2599,98,1520,1430,90,3549,3425,124,140,110,30,0,0,0,914,850,64
"Tarrant County","Tarrant County, Texas","G4804390","4804390","11","48439","48","439",438569,424076,14493,251431,244322,7109,187138,179754,7384,372721,362387,10334,44525,41432,3093,2375,2231,144,30432,28953,1479
"Taylor County","Taylor County, Texas","G4804410","4804410","11","48441","48","441",49849,48132,1717,27618,26872,746,22231,21260,971,43846,42569,1277,2615,2382,233,173,158,15,4946,4670,276
"Terrell County","Terrell County, Texas","G4804430","4804430","11","48443","48","443",671,662,9,467,463,4,204,199,5,615,609,6,0,0,0,0,0,0,266,259,7
"Terry County","Terry County, Texas","G4804450","4804450","11","48445","48","445",6350,6155,195,3778,3706,72,2572,2449,123,5437,5290,147,192,180,12,28,28,0,1707,1624,83
"Throckmorton County","Throckmorton County, Texas","G4804470","4804470","11","48447","48","447",875,863,12,557,551,6,318,312,6,839,827,12,0,0,0,0,0,0,37,37,0
"Titus County","Titus County, Texas","G4804490","4804490","11","48449","48","449",9388,8916,472,5677,5417,260,3711,3499,212,7940,7580,360,1168,1066,102,0,0,0,349,339,10
"Tom Green County","Tom Green County, Texas","G4804510","4804510","11","48451","48","451",39996,38637,1359,21972,21391,581,18024,17246,778,34427,33383,1044,1460,1369,91,184,173,11,7839,7496,343
"Travis County","Travis County, Texas","G4804530","4804530","11","48453","48","453",216890,208778,8112,118747,114264,4483,98143,94514,3629,177200,171352,5848,20125,18975,1150,975,889,86,32424,30844,1580
"Trinity County","Trinity County, Texas","G4804550","4804550","11","48455","48","455",3393,3145,248,2081,1925,156,1312,1220,92,2844,2659,185,517,454,63,0,0,0,27,24,3
"Tyler County","Tyler County, Texas","G4804570","4804570","11","48457","48","457",5714,5339,375,3603,3386,217,2111,1953,158,4942,4631,311,731,667,64,28,28,0,35,35,0
"Upshur County","Upshur County, Texas","G4804590","4804590","11","48459","48","459",11639,11135,504,7292,7012,280,4347,4123,224,9912,9545,367,1622,1498,124,71,58,13,74,69,5
"Upton County","Upton County, Texas","G4804610","4804610","11","48461","48","461",1891,1832,59,1324,1311,13,567,521,46,1590,1547,43,34,28,6,0,0,0,381,363,18
"Uvalde County","Uvalde County, Texas","G4804630","4804630","11","48463","48","463",8730,8266,464,5420,5168,252,3310,3098,212,7255,6988,267,37,30,7,20,20,0,4339,3982,357
"Val Verde County","Val Verde County, Texas","G4804650","4804650","11","48465","48","465",11487,10464,1023,6696,6111,585,4791,4353,438,9784,8975,809,124,124,0,22,22,0,7139,6295,844
"Van Zandt County","Van Zandt County, Texas","G4804670","4804670","11","48467","48","467",12597,12118,479,7772,7582,190,4825,4536,289,11888,11451,437,535,493,42,27,27,0,248,243,5
"Victoria County","Victoria County, Texas","G4804690","4804690","11","48469","48","469",32269,31309,960,20037,19598,439,12232,11711,521,26694,25956,738,2174,2056,118,88,88,0,8360,8033,327
"Walker County","Walker County, Texas","G4804710","4804710","11","48471","48","471",15283,14734,549,8949,8714,235,6334,6020,314,12205,11794,411,2480,2351,129,73,73,0,727,708,19
"Waller County","Waller County, Texas","G4804730","4804730","11","48473","48","473",8412,7961,451,4972,4783,189,3440,3178,262,5101,4995,106,3071,2742,329,0,0,0,409,393,16
"Ward County","Ward County, Texas","G4804750","4804750","11","48475","48","475",5870,5714,156,3850,3780,70,2020,1934,86,5041,4906,135,156,156,0,32,32,0,1319,1242,77
"Washington County","Washington County, Texas","G4804770","4804770","11","48477","48","477",9947,9761,186,5771,5675,96,4176,4086,90,7794,7683,111,1950,1875,75,8,8,0,251,251,0
"Webb County","Webb County, Texas","G4804790","4804790","11","48479","48","479",35451,33043,2408,21582,19990,1592,13869,13053,816,32286,30205,2081,6,6,0,80,80,0,31722,29404,2318
"Wharton County","Wharton County, Texas","G4804810","4804810","11","48481","48","481",17603,17091,512,10605,10349,256,6998,6742,256,13956,13683,273,2627,2414,213,0,0,0,3306,3166,140
"Wheeler County","Wheeler County, Texas","G4804830","4804830","11","48483","48","483",2977,2881,96,1921,1861,60,1056,1020,36,2812,2721,91,60,55,5,23,23,0,115,113,2
"Wichita County","Wichita County, Texas","G4804850","4804850","11","48485","48","485",53123,51196,1927,30147,29149,998,22976,22047,929,46547,45050,1497,4054,3719,335,287,279,8,3316,3127,189
"Wilbarger County","Wilbarger County, Texas","G4804870","4804870","11","48487","48","487",6783,6613,170,3978,3902,76,2805,2711,94,5898,5786,112,490,441,49,60,60,0,581,562,19
"Willacy County","Willacy County, Texas","G4804890","4804890","11","48489","48","489",6081,5392,689,3668,3214,454,2413,2178,235,4407,3955,452,32,24,8,0,0,0,4609,3978,631
"Williamson County","Williamson County, Texas","G4804910","4804910","11","48491","48","491",35635,34447,1188,20681,20106,575,14954,14341,613,31575,30679,896,1562,1403,159,75,75,0,3990,3832,158
"Wilson County","Wilson County, Texas","G4804930","4804930","11","48493","48","493",6882,6633,249,4425,4327,98,2457,2306,151,6123,5927,196,84,69,15,8,8,0,2262,2101,161
"Winkler County","Winkler County, Texas","G4804950","4804950","11","48495","48","495",3925,3873,52,2738,2714,24,1187,1159,28,3200,3154,46,118,118,0,0,0,0,837,831,6
"Wise County","Wise County, Texas","G4804970","4804970","11","48497","48","497",11447,11090,357,7089,6930,159,4358,4160,198,10891,10558,333,100,100,0,62,56,6,517,496,21
"Wood County","Wood County, Texas","G4804990","4804990","11","48499","48","499",9323,9019,304,5713,5556,157,3610,3463,147,8390,8125,265,852,813,39,31,31,0,105,105,0
"Yoakum County","Yoakum County, Texas","G4805010","4805010","11","48501","48","501",3538,3456,82,2403,2367,36,1135,1089,46,3162,3097,65,45,45,0,4,4,0,741,705,36
"Young County","Young County, Texas","G4805030","4805030","11","48503","48","503",8333,8124,209,5155,5046,109,3178,3078,100,8060,7874,186,87,87,0,21,14,7,328,302,26
"Zapata County","Zapata County, Texas","G4805050","4805050","11","48505","48","505",1951,1704,247,1335,1200,135,616,504,112,1846,1617,229,0,0,0,0,0,0,1683,1493,190
"Zavala County","Zavala County, Texas","G4805070","4805070","11","48507","48","507",4138,3584,554,2494,2228,266,1644,1356,288,3341,2908,433,0,0,0,0,0,0,3545,3022,523
"Beaver County","Beaver County, Utah","G4900010","4900010","11","49001","49","001",1550,1456,94,1052,996,56,498,460,38,1530,1438,92,0,0,0,0,0,0,24,21,3
"Box Elder County","Box Elder County, Utah","G4900030","4900030","11","49003","49","003",13541,12790,751,8539,8183,356,5002,4607,395,12588,11939,649,34,30,4,463,397,66,480,423,57
"Cache County","Cache County, Utah","G4900050","4900050","11","49005","49","005",23714,22613,1101,14249,13636,613,9465,8977,488,23211,22163,1048,44,44,0,69,62,7,221,217,4
"Carbon County","Carbon County, Utah","G4900070","4900070","11","49007","49","007",9065,8641,424,5831,5608,223,3234,3033,201,8689,8287,402,34,34,0,63,48,15,851,804,47
"Daggett County","Daggett County, Utah","G4900090","4900090","11","49009","49","009",294,275,19,210,199,11,84,76,8,0,0,0,0,0,0,0,0,0,0,0,0
"Davis County","Davis County, Utah","G4900110","4900110","11","49011","49","011",58550,55396,3154,34889,33161,1728,23661,22235,1426,55955,53067,2888,549,472,77,256,250,6,1935,1733,202
"Duchesne County","Duchesne County, Utah","G4900130","4900130","11","49013","49","013",4530,4271,259,3069,2913,156,1461,1358,103,4467,4213,254,0,0,0,59,54,5,22,20,2
"Emery County","Emery County, Utah","G4900150","4900150","11","49015","49","015",4080,3888,192,2940,2822,118,1140,1066,74,4016,3826,190,0,0,0,32,30,2,63,60,3
"Garfield County","Garfield County, Utah","G4900170","4900170","11","49017","49","017",1405,1260,145,896,807,89,509,453,56,1365,1223,142,0,0,0,31,31,0,20,20,0
"Grand County","Grand County, Utah","G4900190","4900190","11","49019","49","019",3746,3502,244,2418,2268,150,1328,1234,94,3640,3416,224,0,0,0,64,55,9,114,97,17
"Iron County","Iron County, Utah","G4900210","4900210","11","49021","49","021",7157,6694,463,4401,4065,336,2756,2629,127,6895,6496,399,0,0,0,190,134,56,73,65,8
"Juab County","Juab County, Utah","G4900230","4900230","11","49023","49","023",2059,1989,70,1296,1251,45,763,738,25,2042,1972,70,0,0,0,0,0,0,14,14,0
"Kane County","Kane County, Utah","G4900250","4900250","11","49025","49","025",1466,1362,104,929,866,63,537,496,41,1442,1338,104,0,0,0,10,10,0,24,22,2
"Millard County","Millard County, Utah","G4900270","4900270","11","49027","49","027",3383,3266,117,2145,2081,64,1238,1185,53,3266,3160,106,0,0,0,25,21,4,66,60,6
"Morgan County","Morgan County, Utah","G4900290","4900290","11","49029","49","029",1873,1804,69,1213,1164,49,660,640,20,1869,1800,69,0,0,0,0,0,0,23,19,4
"Piute County","Piute County, Utah","G4900310","4900310","11","49031","49","031",439,404,35,307,275,32,132,129,3,428,393,35,0,0,0,0,0,0,0,0,0
"Rich County","Rich County, Utah","G4900330","4900330","11","49033","49","033",829,813,16,598,589,9,231,224,7,822,806,16,0,0,0,0,0,0,0,0,0
"Salt Lake County","Salt Lake County, Utah","G4900350","4900350","11","49035","49","035",285351,271087,14264,169090,159972,9118,116261,111115,5146,269975,256984,12991,1863,1682,181,1744,1512,232,13282,12133,1149
"San Juan County","San Juan County, Utah","G4900370","4900370","11","49037","49","037",3949,3695,254,2496,2333,163,1453,1362,91,2638,2500,138,0,0,0,1220,1107,113,124,124,0
"Sanpete County","Sanpete County, Utah","G4900390","4900390","11","49039","49","039",5095,4710,385,3256,3061,195,1839,1649,190,4930,4569,361,10,8,2,70,56,14,107,90,17
"Sevier County","Sevier County, Utah","G4900410","4900410","11","49041","49","041",5675,5368,307,3562,3389,173,2113,1979,134,5651,5344,307,0,0,0,18,18,0,26,23,3
"Summit County","Summit County, Utah","G4900430","4900430","11","49043","49","043",4936,4765,171,3100,3012,88,1836,1753,83,4857,4686,171,0,0,0,49,49,0,98,98,0
"Tooele County","Tooele County, Utah","G4900450","4900450","11","49045","49","045",10783,10142,641,6518,6172,346,4265,3970,295,9943,9370,573,69,65,4,135,113,22,989,901,88
"Uintah County","Uintah County, Utah","G4900470","4900470","11","49047","49","047",7785,7398,387,5325,5011,314,2460,2387,73,7130,6846,284,0,0,0,584,483,101,171,160,11
"Utah County","Utah County, Utah","G4900490","4900490","11","49049","49","049",82642,77552,5090,50226,47044,3182,32416,30508,1908,80361,75450,4911,46,39,7,618,552,66,1901,1744,157
"Wasatch County","Wasatch County, Utah","G4900510","4900510","11","49051","49","051",3415,3263,152,2207,2106,101,1208,1157,51,3394,3242,152,0,0,0,7,7,0,29,29,0
"Washington County","Washington County, Utah","G4900530","4900530","11","49053","49","053",8954,8495,459,5584,5287,297,3370,3208,162,8835,8380,455,0,0,0,55,55,0,102,102,0
"Wayne County","Wayne County, Utah","G4900550","4900550","11","49055","49","055",648,626,22,463,449,14,185,177,8,643,621,22,0,0,0,0,0,0,0,0,0
"Weber County","Weber County, Utah","G4900570","4900570","11","49057","49","057",62824,58396,4428,36526,34010,2516,26298,24386,1912,58888,54892,3996,963,878,85,361,291,70,3225,2784,441
"Addison County","Addison County, Vermont","G5000010","5000010","11","50001","50","001",13752,12906,846,8010,7457,553,5742,5449,293,13644,12803,841,20,20,0,22,21,1,71,69,2
"Bennington County","Bennington County, Vermont","G5000030","5000030","11","50003","50","003",16097,15003,1094,8829,8144,685,7268,6859,409,16005,14922,1083,39,39,0,0,0,0,58,55,3
"Caledonia County","Caledonia County, Vermont","G5000050","5000050","11","50005","50","005",11567,10572,995,6851,6255,596,4716,4317,399,11533,10540,993,0,0,0,0,0,0,32,29,3
"Chittenden County","Chittenden County, Vermont","G5000070","5000070","11","50007","50","007",57683,54662,3021,32266,30650,1616,25417,24012,1405,57031,54048,2983,228,214,14,72,65,7,365,343,22
"Essex County","Essex County, Vermont","G5000090","5000090","11","50009","50","009",2658,2420,238,1600,1434,166,1058,986,72,2639,2403,236,0,0,0,0,0,0,0,0,0
"Franklin County","Franklin County, Vermont","G5000110","5000110","11","50011","50","011",14858,13777,1081,9093,8454,639,5765,5323,442,14672,13650,1022,18,13,5,156,104,52,25,23,2
"Grand Isle County","Grand Isle County, Vermont","G5000130","5000130","11","50013","50","013",1994,1811,183,1215,1102,113,779,709,70,1985,1802,183,0,0,0,0,0,0,0,0,0
"Lamoille County","Lamoille County, Vermont","G5000150","5000150","11","50015","50","015",8129,7355,774,4762,4293,469,3367,3062,305,8076,7303,773,31,31,0,0,0,0,63,55,8
"Orange County","Orange County, Vermont","G5000170","5000170","11","50017","50","017",10326,9778,548,6088,5731,357,4238,4047,191,10281,9735,546,0,0,0,15,15,0,64,62,2
"Orleans County","Orleans County, Vermont","G5000190","5000190","11","50019","50","019",10173,9265,908,6093,5507,586,4080,3758,322,10145,9241,904,0,0,0,0,0,0,48,46,2
"Rutland County","Rutland County, Vermont","G5000210","5000210","11","50021","50","021",27704,25872,1832,15642,14586,1056,12062,11286,776,27586,25765,1821,33,31,2,43,39,4,79,79,0
"Washington County","Washington County, Vermont","G5000230","5000230","11","50023","50","023",24612,23100,1512,13725,12767,958,10887,10333,554,24457,22958,1499,36,27,9,45,45,0,487,467,20
"Windham County","Windham County, Vermont","G5000250","5000250","11","50025","50","025",18255,17071,1184,10051,9414,637,8204,7657,547,18157,16981,1176,25,23,2,16,14,2,80,74,6
"Windsor County","Windsor County, Vermont","G5000270","5000270","11","50027","50","027",24648,23603,1045,14218,13596,622,10430,10007,423,24497,23464,1033,89,83,6,0,0,0,73,73,0
"Accomack County","Accomack County, Virginia","G5100010","5100010","11","51001","51","001",13758,12589,1169,7642,7035,607,6116,5554,562,8853,8331,522,4871,4228,643,0,0,0,245,221,24
"Albemarle County","Albemarle County, Virginia","G5100030","5100030","11","51003","51","003",27446,26617,829,14944,14491,453,12502,12126,376,24267,23570,697,2929,2797,132,39,39,0,168,155,13
"Alleghany County","Alleghany County, Virginia","G5100050","5100050","11","51005","51","005",6004,5593,411,3856,3603,253,2148,1990,158,5899,5497,402,98,89,9,0,0,0,21,21,0
"Amelia County","Amelia County, Virginia","G5100070","5100070","11","51007","51","007",3617,3487,130,2140,2061,79,1477,1426,51,2305,2242,63,1312,1245,67,0,0,0,15,15,0
"Amherst County","Amherst County, Virginia","G5100090","5100090","11","51009","51","009",12771,12179,592,7040,6676,364,5731,5503,228,10126,9786,340,2532,2280,252,49,49,0,86,80,6
"Appomattox County","Appomattox County, Virginia","G5100110","5100110","11","51011","51","011",5664,5273,391,3165,2967,198,2499,2306,193,4473,4228,245,1186,1040,146,0,0,0,75,69,6
"Arlington County","Arlington County, Virginia","G5100130","5100130","11","51013","51","013",88751,85812,2939,45179,43640,1539,43572,42172,1400,75427,73267,2160,7095,6629,466,225,215,10,5006,4809,197
"Augusta County","Augusta County, Virginia","G5100150","5100150","11","51015","51","015",25188,24082,1106,14781,14165,616,10407,9917,490,24276,23226,1050,809,753,56,41,41,0,155,155,0
"Bath County","Bath County, Virginia","G5100170","5100170","11","51017","51","017",2949,2656,293,1872,1701,171,1077,955,122,2550,2293,257,391,355,36,0,0,0,13,13,0
"Bedford County","Bedford County, Virginia","G5100190","5100190","11","51019","51","019",16157,15310,847,9761,9278,483,6396,6032,364,14403,13694,709,1667,1529,138,0,0,0,66,66,0
"Bland County","Bland County, Virginia","G5100210","5100210","11","51021","51","021",2541,2418,123,1542,1455,87,999,963,36,2519,2396,123,0,0,0,0,0,0,6,6,0
"Botetourt County","Botetourt County, Virginia","G5100230","5100230","11","51023","51","023",10654,10280,374,6525,6295,230,4129,3985,144,10210,9894,316,434,376,58,0,0,0,52,40,12
"Brunswick County","Brunswick County, Virginia","G5100250","5100250","11","51025","51","025",6544,6176,368,3665,3447,218,2879,2729,150,3132,3050,82,3412,3126,286,0,0,0,54,40,14
"Buchanan County","Buchanan County, Virginia","G5100270","5100270","11","51027","51","027",12412,11718,694,8615,8164,451,3797,3554,243,12392,11698,694,10,10,0,0,0,0,38,38,0
"Buckingham County","Buckingham County, Virginia","G5100290","5100290","11","51029","51","029",4780,4512,268,2781,2626,155,1999,1886,113,2939,2793,146,0,0,0,0,0,0,101,96,5
"Campbell County","Campbell County, Virginia","G5100310","5100310","11","51031","51","031",21894,20960,934,12741,12230,511,9153,8730,423,18759,18051,708,2995,2781,214,36,36,0,151,135,16
"Caroline County","Caroline County, Virginia","G5100330","5100330","11","51033","51","033",7904,7266,638,4504,4116,388,3400,3150,250,4490,4276,214,3330,2906,424,64,64,0,73,73,0
"Carroll County","Carroll County, Virginia","G5100350","5100350","11","51035","51","035",12501,11876,625,7068,6649,419,5433,5227,206,12416,11796,620,0,0,0,0,0,0,48,46,2
"Charles City County","Charles City County, Virginia","G5100360","5100360","11","51036","51","036",3285,3118,167,1844,1756,88,1441,1362,79,733,700,33,2279,2145,134,273,273,0,42,42,0
"Charlotte County","Charlotte County, Virginia","G5100370","5100370","11","51037","51","037",4966,4676,290,2933,2747,186,2033,1929,104,3321,3224,97,1645,1452,193,0,0,0,44,44,0
"Chesterfield County","Chesterfield County, Virginia","G5100410","5100410","11","51041","51","041",71836,69539,2297,41705,40558,1147,30131,28981,1150,64883,63050,1833,6305,5865,440,123,123,0,523,507,16
"Clarke County","Clarke County, Virginia","G5100430","5100430","11","51043","51","043",4635,4472,163,2732,2651,81,1903,1821,82,4096,3971,125,519,481,38,0,0,0,0,0,0
"Craig County","Craig County, Virginia","G5100450","5100450","11","51045","51","045",1744,1637,107,1053,996,57,691,641,50,1744,1637,107,0,0,0,0,0,0,12,12,0
"Culpeper County","Culpeper County, Virginia","G5100470","5100470","11","51047","51","047",10236,9678,558,6019,5694,325,4217,3984,233,8311,7970,341,1911,1694,217,0,0,0,91,82,9
"Cumberland County","Cumberland County, Virginia","G5100490","5100490","11","51049","51","049",3129,2972,157,1789,1728,61,1340,1244,96,1982,1919,63,0,0,0,0,0,0,61,61,0
"Dickenson County","Dickenson County, Virginia","G5100510","5100510","11","51051","51","051",5939,5327,612,4312,3881,431,1627,1446,181,5910,5302,608,29,25,4,0,0,0,42,42,0
"Dinwiddie County","Dinwiddie County, Virginia","G5100530","5100530","11","51053","51","053",9471,8865,606,5400,5023,377,4071,3842,229,5776,5508,268,3695,3357,338,0,0,0,19,19,0
"Essex County","Essex County, Virginia","G5100570","5100570","11","51057","51","057",3997,3861,136,2297,2210,87,1700,1651,49,2416,2356,60,1523,1447,76,40,40,0,18,13,5
"Fairfax County","Fairfax County, Virginia","G5100590","5100590","11","51059","51","059",309478,301034,8444,170276,165977,4299,139202,135057,4145,279507,272330,7177,15764,14972,792,767,728,39,9546,9316,230
"Fauquier County","Fauquier County, Virginia","G5100610","5100610","11","51061","51","061",16827,16176,651,9949,9580,369,6878,6596,282,14324,13913,411,2446,2213,233,0,0,0,81,75,6
"Floyd County","Floyd County, Virginia","G5100630","5100630","11","51063","51","063",5144,4825,319,3119,2883,236,2025,1942,83,4975,4671,304,169,154,15,0,0,0,21,21,0
"Fluvanna County","Fluvanna County, Virginia","G5100650","5100650","11","51065","51","065",4728,4460,268,2675,2504,171,2053,1956,97,3415,3310,105,1298,1135,163,0,0,0,17,17,0
"Franklin County","Franklin County, Virginia","G5100670","5100670","11","51067","51","067",16580,15783,797,9806,9381,425,6774,6402,372,14756,14080,676,1804,1690,114,0,0,0,74,67,7
"Frederick County","Frederick County, Virginia","G5100690","5100690","11","51069","51","069",16569,15631,938,9890,9481,409,6679,6150,529,16291,15376,915,242,226,16,0,0,0,40,33,7
"Giles County","Giles County, Virginia","G5100710","5100710","11","51071","51","071",7755,7158,597,4565,4193,372,3190,2965,225,7579,6985,594,148,145,3,0,0,0,31,29,2
"Gloucester County","Gloucester County, Virginia","G5100730","5100730","11","51073","51","073",8953,8546,407,5349,5148,201,3604,3398,206,7615,7357,258,1278,1129,149,19,19,0,54,54,0
"Goochland County","Goochland County, Virginia","G5100750","5100750","11","51075","51","075",5291,5023,268,3196,2995,201,2095,2028,67,3459,3354,105,1829,1669,160,0,0,0,56,53,3
"Grayson County","Grayson County, Virginia","G5100770","5100770","11","51077","51","077",7642,7142,500,4345,4050,295,3297,3092,205,7408,6939,469,229,198,31,0,0,0,6,6,0
"Greene County","Greene County, Virginia","G5100790","5100790","11","51079","51","079",3757,3625,132,2108,2022,86,1649,1603,46,3536,3414,122,221,211,10,0,0,0,30,30,0
"Greensville County","Greensville County, Virginia","G5100810","5100810","11","51081","51","081",4769,4399,370,2710,2509,201,2059,1890,169,0,0,0,2499,2248,251,0,0,0,5,5,0
"Halifax County","Halifax County, Virginia","G5100830","5100830","11","51083","51","083",13270,12431,839,7438,7040,398,5832,5391,441,8689,8320,369,4532,4062,470,33,33,0,56,51,5
"Hanover County","Hanover County, Virginia","G5100850","5100850","11","51085","51","085",25357,24771,586,14732,14412,320,10625,10359,266,21925,21449,476,3300,3195,105,38,38,0,145,145,0
"Henrico County","Henrico County, Virginia","G5100870","5100870","11","51087","51","087",96889,93993,2896,52086,50634,1452,44803,43359,1444,80863,78721,2142,14838,14135,703,218,205,13,616,593,23
"Henry County","Henry County, Virginia","G5100890","5100890","11","51089","51","089",29535,28431,1104,16137,15505,632,13398,12926,472,22938,22178,760,6507,6169,338,0,0,0,179,171,8
"Highland County","Highland County, Virginia","G5100910","5100910","11","51091","51","091",1327,1257,70,839,789,50,488,468,20,1317,1247,70,0,0,0,0,0,0,0,0,0
"Isle Of Wight County","Isle Of Wight County, Virginia","G5100930","5100930","11","51093","51","093",9823,9471,352,5899,5738,161,3924,3733,191,6153,6002,151,3654,3460,194,0,0,0,36,36,0
"James City County","James City County, Virginia","G5100950","5100950","11","51095","51","095",10877,10270,607,6145,5826,319,4732,4444,288,7680,7330,350,3024,2772,252,18,18,0,180,172,8
"King And Queen County","King And Queen County, Virginia","G5100970","5100970","11","51097","51","097",2507,2361,146,1529,1474,55,978,887,91,1415,1362,53,1071,978,93,21,21,0,15,15,0
"King George County","King George County, Virginia","G5100990","5100990","11","51099","51","099",4396,4206,190,2646,2555,91,1750,1651,99,3452,3359,93,895,805,90,0,0,0,40,40,0
"King William County","King William County, Virginia","G5101010","5101010","11","51101","51","101",4224,4076,148,2475,2394,81,1749,1682,67,2711,2652,59,1356,1267,89,117,117,0,37,33,4
"Lancaster County","Lancaster County, Virginia","G5101030","5101030","11","51103","51","103",4313,3924,389,2353,2098,255,1960,1826,134,2828,2690,138,1479,1228,251,0,0,0,40,29,11
"Lee County","Lee County, Virginia","G5101050","5101050","11","51105","51","105",8516,7610,906,5507,4850,657,3009,2760,249,8444,7538,906,34,34,0,0,0,0,12,12,0
"Loudoun County","Loudoun County, Virginia","G5101070","5101070","11","51107","51","107",28603,27944,659,16612,16321,291,11991,11623,368,25932,25377,555,2366,2277,89,48,43,5,340,329,11
"Louisa County","Louisa County, Virginia","G5101090","5101090","11","51109","51","109",7914,7369,545,4638,4264,374,3276,3105,171,5354,5045,309,2548,2312,236,0,0,0,71,54,17
"Lunenburg County","Lunenburg County, Virginia","G5101110","5101110","11","51111","51","111",5332,5052,280,3092,2938,154,2240,2114,126,3448,3321,127,1871,1718,153,0,0,0,24,24,0
"Madison County","Madison County, Virginia","G5101130","5101130","11","51113","51","113",4563,4366,197,2684,2575,109,1879,1791,88,3769,3663,106,787,696,91,0,0,0,99,99,0
"Mathews County","Mathews County, Virginia","G5101150","5101150","11","51115","51","115",3340,3189,151,1962,1862,100,1378,1327,51,2682,2616,66,0,0,0,0,0,0,0,0,0
"Mecklenburg County","Mecklenburg County, Virginia","G5101170","5101170","11","51117","51","117",13094,12466,628,7319,6992,327,5775,5474,301,8247,7956,291,4839,4502,337,0,0,0,70,62,8
"Middlesex County","Middlesex County, Virginia","G5101190","5101190","11","51119","51","119",3223,3102,121,1911,1861,50,1312,1241,71,2298,2222,76,908,871,37,0,0,0,0,0,0
"Montgomery County","Montgomery County, Virginia","G5101210","5101210","11","51121","51","121",28206,26431,1775,16150,15087,1063,12056,11344,712,27152,25458,1694,669,605,64,32,32,0,225,210,15
"Nelson County","Nelson County, Virginia","G5101250","5101250","11","51125","51","125",4937,4643,294,2956,2765,191,1981,1878,103,3961,3727,234,976,916,60,0,0,0,24,24,0
"New Kent County","New Kent County, Virginia","G5101270","5101270","11","51127","51","127",4145,3990,155,2443,2360,83,1702,1630,72,3107,3035,72,1009,926,83,0,0,0,24,24,0
"Northampton County","Northampton County, Virginia","G5101310","5101310","11","51131","51","131",6030,5481,549,3370,3117,253,2660,2364,296,3071,2904,167,2937,2555,382,0,0,0,66,62,4
"Northumberland County","Northumberland County, Virginia","G5101330","5101330","11","51133","51","133",3970,3555,415,2340,2069,271,1630,1486,144,2586,2505,81,0,0,0,0,0,0,49,49,0
"Nottoway County","Nottoway County, Virginia","G5101350","5101350","11","51135","51","135",6212,5828,384,3481,3309,172,2731,2519,212,3913,3757,156,2296,2068,228,0,0,0,25,25,0
"Orange County","Orange County, Virginia","G5101370","5101370","11","51137","51","137",8060,7696,364,4672,4482,190,3388,3214,174,6696,6400,296,1351,1283,68,0,0,0,70,70,0
"Page County","Page County, Virginia","G5101390","5101390","11","51139","51","139",8542,7726,816,5076,4542,534,3466,3184,282,8329,7537,792,185,161,24,0,0,0,36,22,14
"Patrick County","Patrick County, Virginia","G5101410","5101410","11","51141","51","141",8454,8171,283,4760,4568,192,3694,3603,91,7914,7652,262,522,501,21,0,0,0,56,56,0
"Pittsylvania County","Pittsylvania County, Virginia","G5101430","5101430","11","51143","51","143",31252,29612,1640,17685,16890,795,13567,12722,845,22630,21715,915,8557,7832,725,0,0,0,191,183,8
"Powhatan County","Powhatan County, Virginia","G5101450","5101450","11","51145","51","145",5295,5070,225,3227,3079,148,2068,1991,77,4303,4147,156,980,911,69,0,0,0,0,0,0
"Prince Edward County","Prince Edward County, Virginia","G5101470","5101470","11","51147","51","147",6558,6137,421,3622,3412,210,2936,2725,211,4348,4153,195,2159,1933,226,0,0,0,46,38,8
"Prince George County","Prince George County, Virginia","G5101490","5101490","11","51149","51","149",8010,7512,498,4390,4187,203,3620,3325,295,5994,5737,257,1754,1539,215,35,35,0,144,103,41
"Prince William County","Prince William County, Virginia","G5101530","5101530","11","51153","51","153",66356,63881,2475,37336,36173,1163,29020,27708,1312,59636,57604,2032,5098,4771,327,251,238,13,1294,1231,63
"Pulaski County","Pulaski County, Virginia","G5101550","5101550","11","51155","51","155",16264,15200,1064,9454,8750,704,6810,6450,360,15439,14482,957,760,663,97,12,7,5,54,54,0
"Rappahannock County","Rappahannock County, Virginia","G5101570","5101570","11","51157","51","157",2627,2517,110,1519,1459,60,1108,1058,50,2369,2266,103,258,251,7,0,0,0,0,0,0
"Richmond County","Richmond County, Virginia","G5101590","5101590","11","51159","51","159",3135,2946,189,1812,1692,120,1323,1254,69,2189,2139,50,0,0,0,0,0,0,10,10,0
"Roanoke County","Roanoke County, Virginia","G5101610","5101610","11","51161","51","161",36338,35004,1334,20907,20094,813,15431,14910,521,35420,34164,1256,793,715,78,0,0,0,160,147,13
"Rockbridge County","Rockbridge County, Virginia","G5101630","5101630","11","51163","51","163",8211,7616,595,4988,4593,395,3223,3023,200,7935,7359,576,263,244,19,0,0,0,56,50,6
"Rockingham County","Rockingham County, Virginia","G5101650","5101650","11","51165","51","165",28389,27457,932,16499,15863,636,11890,11594,296,27988,27060,928,258,254,4,40,40,0,182,172,10
"Russell County","Russell County, Virginia","G5101670","5101670","11","51167","51","167",11333,10455,878,7637,6992,645,3696,3463,233,11232,10373,859,95,76,19,0,0,0,65,58,7
"Scott County","Scott County, Virginia","G5101690","5101690","11","51169","51","169",8806,8098,708,5745,5280,465,3061,2818,243,8715,8030,685,82,65,17,0,0,0,34,28,6
"Shenandoah County","Shenandoah County, Virginia","G5101710","5101710","11","51171","51","171",13120,12575,545,7732,7383,349,5388,5192,196,12886,12356,530,215,202,13,0,0,0,53,53,0
"Smyth County","Smyth County, Virginia","G5101730","5101730","11","51173","51","173",14591,13515,1076,8341,7653,688,6250,5862,388,14379,13321,1058,155,137,18,0,0,0,53,53,0
"Southampton County","Southampton County, Virginia","G5101750","5101750","11","51175","51","175",7602,7233,369,4610,4471,139,2992,2762,230,4523,4409,114,3069,2814,255,0,0,0,52,52,0
"Spotsylvania County","Spotsylvania County, Virginia","G5101770","5101770","11","51177","51","177",15465,14588,877,9167,8743,424,6298,5845,453,13162,12524,638,2102,1881,221,63,63,0,138,132,6
"Stafford County","Stafford County, Virginia","G5101790","5101790","11","51179","51","179",17975,17063,912,10883,10354,529,7092,6709,383,16538,15697,841,1225,1154,71,89,89,0,233,219,14
"Surry County","Surry County, Virginia","G5101810","5101810","11","51181","51","181",2617,2461,156,1517,1458,59,1100,1003,97,0,0,0,1622,1497,125,0,0,0,156,138,18
"Sussex County","Sussex County, Virginia","G5101830","5101830","11","51183","51","183",4727,4514,213,2691,2611,80,2036,1903,133,2002,1955,47,2715,2549,166,0,0,0,33,30,3
"Tazewell County","Tazewell County, Virginia","G5101850","5101850","11","51185","51","185",19028,17695,1333,12185,11387,798,6843,6308,535,18501,17223,1278,412,357,55,0,0,0,108,96,12
"Warren County","Warren County, Virginia","G5101870","5101870","11","51187","51","187",9768,9044,724,5717,5211,506,4051,3833,218,9240,8575,665,495,443,52,0,0,0,91,61,30
"Washington County","Washington County, Virginia","G5101910","5101910","11","51191","51","191",20158,18792,1366,12186,11398,788,7972,7394,578,19753,18419,1334,350,318,32,0,0,0,58,58,0
"Westmoreland County","Westmoreland County, Virginia","G5101930","5101930","11","51193","51","193",5705,5243,462,3259,3003,256,2446,2240,206,3437,3260,177,2235,1950,285,14,14,0,50,41,9
"Wise County","Wise County, Virginia","G5101950","5101950","11","51195","51","195",15222,14064,1158,9913,9135,778,5309,4929,380,14839,13725,1114,282,254,28,0,0,0,40,40,0
"Wythe County","Wythe County, Virginia","G5101970","5101970","11","51197","51","197",11633,10966,667,6576,6142,434,5057,4824,233,11132,10538,594,474,407,67,0,0,0,23,23,0
"York County","York County, Virginia","G5101990","5101990","11","51199","51","199",14822,14053,769,7981,7656,325,6841,6397,444,11896,11352,544,2737,2519,218,5,5,0,156,152,4
"Alexandria City","Alexandria City, Virginia","G5105100","5105100","11","51510","51","510",62243,60138,2105,31585,30528,1057,30658,29610,1048,47522,46272,1250,11698,10979,719,203,191,12,2576,2488,88
"Bedford City","Bedford City, Virginia","G5105150","5105150","11","51515","51","515",2740,2566,174,1474,1395,79,1266,1171,95,2189,2058,131,0,0,0,0,0,0,25,19,6
"Bristol City","Bristol City, Virginia","G5105200","5105200","11","51520","51","520",8590,7922,668,4665,4372,293,3925,3550,375,8113,7501,612,441,385,56,0,0,0,21,21,0
"Buena Vista City","Buena Vista City, Virginia","G5105300","5105300","11","51530","51","530",3149,2846,303,1761,1579,182,1388,1267,121,3024,2729,295,0,0,0,0,0,0,16,16,0
"Charlottesville City","Charlottesville City, Virginia","G5105400","5105400","11","51540","51","540",20124,19473,651,10110,9732,378,10014,9741,273,16378,15935,443,3362,3179,183,0,0,0,136,136,0
"Chesapeake City","Chesapeake City, Virginia","G5105500","5105500","11","51550","51","550",50351,47390,2961,28923,27461,1462,21428,19929,1499,36935,35170,1765,12729,11564,1165,158,146,12,259,242,17
"Clifton Forge City","Clifton Forge City, Virginia","G5105600","5105600","11","51560","51","560",2083,1976,107,1167,1096,71,916,880,36,1761,1683,78,311,282,29,0,0,0,0,0,0
"Colonial Heights City","Colonial Heights City, Virginia","G5105700","5105700","11","51570","51","570",8043,7732,311,4610,4462,148,3433,3270,163,7893,7590,303,20,20,0,0,0,0,37,37,0
"Covington City","Covington City, Virginia","G5105800","5105800","11","51580","51","580",3861,3563,298,2249,2057,192,1612,1506,106,3410,3145,265,0,0,0,0,0,0,42,36,6
"Danville City","Danville City, Virginia","G5105900","5105900","11","51590","51","590",21811,20300,1511,11565,10767,798,10246,9533,713,15492,14742,750,6188,5433,755,32,32,0,124,107,17
"Emporia City","Emporia City, Virginia","G5105950","5105950","11","51595","51","595",2157,1964,193,1160,1073,87,997,891,106,1417,1363,54,719,586,133,0,0,0,0,0,0
"Fairfax City","Fairfax City, Virginia","G5106000","5106000","11","51600","51","600",10854,10555,299,6012,5853,159,4842,4702,140,10102,9866,236,221,216,5,0,0,0,239,229,10
"Falls Church City","Falls Church City, Virginia","G5106100","5106100","11","51610","51","610",5352,5238,114,2883,2808,75,2469,2430,39,5091,4986,105,115,111,4,0,0,0,193,193,0
"Franklin City","Franklin City, Virginia","G5106200","5106200","11","51620","51","620",3052,2806,246,1812,1703,109,1240,1103,137,1523,1459,64,1507,1325,182,0,0,0,52,46,6
"Fredericksburg City","Fredericksburg City, Virginia","G5106300","5106300","11","51630","51","630",7317,6850,467,3670,3446,224,3647,3404,243,5816,5507,309,1462,1304,158,0,0,0,61,61,0
"Galax City","Galax City, Virginia","G5106400","5106400","11","51640","51","640",3053,2875,178,1664,1544,120,1389,1331,58,2903,2730,173,115,110,5,0,0,0,0,0,0
"Hampton City","Hampton City, Virginia","G5106500","5106500","11","51650","51","650",52125,48363,3762,28032,26456,1576,24093,21907,2186,33797,31908,1889,17653,15893,1760,72,51,21,537,496,41
"Harrisonburg City","Harrisonburg City, Virginia","G5106600","5106600","11","51660","51","660",9187,8878,309,4644,4514,130,4543,4364,179,8678,8386,292,410,398,12,0,0,0,33,23,10
"Hopewell City","Hopewell City, Virginia","G5106700","5106700","11","51670","51","670",10154,9516,638,5931,5583,348,4223,3933,290,8181,7783,398,1893,1660,233,6,6,0,61,42,19
"Lexington City","Lexington City, Virginia","G5106780","5106780","11","51678","51","678",2529,2361,168,1555,1448,107,974,913,61,2116,1977,139,413,384,29,0,0,0,23,23,0
"Lynchburg City","Lynchburg City, Virginia","G5106800","5106800","11","51680","51","680",31736,30318,1418,16873,16080,793,14863,14238,625,24600,23794,806,6869,6282,587,0,0,0,200,177,23
"Manassas City","Manassas City, Virginia","G5106830","5106830","11","51683","51","683",7755,7488,267,4515,4367,148,3240,3121,119,7043,6851,192,588,522,66,0,0,0,36,36,0
"Manassas Park City","Manassas Park City, Virginia","G5106850","5106850","11","51685","51","685",3082,2961,121,1711,1644,67,1371,1317,54,2870,2755,115,162,156,6,0,0,0,21,21,0
"Martinsville City","Martinsville City, Virginia","G5106900","5106900","11","51690","51","690",8287,7919,368,4414,4210,204,3873,3709,164,5889,5643,246,2345,2223,122,0,0,0,51,51,0
"Newport News City","Newport News City, Virginia","G5107000","5107000","11","51700","51","700",63369,58981,4388,35091,33262,1829,28278,25719,2559,44448,42279,2169,17718,15633,2085,123,105,18,771,666,105
"Norfolk City","Norfolk City, Virginia","G5107100","5107100","11","51710","51","710",93206,86015,7191,49743,46526,3217,43463,39489,3974,57553,54495,3058,33298,29324,3974,167,167,0,1425,1239,186
"Norton City","Norton City, Virginia","G5107200","5107200","11","51720","51","720",1760,1646,114,1066,977,89,694,669,25,1676,1572,104,75,65,10,0,0,0,0,0,0
"Petersburg City","Petersburg City, Virginia","G5107300","5107300","11","51730","51","730",18205,16789,1416,9552,8901,651,8653,7888,765,7499,7180,319,10573,9481,1092,0,0,0,201,201,0
"Poquoson City","Poquoson City, Virginia","G5107350","5107350","11","51735","51","735",3939,3763,176,2369,2287,82,1570,1476,94,3908,3732,176,13,13,0,0,0,0,16,16,0
"Portsmouth City","Portsmouth City, Virginia","G5107400","5107400","11","51740","51","740",43318,40003,3315,23854,22290,1564,19464,17713,1751,24808,23738,1070,18044,15817,2227,103,103,0,386,337,49
"Radford City","Radford City, Virginia","G5107500","5107500","11","51750","51","750",5836,5402,434,2868,2623,245,2968,2779,189,5469,5062,407,344,317,27,0,0,0,13,13,0
"Richmond City","Richmond City, Virginia","G5107600","5107600","11","51760","51","760",106282,99667,6615,53407,50097,3310,52875,49570,3305,54474,52521,1953,50899,46261,4638,212,195,17,1012,911,101
"Roanoke City","Roanoke City, Virginia","G5107700","5107700","11","51770","51","770",46386,43674,2712,25151,23600,1551,21235,20074,1161,37222,35255,1967,8937,8203,734,44,44,0,295,253,42
"Salem City","Salem City, Virginia","G5107750","5107750","11","51775","51","775",11575,11079,496,6231,5958,273,5344,5121,223,11106,10650,456,433,393,40,20,20,0,47,43,4
"South Boston City","South Boston City, Virginia","G5107800","5107800","11","51780","51","780",3210,3006,204,1569,1428,141,1641,1578,63,2160,2068,92,1018,917,101,0,0,0,8,8,0
"Staunton City","Staunton City, Virginia","G5107900","5107900","11","51790","51","790",10700,10243,457,5607,5335,272,5093,4908,185,9600,9244,356,1053,952,101,10,10,0,25,25,0
"Suffolk City","Suffolk City, Virginia","G5108000","5108000","11","51800","51","800",20829,19439,1390,11862,11300,562,8967,8139,828,11688,11385,303,9077,7994,1083,0,0,0,133,123,10
"Virginia Beach City","Virginia Beach City, Virginia","G5108100","5108100","11","51810","51","810",111803,105894,5909,60200,57595,2605,51603,48299,3304,98703,93856,4847,10509,9617,892,239,210,29,1763,1617,146
"Waynesboro City","Waynesboro City, Virginia","G5108200","5108200","11","51820","51","820",7632,7200,432,4356,4121,235,3276,3079,197,6927,6548,379,645,601,44,0,0,0,58,58,0
"Williamsburg City","Williamsburg City, Virginia","G5108300","5108300","11","51830","51","830",4576,4404,172,2282,2194,88,2294,2210,84,3987,3858,129,487,451,36,0,0,0,33,21,12
"Winchester City","Winchester City, Virginia","G5108400","5108400","11","51840","51","840",9965,9326,639,5462,5135,327,4503,4191,312,9049,8498,551,800,725,75,0,0,0,105,93,12
"Adams County","Adams County, Washington","G5300010","5300010","11","53001","53","001",6103,5785,318,3835,3636,199,2268,2149,119,5339,5090,249,0,0,0,36,36,0,1243,1142,101
"Asotin County","Asotin County, Washington","G5300030","5300030","11","53003","53","003",7262,6575,687,4255,3813,442,3007,2762,245,7163,6505,658,0,0,0,54,33,21,67,52,15
"Benton County","Benton County, Washington","G5300050","5300050","11","53005","53","005",55106,52030,3076,34313,32442,1871,20793,19588,1205,52231,49385,2846,461,451,10,444,394,50,2140,1916,224
"Chelan County","Chelan County, Washington","G5300070","5300070","11","53007","53","007",21622,19358,2264,12866,11631,1235,8756,7727,1029,20941,18750,2191,0,0,0,190,155,35,705,645,60
"Clallam County","Clallam County, Washington","G5300090","5300090","11","53009","53","009",21698,19460,2238,13415,11793,1622,8283,7667,616,20578,18476,2102,32,32,0,843,754,89,234,198,36
"Clark County","Clark County, Washington","G5300110","5300110","11","53011","53","011",87716,80370,7346,52799,48477,4322,34917,31893,3024,84629,77564,7065,725,640,85,778,693,85,1291,1138,153
"Columbia County","Columbia County, Washington","G5300130","5300130","11","53013","53","013",1625,1523,102,1000,934,66,625,589,36,1604,1504,100,0,0,0,0,0,0,16,16,0
"Cowlitz County","Cowlitz County, Washington","G5300150","5300150","11","53015","53","015",34835,31541,3294,21776,19658,2118,13059,11883,1176,33901,30765,3136,58,51,7,381,305,76,449,402,47
"Douglas County","Douglas County, Washington","G5300170","5300170","11","53017","53","017",10337,9368,969,6250,5812,438,4087,3556,531,9980,9065,915,12,10,2,130,108,22,294,265,29
"Ferry County","Ferry County, Washington","G5300190","5300190","11","53019","53","019",2613,2210,403,1676,1349,327,937,861,76,2143,1806,337,34,34,0,432,366,66,14,9,5
"Franklin County","Franklin County, Washington","G5300210","5300210","11","53021","53","021",16500,15275,1225,10309,9662,647,6191,5613,578,14556,13593,963,649,556,93,139,119,20,2194,1912,282
"Garfield County","Garfield County, Washington","G5300230","5300230","11","53023","53","023",1064,1009,55,709,666,43,355,343,12,1062,1007,55,0,0,0,0,0,0,0,0,0
"Grant County","Grant County, Washington","G5300250","5300250","11","53025","53","025",21069,19195,1874,13009,11873,1136,8060,7322,738,19189,17524,1665,164,152,12,261,213,48,2110,1824,286
"Grays Harbor County","Grays Harbor County, Washington","G5300270","5300270","11","53027","53","027",28942,25835,3107,18154,15967,2187,10788,9868,920,27745,24797,2948,29,24,5,821,689,132,361,319,42
"Island County","Island County, Washington","G5300290","5300290","11","53029","53","029",14444,13010,1434,7696,7006,690,6748,6004,744,13686,12371,1315,103,86,17,125,102,23,337,309,28
"Jefferson County","Jefferson County, Washington","G5300310","5300310","11","53031","53","031",6568,5884,684,4007,3564,443,2561,2320,241,6305,5640,665,14,9,5,172,158,14,97,90,7
"King County","King County, Washington","G5300330","5300330","11","53033","53","033",673921,637694,36227,384491,363289,21202,289430,274405,15025,605379,574487,30892,25623,23061,2562,5988,5203,785,12965,11953,1012
"Kitsap County","Kitsap County, Washington","G5300350","5300350","11","53035","53","035",60196,55630,4566,36166,33645,2521,24030,21985,2045,56740,52561,4179,814,752,62,788,672,116,1282,1123,159
"Kittitas County","Kittitas County, Washington","G5300370","5300370","11","53037","53","037",10857,9822,1035,6216,5522,694,4641,4300,341,10567,9570,997,39,27,12,77,77,0,134,114,20
"Klickitat County","Klickitat County, Washington","G5300390","5300390","11","53039","53","039",6881,5700,1181,4291,3466,825,2590,2234,356,6540,5404,1136,0,0,0,170,130,40,206,185,21
"Lewis County","Lewis County, Washington","G5300410","5300410","11","53041","53","041",23044,21022,2022,14253,12892,1361,8791,8130,661,22592,20630,1962,24,24,0,155,117,38,240,231,9
"Lincoln County","Lincoln County, Washington","G5300430","5300430","11","53043","53","043",3944,3721,223,2508,2405,103,1436,1316,120,3888,3674,214,0,0,0,48,41,7,10,8,2
"Mason County","Mason County, Washington","G5300450","5300450","11","53045","53","045",12308,11226,1082,7696,6883,813,4612,4343,269,11858,10863,995,18,18,0,305,243,62,130,95,35
"Okanogan County","Okanogan County, Washington","G5300470","5300470","11","53047","53","047",13362,11665,1697,8046,6981,1065,5316,4684,632,11949,10475,1474,22,22,0,1129,940,189,290,257,33
"Pacific County","Pacific County, Washington","G5300490","5300490","11","53049","53","049",7117,6402,715,4239,3770,469,2878,2632,246,6908,6213,695,2,2,0,153,135,18,79,77,2
"Pend Oreille County","Pend Oreille County, Washington","G5300510","5300510","11","53051","53","051",3047,2494,553,2016,1611,405,1031,883,148,2963,2438,525,0,0,0,78,50,28,39,30,9
"Pierce County","Pierce County, Washington","G5300530","5300530","11","53053","53","053",198935,181909,17026,114958,105215,9743,83977,76694,7283,179419,165125,14294,9700,8243,1457,1870,1513,357,3902,3321,581
"San Juan County","San Juan County, Washington","G5300550","5300550","11","53055","53","055",3409,3234,175,1998,1881,117,1411,1353,58,3384,3209,175,0,0,0,0,0,0,0,0,0
"Skagit County","Skagit County, Washington","G5300570","5300570","11","53057","53","057",27850,24791,3059,16708,14694,2014,11142,10097,1045,26662,23858,2804,45,45,0,365,243,122,761,646,115
"Skamania County","Skamania County, Washington","G5300590","5300590","11","53059","53","059",3481,2942,539,2330,1962,368,1151,980,171,3425,2886,539,0,0,0,46,46,0,22,22,0
"Snohomish County","Snohomish County, Washington","G5300610","5300610","11","53061","53","061",164843,153355,11488,97859,90810,7049,66984,62545,4439,158689,147772,10917,1062,968,94,1842,1574,268,2348,2195,153
"Spokane County","Spokane County, Washington","G5300630","5300630","11","53063","53","063",151574,139399,12175,86711,79098,7613,64863,60301,4562,145766,134372,11394,1628,1370,258,1580,1299,281,1847,1619,228
"Stevens County","Stevens County, Washington","G5300650","5300650","11","53065","53","065",11382,9837,1545,7176,6059,1117,4206,3778,428,10743,9323,1420,0,0,0,578,479,99,87,78,9
"Thurston County","Thurston County, Washington","G5300670","5300670","11","53067","53","067",57074,52546,4528,32466,29646,2820,24608,22900,1708,54584,50381,4203,314,279,35,738,618,120,1014,918,96
"Wahkiakum County","Wahkiakum County, Washington","G5300690","5300690","11","53069","53","069",1527,1442,85,986,932,54,541,510,31,1479,1394,85,0,0,0,22,22,0,34,34,0
"Walla Walla County","Walla Walla County, Washington","G5300710","5300710","11","53071","53","071",21667,20087,1580,12244,11332,912,9423,8755,668,20309,18863,1446,179,164,15,142,129,13,1169,1039,130
"Whatcom County","Whatcom County, Washington","G5300730","5300730","11","53073","53","073",49233,44336,4897,28942,25817,3125,20291,18519,1772,47339,42808,4531,97,85,12,1080,814,266,748,634,114
"Whitman County","Whitman County, Washington","G5300750","5300750","11","53075","53","075",17550,16831,719,10186,9810,376,7364,7021,343,16621,15970,651,256,239,17,64,64,0,169,136,33
"Yakima County","Yakima County, Washington","G5300770","5300770","11","53077","53","077",76909,69841,7068,45258,41706,3552,31651,28135,3516,65622,60308,5314,614,521,93,2309,1845,464,10222,8856,1366
"Barbour County","Barbour County, West Virginia","G5400010","5400010","11","54001","54","001",5913,5330,583,3819,3370,449,2094,1960,134,5864,5281,583,35,35,0,0,0,0,20,20,0
"Berkeley County","Berkeley County, West Virginia","G5400030","5400030","11","54003","54","003",20935,19333,1602,12202,11367,835,8733,7966,767,20191,18646,1545,618,568,50,0,0,0,78,71,7
"Boone County","Boone County, West Virginia","G5400050","5400050","11","54005","54","005",9846,9151,695,7294,6812,482,2552,2339,213,9679,8984,695,127,127,0,0,0,0,0,0,0
"Braxton County","Braxton County, West Virginia","G5400070","5400070","11","54007","54","007",4423,3814,609,2919,2486,433,1504,1328,176,4371,3770,601,28,22,6,0,0,0,8,1,7
"Brooke County","Brooke County, West Virginia","G5400090","5400090","11","54009","54","009",12577,11818,759,8216,7771,445,4361,4047,314,12438,11679,759,117,117,0,0,0,0,33,33,0
"Cabell County","Cabell County, West Virginia","G5400110","5400110","11","54011","54","011",44337,41224,3113,26377,24425,1952,17960,16799,1161,42434,39534,2900,1674,1490,184,47,42,5,217,217,0
"Calhoun County","Calhoun County, West Virginia","G5400130","5400130","11","54013","54","013",2825,2423,402,1841,1528,313,984,895,89,0,0,0,0,0,0,0,0,0,0,0,0
"Clay County","Clay County, West Virginia","G5400150","5400150","11","54015","54","015",3001,2599,402,2275,1953,322,726,646,80,0,0,0,0,0,0,0,0,0,65,59,6
"Doddridge County","Doddridge County, West Virginia","G5400170","5400170","11","54017","54","017",2594,2294,300,1708,1472,236,886,822,64,2589,2289,300,0,0,0,0,0,0,0,0,0
"Fayette County","Fayette County, West Virginia","G5400190","5400190","11","54019","54","019",18223,15858,2365,12163,10377,1786,6060,5481,579,17167,14927,2240,1008,887,121,0,0,0,213,163,50
"Gilmer County","Gilmer County, West Virginia","G5400210","5400210","11","54021","54","021",2992,2752,240,1767,1615,152,1225,1137,88,2980,2742,238,7,5,2,0,0,0,11,11,0
"Grant County","Grant County, West Virginia","G5400230","5400230","11","54023","54","023",3928,3599,329,2532,2317,215,1396,1282,114,3875,3560,315,50,36,14,0,0,0,36,33,3
"Greenbrier County","Greenbrier County, West Virginia","G5400250","5400250","11","54025","54","025",14534,13019,1515,9136,8187,949,5398,4832,566,13820,12408,1412,681,578,103,19,19,0,77,71,6
"Hampshire County","Hampshire County, West Virginia","G5400270","5400270","11","54027","54","027",5974,5627,347,3628,3437,191,2346,2190,156,5908,5569,339,51,43,8,0,0,0,38,38,0
"Hancock County","Hancock County, West Virginia","G5400290","5400290","11","54029","54","029",17085,15876,1209,11030,10336,694,6055,5540,515,16491,15385,1106,506,421,85,0,0,0,120,114,6
"Hardy County","Hardy County, West Virginia","G5400310","5400310","11","54031","54","031",4227,3963,264,2573,2415,158,1654,1548,106,4138,3884,254,84,74,10,0,0,0,46,46,0
"Harrison County","Harrison County, West Virginia","G5400330","5400330","11","54033","54","033",30391,28187,2204,18685,17219,1466,11706,10968,738,29894,27750,2144,378,336,42,33,20,13,481,435,46
"Jackson County","Jackson County, West Virginia","G5400350","5400350","11","54035","54","035",10174,9058,1116,6850,6036,814,3324,3022,302,10142,9026,1116,9,9,0,0,0,0,36,30,6
"Jefferson County","Jefferson County, West Virginia","G5400370","5400370","11","54037","54","037",13299,12297,1002,7899,7410,489,5400,4887,513,12174,11384,790,1066,868,198,0,0,0,58,58,0
"Kanawha County","Kanawha County, West Virginia","G5400390","5400390","11","54039","54","039",104176,97593,6583,61519,56778,4741,42657,40815,1842,97646,91639,6007,5722,5203,519,123,119,4,500,470,30
"Lewis County","Lewis County, West Virginia","G5400410","5400410","11","54041","54","041",7073,6664,409,4271,4017,254,2802,2647,155,7037,6628,409,31,31,0,0,0,0,8,8,0
"Lincoln County","Lincoln County, West Virginia","G5400430","5400430","11","54043","54","043",6861,5988,873,4964,4282,682,1897,1706,191,0,0,0,0,0,0,0,0,0,40,40,0
"Logan County","Logan County, West Virginia","G5400450","5400450","11","54045","54","045",16421,14442,1979,11212,9782,1430,5209,4660,549,15715,13870,1845,558,435,123,42,31,11,127,102,25
"Mcdowell County","Mcdowell County, West Virginia","G5400470","5400470","11","54047","54","047",13747,12072,1675,9634,8423,1211,4113,3649,464,12074,10648,1426,1625,1378,247,15,13,2,132,101,31
"Marion County","Marion County, West Virginia","G5400490","5400490","11","54049","54","049",25708,23677,2031,15722,14407,1315,9986,9270,716,24906,23047,1859,697,541,156,57,44,13,242,237,5
"Marshall County","Marshall County, West Virginia","G5400510","5400510","11","54051","54","051",16748,14798,1950,10656,9399,1257,6092,5399,693,16612,14671,1941,46,37,9,23,23,0,98,75,23
"Mason County","Mason County, West Virginia","G5400530","5400530","11","54053","54","053",10901,9741,1160,7224,6408,816,3677,3333,344,10833,9682,1151,34,34,0,0,0,0,44,44,0
"Mercer County","Mercer County, West Virginia","G5400550","5400550","11","54055","54","055",27772,25411,2361,17195,15652,1543,10577,9759,818,26049,23932,2117,1590,1346,244,0,0,0,185,170,15
"Mineral County","Mineral County, West Virginia","G5400570","5400570","11","54057","54","057",10344,9466,878,6813,6265,548,3531,3201,330,10005,9180,825,291,261,30,38,23,15,30,30,0
"Mingo County","Mingo County, West Virginia","G5400590","5400590","11","54059","54","059",10422,9362,1060,7385,6625,760,3037,2737,300,10084,9079,1005,308,253,55,0,0,0,50,39,11
"Monongalia County","Monongalia County, West Virginia","G5400610","5400610","11","54061","54","061",32386,30479,1907,18754,17471,1283,13632,13008,624,31243,29407,1836,652,614,38,47,41,6,205,191,14
"Monroe County","Monroe County, West Virginia","G5400630","5400630","11","54063","54","063",4815,4354,461,3034,2772,262,1781,1582,199,4758,4297,461,31,31,0,13,13,0,36,36,0
"Morgan County","Morgan County, West Virginia","G5400650","5400650","11","54065","54","065",4579,4231,348,2815,2616,199,1764,1615,149,4539,4199,340,30,24,6,0,0,0,13,5,8
"Nicholas County","Nicholas County, West Virginia","G5400670","5400670","11","54067","54","067",9610,8492,1118,6463,5618,845,3147,2874,273,9604,8492,1112,0,0,0,0,0,0,47,40,7
"Ohio County","Ohio County, West Virginia","G5400690","5400690","11","54069","54","069",26953,25366,1587,15909,14886,1023,11044,10480,564,26166,24658,1508,669,597,72,36,34,2,115,115,0
"Pendleton County","Pendleton County, West Virginia","G5400710","5400710","11","54071","54","071",3039,2843,196,1901,1762,139,1138,1081,57,2961,2765,196,0,0,0,0,0,0,34,34,0
"Pleasants County","Pleasants County, West Virginia","G5400730","5400730","11","54073","54","073",2983,2735,248,1991,1810,181,992,925,67,2971,2723,248,0,0,0,0,0,0,11,11,0
"Pocahontas County","Pocahontas County, West Virginia","G5400750","5400750","11","54075","54","075",3841,3507,334,2418,2209,209,1423,1298,125,3828,3494,334,7,7,0,0,0,0,37,29,8
"Preston County","Preston County, West Virginia","G5400770","5400770","11","54077","54","077",10878,9896,982,7221,6500,721,3657,3396,261,10795,9815,980,41,41,0,34,32,2,38,32,6
"Putnam County","Putnam County, West Virginia","G5400790","5400790","11","54079","54","079",15742,14141,1601,10459,9268,1191,5283,4873,410,15646,14045,1601,0,0,0,36,36,0,24,24,0
"Raleigh County","Raleigh County, West Virginia","G5400810","5400810","11","54081","54","081",30787,27957,2830,20055,17863,2192,10732,10094,638,28663,26048,2615,1975,1760,215,59,59,0,162,130,32
"Randolph County","Randolph County, West Virginia","G5400830","5400830","11","54083","54","083",11341,10404,937,7040,6364,676,4301,4040,261,11188,10264,924,120,107,13,0,0,0,126,120,6
"Ritchie County","Ritchie County, West Virginia","G5400850","5400850","11","54085","54","085",4382,4031,351,2755,2484,271,1627,1547,80,4370,4019,351,0,0,0,0,0,0,0,0,0
"Roane County","Roane County, West Virginia","G5400870","5400870","11","54087","54","087",5746,5115,631,3629,3147,482,2117,1968,149,5701,5077,624,0,0,0,39,32,7,25,25,0
"Summers County","Summers County, West Virginia","G5400890","5400890","11","54089","54","089",4862,4181,681,3150,2653,497,1712,1528,184,4724,4066,658,114,91,23,0,0,0,12,6,6
"Taylor County","Taylor County, West Virginia","G5400910","5400910","11","54091","54","091",6317,5557,760,3903,3404,499,2414,2153,261,6247,5495,752,41,41,0,14,6,8,23,23,0
"Tucker County","Tucker County, West Virginia","G5400930","5400930","11","54093","54","093",3182,2887,295,2012,1805,207,1170,1082,88,3182,2887,295,0,0,0,0,0,0,21,17,4
"Tyler County","Tyler County, West Virginia","G5400950","5400950","11","54095","54","095",4224,3885,339,2754,2503,251,1470,1382,88,4220,3883,337,0,0,0,0,0,0,23,23,0
"Upshur County","Upshur County, West Virginia","G5400970","5400970","11","54097","54","097",8858,8084,774,5618,5168,450,3240,2916,324,8827,8061,766,17,17,0,0,0,0,21,21,0
"Wayne County","Wayne County, West Virginia","G5400990","5400990","11","54099","54","099",16252,14632,1620,10683,9509,1174,5569,5123,446,16207,14587,1620,21,21,0,0,0,0,35,35,0
"Webster County","Webster County, West Virginia","G5401010","5401010","11","54101","54","101",3472,2928,544,2345,1997,348,1127,931,196,3470,2926,544,0,0,0,0,0,0,5,3,2
"Wetzel County","Wetzel County, West Virginia","G5401030","5401030","11","54103","54","103",8326,7483,843,5627,5074,553,2699,2409,290,8271,7433,838,0,0,0,0,0,0,12,12,0
"Wirt County","Wirt County, West Virginia","G5401050","5401050","11","54105","54","105",1763,1596,167,1182,1060,122,581,536,45,1758,1591,167,0,0,0,0,0,0,0,0,0
"Wood County","Wood County, West Virginia","G5401070","5401070","11","54107","54","107",40332,37299,3033,24336,22360,1976,15996,14939,1057,39915,36949,2966,336,269,67,0,0,0,142,142,0
"Wyoming County","Wyoming County, West Virginia","G5401090","5401090","11","54109","54","109",10955,9942,1013,8123,7366,757,2832,2576,256,10841,9842,999,86,72,14,0,0,0,50,29,21
"Adams County","Adams County, Wisconsin","G5500010","5500010","11","55001","55","001",5306,4635,671,3158,2756,402,2148,1879,269,5258,4594,664,15,13,2,21,18,3,13,11,2
"Ashland County","Ashland County, Wisconsin","G5500030","5500030","11","55003","55","003",6808,6157,651,3863,3388,475,2945,2769,176,6383,5821,562,0,0,0,388,299,89,15,15,0
"Barron County","Barron County, Wisconsin","G5500050","5500050","11","55005","55","005",17112,16029,1083,9946,9249,697,7166,6780,386,17006,15943,1063,0,0,0,57,45,12,48,46,2
"Bayfield County","Bayfield County, Wisconsin","G5500070","5500070","11","55007","55","007",5610,5095,515,3394,3000,394,2216,2095,121,5245,4788,457,0,0,0,350,294,56,18,16,2
"Brown County","Brown County, Wisconsin","G5500090","5500090","11","55009","55","009",84078,78690,5388,48847,45567,3280,35231,33123,2108,82697,77590,5107,155,155,0,886,645,241,335,288,47
"Buffalo County","Buffalo County, Wisconsin","G5500110","5500110","11","55011","55","011",6408,5932,476,3994,3677,317,2414,2255,159,6401,5925,476,0,0,0,0,0,0,0,0,0
"Burnett County","Burnett County, Wisconsin","G5500130","5500130","11","55013","55","013",4676,4144,532,2874,2481,393,1802,1663,139,4529,4037,492,0,0,0,144,104,40,0,0,0
"Calumet County","Calumet County, Wisconsin","G5500150","5500150","11","55015","55","015",15162,14266,896,8943,8399,544,6219,5867,352,15095,14201,894,0,0,0,29,29,0,34,26,8
"Chippewa County","Chippewa County, Wisconsin","G5500170","5500170","11","55017","55","017",22355,20280,2075,13396,11929,1467,8959,8351,608,22261,20202,2059,0,0,0,51,38,13,33,33,0
"Clark County","Clark County, Wisconsin","G5500190","5500190","11","55019","55","019",14101,13096,1005,8530,7808,722,5571,5288,283,14050,13052,998,0,0,0,35,28,7,43,37,6
"Columbia County","Columbia County, Wisconsin","G5500210","5500210","11","55021","55","021",20429,18931,1498,11877,10942,935,8552,7989,563,20313,18837,1476,19,19,0,26,26,0,70,57,13
"Crawford County","Crawford County, Wisconsin","G5500230","5500230","11","55023","55","023",7243,6741,502,4372,4064,308,2871,2677,194,7223,6721,502,0,0,0,0,0,0,8,6,2
"Dane County","Dane County, Wisconsin","G5500250","5500250","11","55025","55","025",178136,169658,8478,96016,90846,5170,82120,78812,3308,173205,165173,8032,2385,2095,290,332,306,26,1417,1289,128
"Dodge County","Dodge County, Wisconsin","G5500270","5500270","11","55027","55","027",34810,32830,1980,20610,19566,1044,14200,13264,936,34590,32634,1956,18,13,5,47,36,11,219,200,19
"Door County","Door County, Wisconsin","G5500290","5500290","11","55029","55","029",11562,10762,800,6884,6443,441,4678,4319,359,11438,10656,782,0,0,0,62,44,18,55,53,2
"Douglas County","Douglas County, Wisconsin","G5500310","5500310","11","55031","55","031",19374,17404,1970,11614,10177,1437,7760,7227,533,19099,17166,1933,45,39,6,201,170,31,25,21,4
"Dunn County","Dunn County, Wisconsin","G5500330","5500330","11","55033","55","033",15171,14062,1109,8671,7968,703,6500,6094,406,15045,13947,1098,53,44,9,0,0,0,45,45,0
"Eau Claire County","Eau Claire County, Wisconsin","G5500350","5500350","11","55035","55","035",37615,34806,2809,20632,18912,1720,16983,15894,1089,37306,34552,2754,69,44,25,103,85,18,60,49,11
"Florence County","Florence County, Wisconsin","G5500370","5500370","11","55037","55","037",1679,1499,180,1032,917,115,647,582,65,1668,1488,180,0,0,0,0,0,0,0,0,0
"Fond Du Lac County","Fond Du Lac County, Wisconsin","G5500390","5500390","11","55039","55","039",42565,39707,2858,24549,22751,1798,18016,16956,1060,42272,39437,2835,38,38,0,63,63,0,250,212,38
"Forest County","Forest County, Wisconsin","G5500410","5500410","11","55041","55","041",3273,2933,340,1998,1748,250,1275,1185,90,3112,2775,337,9,9,0,143,140,3,0,0,0
"Grant County","Grant County, Wisconsin","G5500430","5500430","11","55043","55","043",23313,22255,1058,13766,13045,721,9547,9210,337,23197,22145,1052,61,55,6,0,0,0,52,45,7
"Green County","Green County, Wisconsin","G5500450","5500450","11","55045","55","045",14864,13990,874,8753,8196,557,6111,5794,317,14837,13967,870,0,0,0,0,0,0,31,26,5
"Green Lake County","Green Lake County, Wisconsin","G5500470","5500470","11","55047","55","047",8388,7895,493,4906,4589,317,3482,3306,176,8345,7865,480,0,0,0,0,0,0,76,69,7
"Iowa County","Iowa County, Wisconsin","G5500490","5500490","11","55049","55","049",9291,8698,593,5589,5197,392,3702,3501,201,9251,8670,581,0,0,0,8,5,3,27,20,7
"Iron County","Iron County, Wisconsin","G5500510","5500510","11","55051","55","051",2589,2282,307,1571,1326,245,1018,956,62,2554,2249,305,0,0,0,0,0,0,0,0,0
"Jackson County","Jackson County, Wisconsin","G5500530","5500530","11","55053","55","053",7281,6599,682,4435,3964,471,2846,2635,211,7120,6493,627,4,4,0,147,93,54,0,0,0
"Jefferson County","Jefferson County, Wisconsin","G5500550","5500550","11","55055","55","055",31956,30366,1590,18591,17669,922,13365,12697,668,31635,30064,1571,42,38,4,50,44,6,315,279,36
"Juneau County","Juneau County, Wisconsin","G5500570","5500570","11","55057","55","057",8853,8206,647,5172,4767,405,3681,3439,242,8762,8125,637,7,7,0,53,46,7,38,32,6
"Kenosha County","Kenosha County, Wisconsin","G5500590","5500590","11","55059","55","059",59625,55280,4345,34844,32119,2725,24781,23161,1620,57441,53495,3946,1236,1009,227,226,176,50,1387,1115,272
"Kewaunee County","Kewaunee County, Wisconsin","G5500610","5500610","11","55061","55","061",9028,8536,492,5400,5050,350,3628,3486,142,9017,8525,492,0,0,0,0,0,0,25,25,0
"La Crosse County","La Crosse County, Wisconsin","G5500630","5500630","11","55063","55","063",45751,43245,2506,24800,23239,1561,20951,20006,945,45342,42871,2471,65,65,0,142,120,22,197,187,10
"Lafayette County","Lafayette County, Wisconsin","G5500650","5500650","11","55065","55","065",8064,7634,430,4932,4698,234,3132,2936,196,8033,7605,428,0,0,0,0,0,0,35,35,0
"Langlade County","Langlade County, Wisconsin","G5500670","5500670","11","55067","55","067",8160,7412,748,4877,4369,508,3283,3043,240,8121,7381,740,0,0,0,23,15,8,31,26,5
"Lincoln County","Lincoln County, Wisconsin","G5500690","5500690","11","55069","55","069",11774,10637,1137,6874,6105,769,4900,4532,368,11746,10609,1137,0,0,0,10,10,0,20,13,7
"Manitowoc County","Manitowoc County, Wisconsin","G5500710","5500710","11","55071","55","071",40000,37656,2344,23132,21583,1549,16868,16073,795,39663,37406,2257,54,46,8,145,114,31,223,155,68
"Marathon County","Marathon County, Wisconsin","G5500730","5500730","11","55073","55","073",53172,49163,4009,31213,28629,2584,21959,20534,1425,52875,48908,3967,12,12,0,160,136,24,74,53,21
"Marinette County","Marinette County, Wisconsin","G5500750","5500750","11","55075","55","075",16091,14650,1441,9601,8776,825,6490,5874,616,16027,14599,1428,0,0,0,29,23,6,36,22,14
"Marquette County","Marquette County, Wisconsin","G5500770","5500770","11","55077","55","077",4838,4374,464,2956,2656,300,1882,1718,164,4785,4331,454,14,11,3,18,13,5,43,33,10
"Menominee County","Menominee County, Wisconsin","G5500780","5500780","11","55078","55","078",1048,917,131,674,556,118,374,361,13,0,0,0,0,0,0,929,821,108,0,0,0
"Milwaukee County","Milwaukee County, Wisconsin","G5500790","5500790","11","55079","55","079",478184,450851,27333,262911,245831,17080,215273,205020,10253,410315,391857,18458,57550,49612,7938,2456,2171,285,11522,10423,1099
"Monroe County","Monroe County, Wisconsin","G5500810","5500810","11","55081","55","081",15339,14268,1071,8883,8186,697,6456,6082,374,15190,14125,1065,0,0,0,88,83,5,40,40,0
"Oconto County","Oconto County, Wisconsin","G5500830","5500830","11","55083","55","083",12159,10800,1359,7349,6565,784,4810,4235,575,12094,10757,1337,0,0,0,50,31,19,16,16,0
"Oneida County","Oneida County, Wisconsin","G5500850","5500850","11","55085","55","085",13749,12435,1314,7958,7088,870,5791,5347,444,13660,12359,1301,0,0,0,69,60,9,19,13,6
"Outagamie County","Outagamie County, Wisconsin","G5500870","5500870","11","55087","55","087",61157,57333,3824,36291,34135,2156,24866,23198,1668,60409,56685,3724,29,29,0,534,449,85,223,198,25
"Ozaukee County","Ozaukee County, Wisconsin","G5500890","5500890","11","55089","55","089",34468,32757,1711,20412,19400,1012,14056,13357,699,34072,32375,1697,215,215,0,68,64,4,170,160,10
"Pepin County","Pepin County, Wisconsin","G5500910","5500910","11","55091","55","091",3236,3036,200,1948,1816,132,1288,1220,68,3224,3026,198,0,0,0,0,0,0,0,0,0
"Pierce County","Pierce County, Wisconsin","G5500930","5500930","11","55093","55","093",14999,14126,873,8762,8206,556,6237,5920,317,14895,14034,861,26,20,6,36,36,0,84,76,8
"Polk County","Polk County, Wisconsin","G5500950","5500950","11","55095","55","095",14035,13000,1035,8381,7673,708,5654,5327,327,13949,12918,1031,0,0,0,69,65,4,18,15,3
"Portage County","Portage County, Wisconsin","G5500970","5500970","11","55097","55","097",26960,24947,2013,15512,14221,1291,11448,10726,722,26685,24713,1972,34,27,7,48,48,0,138,95,43
"Price County","Price County, Wisconsin","G5500990","5500990","11","55099","55","099",6070,5428,642,3788,3393,395,2282,2035,247,6054,5414,640,0,0,0,12,10,2,0,0,0
"Racine County","Racine County, Wisconsin","G5501010","5501010","11","55101","55","101",84330,79169,5161,49018,46154,2864,35312,33015,2297,77166,72904,4262,5660,4924,736,139,122,17,2754,2410,344
"Richland County","Richland County, Wisconsin","G5501030","5501030","11","55103","55","103",8105,7498,607,4866,4431,435,3239,3067,172,8062,7464,598,8,5,3,0,0,0,12,10,2
"Rock County","Rock County, Wisconsin","G5501050","5501050","11","55105","55","105",66916,56965,9951,38968,31777,7191,27948,25188,2760,64331,54906,9425,2066,1586,480,157,142,15,348,285,63
"Rusk County","Rusk County, Wisconsin","G5501070","5501070","11","55107","55","107",6470,5695,775,3890,3384,506,2580,2311,269,6448,5682,766,0,0,0,6,0,6,7,4,3
"St. Croix County","St. Croix County, Wisconsin","G5501090","5501090","11","55109","55","109",20762,19555,1207,12291,11578,713,8471,7977,494,20666,19469,1197,0,0,0,42,37,5,56,53,3
"Sauk County","Sauk County, Wisconsin","G5501110","5501110","11","55111","55","111",20701,19073,1628,11923,10867,1056,8778,8206,572,20565,18973,1592,0,0,0,69,50,19,59,59,0
"Sawyer County","Sawyer County, Wisconsin","G5501130","5501130","11","55113","55","113",4939,4326,613,2889,2478,411,2050,1848,202,4456,3941,515,0,0,0,467,377,90,0,0,0
"Shawano County","Shawano County, Wisconsin","G5501150","5501150","11","55115","55","115",15472,14335,1137,9335,8571,764,6137,5764,373,15042,14006,1036,0,0,0,420,321,99,44,42,2
"Sheboygan County","Sheboygan County, Wisconsin","G5501170","5501170","11","55117","55","117",49840,47280,2560,28863,27529,1334,20977,19751,1226,49503,46979,2524,25,25,0,102,81,21,407,376,31
"Taylor County","Taylor County, Wisconsin","G5501190","5501190","11","55119","55","119",8198,7273,925,4897,4302,595,3301,2971,330,8184,7260,924,0,0,0,0,0,0,14,9,5
"Trempealeau County","Trempealeau County, Wisconsin","G5501210","5501210","11","55121","55","121",11659,10760,899,7020,6402,618,4639,4358,281,11626,10743,883,0,0,0,16,4,12,25,19,6
"Vernon County","Vernon County, Wisconsin","G5501230","5501230","11","55123","55","123",11631,10878,753,7074,6467,607,4557,4411,146,11609,10856,753,0,0,0,0,0,0,25,25,0
"Vilas County","Vilas County, Wisconsin","G5501250","5501250","11","55125","55","125",6682,5802,880,3824,3269,555,2858,2533,325,6260,5459,801,0,0,0,394,319,75,26,22,4
"Walworth County","Walworth County, Wisconsin","G5501270","5501270","11","55127","55","127",34727,32478,2249,19884,18451,1433,14843,14027,816,34132,31960,2172,150,125,25,111,105,6,505,431,74
"Washburn County","Washburn County, Wisconsin","G5501290","5501290","11","55129","55","129",5208,4628,580,3048,2618,430,2160,2010,150,5159,4598,561,0,0,0,39,20,19,0,0,0
"Washington County","Washington County, Wisconsin","G5501310","5501310","11","55131","55","131",42044,39594,2450,24632,23083,1549,17412,16511,901,41819,39390,2429,23,23,0,89,84,5,226,211,15
"Waukesha County","Waukesha County, Wisconsin","G5501330","5501330","11","55133","55","133",142774,136327,6447,85256,81146,4110,57518,55181,2337,140787,134451,6336,411,399,12,247,225,22,1843,1713,130
"Waupaca County","Waupaca County, Wisconsin","G5501350","5501350","11","55135","55","135",18825,17573,1252,11193,10395,798,7632,7178,454,18717,17469,1248,0,0,0,40,38,2,104,104,0
"Waushara County","Waushara County, Wisconsin","G5501370","5501370","11","55137","55","137",7651,6918,733,4651,4151,500,3000,2767,233,7580,6861,719,0,0,0,12,10,2,84,73,11
"Winnebago County","Winnebago County, Wisconsin","G5501390","5501390","11","55139","55","139",65134,61278,3856,37206,34901,2305,27928,26377,1551,64516,60755,3761,128,99,29,200,170,30,229,219,10
"Wood County","Wood County, Wisconsin","G5501410","5501410","11","55141","55","141",33430,30635,2795,19530,17733,1797,13900,12902,998,33170,30433,2737,0,0,0,150,121,29,102,88,14
"Albany County","Albany County, Wyoming","G5600010","5600010","11","56001","56","001",13867,13198,669,7985,7533,452,5882,5665,217,13139,12546,593,103,80,23,74,74,0,855,792,63
"Big Horn County","Big Horn County, Wyoming","G5600030","5600030","11","56003","56","003",5138,4938,200,3273,3172,101,1865,1766,99,5019,4829,190,0,0,0,22,17,5,178,163,15
"Campbell County","Campbell County, Wyoming","G5600050","5600050","11","56005","56","005",12876,12517,359,8452,8230,222,4424,4287,137,12659,12308,351,0,0,0,114,114,0,210,199,11
"Carbon County","Carbon County, Wyoming","G5600070","5600070","11","56007","56","007",10346,10006,340,6876,6662,214,3470,3344,126,9566,9267,299,10,10,0,94,94,0,997,965,32
"Converse County","Converse County, Wyoming","G5600090","5600090","11","56009","56","009",6880,6594,286,4444,4279,165,2436,2315,121,6734,6460,274,0,0,0,70,64,6,314,306,8
"Crook County","Crook County, Wyoming","G5600110","5600110","11","56011","56","011",2380,2279,101,1576,1516,60,804,763,41,2366,2267,99,0,0,0,0,0,0,3,3,0
"Fremont County","Fremont County, Wyoming","G5600130","5600130","11","56013","56","013",18276,17429,847,11409,10807,602,6867,6622,245,16619,15982,637,33,33,0,1292,1133,159,445,400,45
"Goshen County","Goshen County, Wyoming","G5600150","5600150","11","56015","56","015",5367,5153,214,3316,3194,122,2051,1959,92,5184,4999,185,0,0,0,0,0,0,296,266,30
"Hot Springs County","Hot Springs County, Wyoming","G5600170","5600170","11","56017","56","017",2611,2543,68,1519,1472,47,1092,1071,21,2527,2463,64,0,0,0,61,57,4,26,26,0
"Johnson County","Johnson County, Wyoming","G5600190","5600190","11","56019","56","019",3042,2922,120,1901,1808,93,1141,1114,27,2996,2883,113,0,0,0,0,0,0,40,40,0
"Laramie County","Laramie County, Wyoming","G5600210","5600210","11","56021","56","021",32002,30309,1693,18044,17039,1005,13958,13270,688,29923,28424,1499,651,599,52,273,246,27,2650,2385,265
"Lincoln County","Lincoln County, Wyoming","G5600230","5600230","11","56023","56","023",5045,4744,301,3410,3239,171,1635,1505,130,4888,4614,274,0,0,0,73,56,17,164,133,31
"Natrona County","Natrona County, Wyoming","G5600250","5600250","11","56025","56","025",38068,36727,1341,23605,22824,781,14463,13903,560,36796,35500,1296,167,167,0,460,452,8,1186,1124,62
"Niobrara County","Niobrara County, Wyoming","G5600270","5600270","11","56027","56","027",1299,1278,21,816,805,11,483,473,10,1297,1276,21,0,0,0,0,0,0,0,0,0
"Park County","Park County, Wyoming","G5600290","5600290","11","56029","56","029",10484,10078,406,6252,6049,203,4232,4029,203,10287,9886,401,0,0,0,35,35,0,282,271,11
"Platte County","Platte County, Wyoming","G5600310","5600310","11","56031","56","031",5599,5343,256,3803,3648,155,1796,1695,101,5461,5221,240,0,0,0,35,35,0,246,220,26
"Sheridan County","Sheridan County, Wyoming","G5600330","5600330","11","56033","56","033",11680,11198,482,7201,6924,277,4479,4274,205,11491,11016,475,19,12,7,50,50,0,202,194,8
"Sublette County","Sublette County, Wyoming","G5600350","5600350","11","56035","56","035",2095,2039,56,1380,1344,36,715,695,20,2085,2029,56,0,0,0,0,0,0,14,14,0
"Sweetwater County","Sweetwater County, Wyoming","G5600370","5600370","11","56037","56","037",20307,19524,783,13587,13193,394,6720,6331,389,19489,18738,751,177,177,0,125,117,8,1402,1358,44
"Teton County","Teton County, Wyoming","G5600390","5600390","11","56039","56","039",5855,5396,459,3375,3073,302,2480,2323,157,5799,5349,450,0,0,0,0,0,0,83,83,0
"Uinta County","Uinta County, Wyoming","G5600410","5600410","11","56041","56","041",5868,5739,129,3971,3872,99,1897,1867,30,5750,5621,129,0,0,0,42,42,0,184,184,0
"Washakie County","Washakie County, Wyoming","G5600430","5600430","11","56043","56","043",4470,4298,172,2816,2724,92,1654,1574,80,4173,4045,128,0,0,0,18,18,0,318,270,48
"Weston County","Weston County, Wyoming","G5600450","5600450","11","56045","56","045",3207,3122,85,2067,2014,53,1140,1108,32,3188,3103,85,0,0,0,9,9,0,27,27,0
